00000000000000000000000011111111111111111111111111111111111111111111111111111111111111111111111111111111111111111111111111111111
10000000000000000000000000000000000000000000000000000000000000000000000000000000000000000000000000000000000000000000000000000001
10000000000000000000000000000000000000000000000000000000000000000000000000000000000000000000000000000000000000000000000000000001
10000000000000000000000000000000000000000000000000000000000000000000000000000000000000000000000000000000000000000000000000000001
10000000000011000000000000000000000000111110000000000111000000001100000000000000000000000111000000000000111100000000000000000001
10000000000111000000000000000000000011100011100000000011000000001100010000000000000000000011000000000001100101100000000000000001
10000000000111000000000000000000000011000001100000000011000000000000110000000000000000000011000000000001100001100000000000000001
10000000001011000000000000000000000110000000110111011011011100011101111100011110000000000011000001110011111011111000000000000001
10000000010011000000000000000000000110000000110011101011101110001100110000110010000000000011000010011001100001100000000000000001
10000000100011000000000000000000000110000000110011000011000110001100110000111000000000000011000111111001100001100000000000000001
10000000111111100000000000000000000110000000110011000011000110001100110000011100000000000011000110000001100001100000000000000001
10000000000011000000000000000000000011000001100011000011000110001100110000001110000000000011000110000001100001100000000000000001
10000000000011000000000000000000000011100011100011000011001100001100110000100110000000000011000111000001100001100000000000000001
10000000000111100000000000000000000000111110000111100111111000011110011110111100000000000111100011111011110000111100000000000001
10000000000000000000000000000000000000000000000000000000000000000000000000000000000000000000000000000000000000000000000000000001
10000000000000000000000000000000000000000000000000000000000000000000000000000000000000000000000000000000000000000000000000000001
10000000000000000000000000000000000000000000000000000000000000000000000000000000000000000000000000000000000000000000000000000001
10000000000000000000000000000000000000000000000000000000000000000000000000000000000000000000000000000000000000000000000000000001
10000000000000000000000000000000000000000000000000000000000000000000000000000000000000000000000000000000000000000000000000000001
10000000000000000000000000111000011000000000000111111100000000000000000000000000000000000000111111100000000000111001110000000001
10000001100000000000000000011000011001100000000011000100000000000001000000000000000000000000011001110000000000011000110000000001
10000001100000000000000000011000000001100000000011000000000000000011000000000000000000000000011000110000000000011000110000000001
10000011111000011110000000011000111011111000000011000000111101110111110011101100111100000000011000100001111000011000110000000001
10000001100000110011000000011000011001100000000011111100011000100011000001110101000110000000011111000010001100011000110000000001
10000001100001100001100000011000011001100000000011000000001101000011000001100000000110000000011000110000001100011000110000000001
10000001100001100001100000011000011001100000000011000000000110000011000001100000001110000000011000011000011100011000110000000001
10000001100001100001100000011000011001100000000011000000001011000011000001100000110110000000011000011001101100011000110000000001
10000001100000110011000000011000011001100000000011000010011001100011000001100001100110000000011000111011001100011000110000000001
10000000111100011110000000111100111100111100000111111110111011110001111011110001111111000000111111100011111110111101111000000001
10000000000000000000000000000000000000000000000000000000000000000000000000000000000000000000000000000000000000000000000000000001
10000000000000000000000000000000000000000000000000000000000000000000000000000000000000000000000000000000000000000000000000000001
11111111111111111111111111111111111111111111111111111111111111111111111111111111111111111111111111111111111111111111111111111111
