00000000000000000000000000000000000000000000000000000000000000000000000000000000000000000000000000000000000000000000000000000000
00000000000000000000000000000000000000000000000000000000000000011200000000000000000000000000000000000000000000000000000000000000
00000000000000000000000000000000000000000000000000000000000000333000000000000000000000000000000000000000000000000000000000000000
00000000000000000000000000000000000000000000000000000000000000330000000000000000000000000000000000000000000000000000000000000000
00000000000000000000000000000000000000000000000000000000000000330000000000002000000000000000000000000000000000000000000000000000
00000000000000000000000000000000000000000000000000000000030000330000333300003000000000000000000000000000000000000000000000000000
00000000000000000000000000000000000000000000000000000000230000330000333300003000000000000000000000000000000000000000000000000000
00000000000000000000000000000000000000000000000000000002330000330000023000003332000000000000000000000000000000000000000000000000
00000000000000000000000000000000002321000000000000000013330000330000000000003333000000000000000000000000000000000000000000000000
00000000000000000000000000000000133333200000000000000023330000330000000000000112100000000000000000000000000000000000000000000000
00000000000000000000000000000000133333320000000000000033330000333000000000022100100000000000000000000000000000000000000000000000
00000000000000000000000000000000233223330000000000000233330000333300000000033332000000000000000000000000000000000000000000000000
00000000000000000000000000000000222212330000000000111333330000333333000000333330000000000000000000000000000000000000000000000000
00000000000000000000000000000000122112330000000001223333330000333330000003333300000000000000000000000000000000000000000000000000
00000000000000000000000000000000011112320000000000000000330000333300000033333000000000000000000000000000000000000000000000000000
00000000000000000000000000000000001112210000000000000000330000333000000333330000000000000000000000000000000000000000000000000000
00000000000000000000000000000000000112210000000000000000320000233000003333320000000000000000000000000000000000000000000000000000
00000000000000000000000000122221111011210000000000000000220000333000033333330000000000000000000000000000000000000000000000000000
00000000000000000000000002223332102122211112101011023233223333333333333333333233330000000000000000000000000000000000000000000000
00000000000000000000000122123322201111000000100001023232233333332233333333333223320000000000000000000000000000000000000000000000
00000000000000000000000121122221001100000001000001022222233333333233332333333223310000000000000000000000000000000000000000000000
00000000000000000000000121011211001000000001101121112222223333333233332333333223300000000000000000000000000000000000000000000000
00000000000000000000000121001111001100011111111222222222223333333233332333333223200000000000000000000000000000000000000000000000
00000000000000000000000111000001001111121122212221221222222333333333333333333233000000000000000000000000000000000000000000000000
00000000000000000000000000000000000000000011111110100022222223333333333233332232000000000000000000000000000000000000000000000000
00000000000000000000000000000000000000000000000000000012222323333333333233322330000000000000000000000000000000000000000000000000
00000000000000000000000000000000000000000000000000000001222323233333323333233320000000000000000000000000000000000000000000000000
00000000000000000000000000000000000000000000000000000000122332233323222233333310000000000000000000000000000000000000000000000000
00000000000000000000000000000000000000000000000000000000012222133232232333332100000000000000000000000000000000000000000000000000
00000000000010000100001001000100010000101000000000001000000222222222222233320000001001010010100001000000000010000000000000000000
00000000000010000111101001000100011110100100000000001000000012222222222222100000001110010010111101111000000010000000000000000000
00000000000000000000000000000000000000000000000000000000000000012222221100000000000000000000000000000000000000000000000000000000
