00000000000000000000000000000000000000000000000000000000000000000000000000000000000000000000000000000000000000000000000000000000
00000000000000000000000000000000000000000000000000000000000000000000000000000000000000000000000000000000000000000000000000000000
00000000000000000000000000000000000000000000000000000000000000000000000000000000000000000000000000000000000000000000000000000000
00000000000000000000000000000000000000000000000000000000000000000000000000000000000000000000000000000000000000000000000000000000
00000000000330000003300000033000000330000003300000033000000330000003300000033000000330000003300000333300033330000000000000000000
00000000003333000033330000333300003333000033330000333300003333000033330000333300003333000033330003333330033333000000000000000000
00000000003333000033330000333300003333000033330000333300003333000033330000333300003333000033330003300330033033000000000000000000
00000000003303000033030000330300003303000033030000330300003303000033030000330300003303000033030003300330033033300000000000000000
00000000003303000033030000330300003303000033030000330300003303000033030000330300003303000033030000333300033003300000000000000000
00000000003303000033030000330300003303000033030000330300003303000033030000330300003303000033030000333300033003300000000000000000
00000000003303000033030000330300003303000033030000330300003303000033030000330300003303000033030003300330033033300000000000000000
00000000033333300333333003333330033333300333333003333330033333300333333003333330033333300333333003300330033033000000000000000000
00000000033333300333333003333330033333300333333003333330033333300333333003333330033333300333333003333330033333000000000000000000
00000000033003300330033003300330033003300330033003300330033003300330033003300330033003300330033000333300033330000000000000000000
00000000000000000000000000000000000000000000000000000000000000000000000000000000000000000000000000000000000000000000000000000000
00000000011111100111111001111110011111100111111001111110011111100111111001111110011111100111111001111110011111100000000000000000
00000000011111100111111001111110011111100111111001111110011111100111111001111110011111100111111001111110011111100000000000000000
00000000000000000000000000000000000000000000000000000000000000000000000000000000000000000000000000000000000000000000000000000000
00000000000000000000000000000000000000000000000000000000000000000000000000000000000000000000000000000000000000000000000000000000
00000000000000000000000000000000000000000000000000000000000000000000000000000000000000000000000000000000000000000000000000000000
00000000000000000000000000000000000000000000000000000000000000000000000000000000000000000000000000000000000000000000000000000000
00000000000000000000000000000000000000000000000000000000000000000000000000000000000000000000000000000000000000000000000000000000
00000000000000000000000000000000000000000000000000000000000000000000000000000000000000000000000000000000000000000000000000000000
00000000000000000000000000000000000000000000000000000000000000000000000000000000000000000000000000000000000000000000000000000000
00000000000000000000000000000000000000000000000000000000000000000000000000000000000000000000000000000000000000000000000000000000
00000000000000000000000000000000000000000000000000000000000000000000000000000000000000000000000000000000000000000000000000000000
00000000000000000000000000000000000000000000000000000000000000000000000000000000000000000000000000000000000000000000000000000000
00000000000000000000000000000000000000000000000000000000000000000000000000000000000000000000000000000000000000000000000000000000
00000000000000000000000000000000000000000000000000000000000000000000000000000000000000000000000000000000000000000000000000000000
00000000000000000000000000000000000000000000000000000000000000000000000000000000000000000000000000000000000000000000000000000000
00000000000000000000000000000000000000000000000000000000000000000000000000000000000000000000000000000000000000000000000000000000
00000000000000000000000000000000000000000000000000000000000000000000000000000000000000000000000000000000000000000000000000000000
