00000000000000000000000000000000000000000000000000000000100000000000000000000000000000000000000000000000000000000000000000000000
00000000000000000000000000033000000033333000000330000001110033333000033333333330100033333000000000003333300000003333300000033000
00000000000000000000000000333000000333333300003330000000100333333300033333333330000333333300100000033333330000033333330000333000
00000000000000000000000003333000003330003330033330000000003330003330000000003300003330003330110000333000333000333000333003333000
00000000000000000000000000033000003300000330000330000000003300000330000000003300003300000330100000330000033000330000033000033000
00000000000000000000000000033000003300000330000330000000003300000330000000033000003300000330000000330000033000000000033000033000
00000000000000000000000000033000000000000330000330000000000000000330000000033000000000000330000000000000033000000000033000033000
00000000000001000000000000033000000001000330000330000010000000000330000000330000000000000330000000000000033000000000330000033000
00000000000000000000000000033000000000003300000330000000000010003300000000330000000000003300000000000000330000000033330000033000
00000000000000000000000000033000000000003300000330000000000000003300000003300000000000003300000000000000330000000033330000033000
00000000000000000000000000033000000000033000000330000000000000033000000003300000000000033000000000000003300000000000333000033000
00000000000000000000000000033000000000330000000330000000000000330000000033000000100000330000000000000033000000000000033000033000
00000000000000000000000000033000000003300000100330000000100003300000000033000000010003300000000000000330000000000000033000033000
00000000000000000000000000033000000033000000010330000000000033000010100330000000000033000000100000003300000003300000033000033000
00000000000000000000000000033000000330000000000330000000000330000000000330000000000330000000000000033000000003330000333000033000
00000000000000000000000000033000003333333330000330000330003333333330003300000000003333333330033000333333333000333333330000033000
00000000000000000000000000033000033333333330000330000330033333333330033300000000033333333330033003333333333000003333300000033000
00000000000001000000000000000000000000000000000000100000000000000000000000100000000000000000000000000000000000000000000000000000
00000000000010000000000000000000000000001000000001000000001000000010000100000000000000000000000000000000000000000100000000000000
00000000000000000000000000000000000000000000000000000000000000100000000000000000000000000000000000000000000000000000000000000000
00000000000000000000000010000000000000000000000000000000001000000000000000000000000000000000000000000000000000000000000000000000
00000000000000000000000000000000100000000000000000000000000000000000100000100001000000000000000000000000000000000000000000000000
00000000000000000000000000000000000000000000000000000000000000100000000000000000000000000000000000000000000000000000000000000000
00000000000000000000000000000000000000000000000000000000100000000000000100000000000000000000000000000000000000000000000000000000
10000000000000000000000000000000000000000000000000100000000000000000000000000000000000000000000000000000000000000000000000000000
11000000000033300300000330030003033330333000000000003000000000000000000000000000003330003300300003000000000030000000000000000001
10000000000030030300003003003030030000300300000000033000000000000000000000000000003003030030300003000000000330000000000000000000
00000000000030030300003003000300030000300300000000003000000000000010000000000000003330030030300003000000000030000000000000000000
00000000000033300300003333000300033300333000000000003000000000000000000000000000003003033330300003000000000030000000000000000000
00000000000030000300003003000300030000303000000000003000000000010000000000000000003003030030300003000000000030100000000000000000
00000000000030000333303003000300033330300300000100003000000000000000000000010000003330030030333303333000000030000000000000000000
00000000000000000000000000000000000000000000000000000000000000000000000000100000000000000000000000000000000000000000000000000000
