00000000000000000000000000000000000000000000000000000000000000000000000000000000000000000000000000000000000000000000000000000000
00000000000000000000000000000000000000000000000000000000000000000000000000000000000000000000000000000000000000000000000000000000
00000000000000000000000000000000000000000000000000000000000000000000000000000000000000000000000000000000000000000000000000000000
00000000000000000000000000000000000000000000000000000000000000000000000000000000000000000000000000000000000000000000000000000000
00000000000000000000000000000000000000000000000000000000000000000000000000000000000000000000000000000000000000000000000000000000
00000000000000000000000000000000000000000000000000000000000000000000000000000000000000000000000000000000000000000000000000000000
00000000000000000000000000000000000000000000000000000000000000000000000000000000000000000000000000000000000000000000000000000000
03333333333330000000000000000000033333000000000000000000003333333333333330000000000000000000000000000000000000000000000000000000
00133331113333300000000000000000003333100000000000000000000133331111113331000000000000000000000300000000000000000000000000000000
00033331000333310000000000000000003333100000000000000000000033331000000331000000000000000000003310000000000000000000000000000000
00033331000033330000000000000000003333100000000000000000000033331000000031000000000000000000003310000000000000000000000000000000
00033331000033331000000000000000003333100000000000000000000033331000300031000000000000000000033310000000333333333333333333333333
33300001333300001333333333333333330000133333333333333333333300001333013331333333333333333330000013333333333333333333333333333333
33300001333000011333330000003333330000133333000000333333333300001330013333330000003000003300000000033000003300033333300000033333
33300001330000113333300011000333330000133300311100033333333300001300013333333000011300111331000011113300001000003330031110003333
33300000000001133333000113300033330000133000133300003333333300000000013333333300003301133333000013333300000300001300013330000333
33300001110000033333000133300013330000133000033300001333333300001100013333333300001031333333000013333300001130011300003330000133
33300001333100003330000133300003330000133300113300001333333300001330013333333330000313333333000013333300001333113330011330000133
33300001333300000330000133300001330000133331130000001333333300001333013333333333000033333333000013333300001333333333113000000133
33300001333300000130000133300001330000133333003100001333333300001333013333333333000013333333000013333300001333333333300310000133
33300001333300000130000133300001330000133300011300001333333300001333313330333333000003333333000013333300001333333330001130000133
33300001333300000133000133300001330000133000013300001333333300001333333330133330300001333333000013333300001333333300001330000133
33300001333000001133000133300011330000133000013000001333333300001333333300133330130000333333000013033300001333333300001300000133
33300001330000011333300033000113330000133000000300000333333300001333330001133003130000033333000000313300001333333300000030000033
30000000000001113333330000001133300000033300001130001133330000000000000001330000030000003333310001133000000333333330000113000113
33111111111111333333333111111333331111113331111333111333333111111111111111333111113111111333333111333311111133333333111133311133
33333333333333333333333333333333333333333333333333333333333333333333333333333333333333333333333333333333333333333333333333333333
33333333333333333333333333333333333333333333333333333333333333333333333333333333333333333333333333333333333333333333333333333333
33333333333333333333333333333333333333333333333333333333333333333333333333333333333333333333333333333333333333333333333333333333
33333333333333333333333333333333333333333333333333333333333333333333333333333333333333333333333333333333333333333333333333333333
33333333333333333333333333333333333333333333333333333333333333333333333333333333333333333333333333333333333333333333333333333333
33333333333333333333333333333333333333333333333333333333333333333333333333333333333333333333333333333333333333333333333333333333
