00000000000000000000000000000000000000000000000000000000000000000000000000000000000000000000000000000000000000000000000000000000
00000000000000000000000000000000000000000000000000000000000000000000000000000000000000000000000000000000000000000000000000000000
00000000000000000000000000000000000000000000000000000000000000000000000000000000000000000000000000000000000000000000000000000000
00000000000000000000000000000000000000000000000000000000000000000000000000000000000000000000000000000000000000000000000000000000
00000000000000000000000000000000000000000000000000000000000000000000000000000000000000000000000000000000000000000000000000000000
00000000000000000000000000000000000000000000000000000000000000000000000000000000000000000000000000000000000000000000000000000000
00000000000000000000000000000000000000000000000000000000000000000000000000000000000000000000000000000000000000000000000000000000
00000000000000000000000000000000000000000000000000000000000000000000000000000000000000000000000000000000000000000000000000000000
00000000000000000000000000000000000000000000000000000000000000000000000000000000000000000000000000000000000000000000000000000000
00000000000000000000000000000000000000000000000000000000000000000000000000000000000000000000000000000000000000000000000000000000
00000000000000000000000000000000000000000000000000000000000000000000000000000000000000000000000000000000000000000000000000000000
00000000000000000000000000000000000000000000000000000000000000000000000000000000000000000000000000000000000000000000000000000000
00000000000000000000000000000000000000000000000000000000000000000000000000000000000000000000000000000000000000000000000000000000
00000000000000000000000000000000000000000000000000000000000000000000000000000000000000000000000000000000000000000000000000000000
00000000000000000000000000000000000000000000000000000000000000000000000000000000000000000000000000000000000000000000000000000000
00000000000000000000000000000000000000000000000000000000000000000000000000000000000000000000000000000000002222223300003333333300
00000000000000000000000000000000000103330211122203302003333300333000333330030333333333300330033333333330000033333000000333333000
00000000000000000000000000122221110100000221222200002300000002233330000000230000000000000000000000000000000000000000000000000000
00000000000000000000000012223332111122111111110110322222333333233333333333313332000000000000000000000000000000000000000000000000
00000000000000000000000122123322111111000001000010222322333333323333223333322332000000000000000000000000000000000000000000000000
00000000000000000000000221122221010000000000000000222222333333323333233333322331000000000000000000000000000000000000000000000000
00000000000000000000000120012211010000000001001211122222333333323333233333322330000000000000000000000000000000000000000000000000
00000000000000000000000110001110011000111122112221122222333333323333233333322310000000000000000000000000000000000000000000000000
00000000000000000000000110000000011111211211122222212222233333323323333333323300000000000000000000000000000000000000000000000000
00000000000000000000000000000000000000000011111010100022223333332223323333223200000000000000000000000000000000000000000000000000
00000000000033300300000330030003033330333000000000003022232233332222323332233000003330003300300003000000000030000000000000000000
00000000000030030300003003003030030000300300000000033012222332222222233322332000003003030030300003000000000330000000000000000000
00000000000030030300003003000300030000300300000000003001222222222222233333330000003330030030300003000000000030000000000000000000
00000000000033300300003333000300033300333000000000003000122212222222223333210000003003033330300003000000000030000000000000000000
00000000000030000300003003000300030000303000000000003000012212222222222221000000003003030030300003000000000030000000000000000000
00000000000030000333303003000300033330300300000000003000001122222222222210000000003330030030333303333000000030000000000000000000
00000000000000000000000000000000000000000000000000000000000001122211110000000000000000000000000000000000000000000000000000000000
