00000000011111101111111001111100011111100000000000111100011111001100011001111110001110000011110001111110011111000111110000000000
00000000011111101111111011111110011111100000000001111110111111101110011001111110011111000111111001111110111111101111111000000000
00000000000110001100000011100000000110000000000011000110110001101111011000011000111011101100011000011000110001101110000000000000
00000000000110001111100001111100000110000000000011000000110001101111111000011000110001101100000000011000110001100111110000000000
01111100000110001100000000001110000110000000000011100110110001101101111000011000111111101110011000011000110001100000111001111100
00000000000110001111111011111110000110000000000001111110111111101100111000011000110001100111111000011000111111101111111000000000
00000000000110001111111001111100000110000000000000111100011111001100011000011000110001100011110000011000011111000111110000000000
00000000000000000000000000000000000000000000000000000000000000000000000000000000000000000000000000000000000000000000000000000000
00000000000000000000000000000000000000000000000000000000000000000000000000000000000000000000000000000000000000000000000000000000
00111100011111001100011000110000000000000011110003333000000000000000000000000000000000000000000000000000000000000000000000000000
01111110111111101110011000110000000000000111111033333300000000000000000000000000000000000000000000000000000000000000000000000000
11000110110001101111011000000000000000001100011033003330000000000000000000000000000000000000000000000000000000000000000000000000
11000000110001101111111000000000000000001100000003333330000000000000000000000000000000000000000000000000000000000000000000000000
11100110110001101101111000000000000000001110011000003330000000000000000000000000000000000000000000000000000000000000000000000000
01111110111111101100111000110000000000000111111003333300000000000000000000000000000000000000000000000000000000000000000000000000
00111100011111001100011000110000000000000011110003333000000000000000000000000000000000000000000000000000000000000000000000000000
00000000000000000000000000000000000000000000000000000000000000000000000000000000000000000000000000000000000000000000000000000000
00000000000000000000000000000000000000000000000000000000000000000000000000000000000000000000000000000000000000000000000000000000
00000000000000000000000000000000000000000000000000000000000000000000000000000000000000000000000000000000000000000000000000000000
33333300033333003300000000333000000000003333333033000330333333303333330000333000000000000000000000000000000000000000000000000000
33333330333333303300000003333300000000003333333033000330333333303333333003333300000000000000000000000000000000000000000000000000
33003330330003303300000033303330000000003300000033000330330000003300033033303330000000000000000000000000000000000000000000000000
33333300330003303300000033000330000000003333300033000330333330003300333033000330000000000000000000000000000000000000000000000000
33003330330003303300000033333330000000003333300033303330330000003333300033333330000000000000000000000000000000000000000000000000
33333330333333303333330033000330000000003300000033333330333333303303330033000330000000000000000000000000000000000000000000000000
33333300033333003333330033000330000000003300000003333300333333303300333033000330000000000000000000000000000000000000000000000000
00000000000000000000000000000000000000000000000000000000000000000000000000000000000000000000000000000000000000000000000000000000
00000000000000000000000000000000000000000000000000000000000000000000000000000000000000000000000000000000000000000000000000000000
00000000000000000000000000000000000000000000000000000000000000000000000000000000000000000000000000000000000000000000000000000000
00000000000000000000000000000000000000000000000000000000000000000000000000000000000000000000000000000000000000000000000000000000
00000000000000000000000000000000000000000000000000000000000000000000000000000000000000000000000000000000000000000000000000000000
00000000000000000000000000000000000000000000000000000000000000000000000000000000000000000000000000000000000000000000000000000000
