00000000000000000000000000000000000000000000000000000000000000000000000000000000000000000000000000000000000000000000000000000000
00111111111100000333333003300030003333300003330003333001033333300333300110033300033333301033330103300030001111111111111100000000
00011111111111110333333003300030033333300033333003333300033333300333330000333330033333300333333003300030000111111111111110000000
00011111111111110003300003330030033300000333033003303330000330000330333003330330000330000330033003330030000111111111111111000000
00001111110001111103300003333030033300110330000003300330110330000330033003300000100330000330033003333030000001111110001111100000
00001111110000111103300003333330033330010330111103303330010330000330333003300111100330000330033003333330000001111110000111110000
00001111110000111103300003333330003333000330111103333300000330000333330003300111110330000330033003333330000001111110000011110000
00001111110000111103300003303330000033300330000003333000000330000333300003300000110330000330033003303330000001111110000011111000
00001111110000110003300003300330000033300333033003303300000330000330000003330330000330000330033003300330000001111110000011111000
00001111110000110333333003300030033333300033333003303330033333300330110000333330033333300333333003300030000001111110000001111100
00001111110000110333333003300030033333000003330003300330033333300330110000033300033333301033330003300030000001111110000001111100
00001111110000110000000000000000000000000000000100000000000000000000100000000001000000001100000000000000000001111110000001111110
00001111110001111111000001111110011100000000001110000000000000011111100000000011111100001111110001111111000001111110000001111110
00001111110001111111000000010000111100000033300100333000000000011111100000000011111100001111110001111110000001111110000001111110
00001111110011111110000003010301110000000300030103000300000000011111100000000011111100001111110011111110000001111110000001111110
00001111111111111110000003010301110330000300030103000300000000011111100000000011111110001111111111111100000001111110000001111110
00001111111111111000000003000301110330000300030103000300000000011111100000000011111110001111111111111000000001111110000001111110
00001111111111110000000000333000010000000033300100333000000000011111100000000011111110001111111111110000000001111110000001111110
00001111111111110000000000000300000000000000030110000300000000011111100000000011111110001111111111110000000001111110000001111110
00001111110111111000000001110300000330000011030110000300000000011111100000000011000000000000000000000000000000001110000001111110
00001111110111111000000001110300000330000001030110000300000000011111100000000011003333000333333000333300000333001110000001111110
00001111110011111100000001110000000000010001000110000000000000001111100000000011033333300333333003333330003333301110000011111110
00000000000010001000000001111110000100010101111110000000000000001000000000000011033003300003300003300330033303301110000011111110
03333330330003300033333001111110000100111000111110000000000100001033300000330011033003300003300003300330033000001110000011111100
03333330330003300333333003333300333333003333333033333330000100000033300000330111033003300003300000333300033000001110000011111100
00000330330003303330000033303330330033303300033033000330001111000003300000000111033003300003300000333300033033301110000111111100
00000330330003303300333033000330330003303300033033003330011110000003300000001111033003300003300003300330033003301110001111111000
33003330333033303330033033333330330033303300033033333000111100000003301000000111033003300003300003300330033303301110011111111000
33333330333333300333333033000330333333003333333033033300111100000003301100330111033333300333333003333330003333301111111111110000
03333300033333000033333033111330333330010333330033103330111000000003301110330111003333000333333000333300000333001111111111100000
00000001000000001000000000111000000000110000000000110000100000000000001110000100000000000000000000000000000000001111111110000000
00000000000000000000000000000000000000000000000000000000000000000000000000000000011111100111111001111110011111100000000000000000
