00000000000000000000000000000000000000000000000000000000000000000000000000000000000000000000000000000000000000000000000000000000
00000000000000000000000000000000000000000000000000000000000000011000000000000000000000000000000000000000000000000000000000000000
00000000000000000000000000000000000000000000000000000000000000003000000000000000000000000000000000000000000000000000000000000000
00000000000000000000000000000000000000000000000000000000000000000000000000000000000000000000000000000000000000000000000000000000
00000000000000000000000000000000000000000000000000000000003000000000033000002000000000000000000000000000000000000000000000000000
00000000000000000000000000000000000000000000000000000000033300000000033000003000000000000000000000000000000000000000000000000000
00000000000000000000000000000000000000000000000000000000033301100111000011103000000001100000000000000110000000000110000001111000
00000000000000000000000000000000000000000000110000000002333001100011111111003332000001100000000000000110000000001100000011011000
00000000000000000000000000000000002321000011110000000013333011002001111110023333000011000000000000001100000000111100000011011000
00000000000000000000000000000000133333200011110000000023330011030011111111000112100011000000000000001100000000111100000110011000
00000000000000000000000000000000133333320000111000000033300110030111100111102100100110000000000000011000000000001110001110011000
00000000000000000000000000000000233223330000011000000233001100330111000011103332001100000000000000110000000000000110011100011000
00000000000000000000000000000000222200000000011000111330011003330110033001103330011000000000000001100000000000000110011111111110
00000000000000000000000000000000122101100000011001223300110033330110033001103300110000000000000011000000011000000110011111111110
00000000000000000000000000000000011101110000111000003001100000000111000011103001100000000000000110000000011100001110000000011000
00000000000000000000000000000000001100111111110001100011111111100011111111000011111111100110001111111110001111111100000000011000
00000000000000000000000000000000000110001111100201100111111111103001111110020111111111100110011111111110000011111000000000011000
00000000000000000000000000122221111011200000002200000000000000003300000000330000000000000000000000000000000000000000000000000000
00000000000000000000000002223332102122211112101011023233223333333333333333333233330000000000000000000000000000000000000000000000
00000000000000000000000122123322201111000000100001023232233333332233333333333223320000000000000000000000000000000000000000000000
00000000000000000000000121122221001100000001000001022222233333333233332333333223310000000000000000000000000000000000000000000000
00000000000000000000000121011211001000000001101121112222223333333233332333333223300000000000000000000000000000000000000000000000
00000000000000000000000121001111001100011111111222222222223333333233332333333223200000000000000000000000000000000000000000000000
00000000000000000000000111000001001111121122212221221222222333333333333333333233000000000000000000000000000000000000000000000000
00000000000000000000000000000000000000000011111110100022222223333333333233332232000000000000000000000000000000000000000000000000
00000000000011100100000110010001011110111000000000001012222323333333333233322330001110001100100001000000000110000000000000000000
00000000000010010100001001001010010000100100000000011001222323233333323333233320001001010010100001000000001001000000000000000000
00000000000010010100001001000100010000100100000000001000122332233323222233333310001110010010100001000000000010000000000000000000
00000000000011100100001111000100011100111000000000001000012222133232232333332100001001011110100001000000000001000000000000000000
00000000000010000100001001000100010000101000000000001000000222222222222233320000001001010010100001000000001001000000000000000000
00000000000010000111101001000100011110100100000000001000000012222222222222100000001110010010111101111000000110000000000000000000
00000000000000000000000000000000000000000000000000000000000000012222221100000000000000000000000000000000000000000000000000000000
