00000000000000000000000000000000000001110000000000000000100000000000000000000000001000000000000000000000000000000000000000000000
00000000000000000000000000000000000000100000000033333000000000003333300000000000300000033000000000033000000033333000000033330000
00000000000000000000000000000000000000000000000333333300000000033333330010000003300000333000000000333000000333333300000333333000
00000000000000000000000001000000000000000000003330003330000000333000333001000003300003333000001003333000003330003330003300003300
00000000000000000000000000000000000000000000003300000330000000330000033000000033300000033000000000033000003300000330033000000330
00000000000000000000000000000000000000000000000000000330000000330000033000000033300000033000000000033000003300000330033000000330
00000000001000000000000000000000000000000000000000000330000000000000033000000333300001033000000000033000000000000330033000000330
00000000000100000000000000000000000100000000000000003300000010000000033000003303300000033000000000033000000000000330033000000330
00000000000000000000000000000000000000000000000000333300000001000000330000003303300000033000000000033000000000003300033000000330
00000000000000000000000000000000000000000000000000333300000000000000330000033003300000033000000000033000100000003300033000000330
00000000000000000000000000000000000000000000000000003330000000000003300000333003300000033000000000033001000000033000033000000330
00000000000000000000000000000000000000000000000000000330000000000033000003330003300000033000000000033000000000330000033000000330
00000000000000000000000000000000000000000000000000000330101000000330000003333333333000033000000000033000000003300000033000000330
00000000000000000000000000000000000000000001033000000330000001003300000103333333333000033000001000033000000033000000033000000330
00000000000000000000000000000000000000000000033300003330000000033000000000000003300000033000000000033000000330000000003300003300
00000000000000000000000000000000000000000000003333333300033000333333333000000003300000033000033000033000003333333330000333333000
00000000000000000000000000000000000000000000000033333000033003333333333000000003300001033000033000033000033333333330100033330000
00000000001000000000000000000000000000000000000000000000000000000000000000001000000000000000000000000000000000000000110000000000
00000000011100000000000000000000000000010000000000000000001000100000000000000000000000000000000000000000000000000000100000000000
00000000001000000000000000000000000000000000000000000000000000000001000000000000000000000000000000000000000000000000000000000000
00000000000000000000001000000000000000000000000000000000000000000000000000000000000000000000000000000000000000000000000000000000
00000000000000000000000000000000000000000000000000000000000000000000100000000000010000000000000000000000000000000000000000000000
00000000000000000000000000000001000000000000000000000000000000010000000000000000000000000000000000000000000000000000000000000000
00000000000000000000000000000000000000000000000001000000100000100000000100000000000000000000000000000000000000000000000000000000
00000000000000000000000000000000000000000000000000000001000000000000000010000000000000000000000000000000000000000000000000000000
00000000000000330300300330003300333000330033300001003000000000000000000000000000000333000330030000033000000030000000000000000000
00000000000000030300303003030030300303003030030000033000000000000000000000000000000300303003030000300300000330000000000000000000
00000000000000030300303000030030300303003030030000003000000000000000000000000000000333003003030000300300000030000000000000000000
00000000000000030300303033033330300303003033330000003000000000000001000000000000000300303003030000333300000030000000000000000000
00000000000030030300303003030030300303003030300000003000000000000000000000000000000300303003030000300300000030000000000000000000
00000000000003300033000330030030333000330030030000003000000000100000000000000000000333000330033330300300000030001000000000000000
00000000000000000000000000000000000000000000000100000000000000000000000000010000000000000000000000000000000000011100000000000000
