00000000000000000000000000000000000000000000000000000000000000000000000000000000000000000000000000000000000000000000000000000000
00000000000000000000000000000000000000000000000000000000000000000000000000000000000000000000000000000000000000000000000000000000
00000000000000000000000000000000000033333000003333000000333330000333333300033333330000000000000000000000000000000000000000000000
00000000000000000000000000000000000331111100033111100003311111000311111110031111111000000000000000000000003300003300003300003300
00000000000000000000000001000000330000000000330000010330000003300330000003300330000003300000033000000330033000000330033000000330
00000000000000000000000000100003300000000003300000100330000003300330000003300330000003300000033000000330033000000330033000000330
00000000000000000000000000000003300000000003300000000333000033300330000003300330100003300000033000000330033000000330033000000330
00000000000000000000000000000033000000000033000000000033333333000330010003300330010003300000033000000330033000000330033000000330
00000000000000000000000000000033000000000033000000000003333330000330000003300330100003300000033000000330033000000330033001000330
00000000000000000000000000000330000000000330000000000033333333000330000003300330000003300000033000000330033000000330033011100330
00000000000000000000000000000330000000000330000000000333300333300330000003300330000003300010033000000330033000000330033001000330
00000000000101000000000000003300000000003300000000000333000033300330001003300330000003300100033000000330033000000330033000000330
00000000000010000000000000003300000000003300000000000330000003300330000003300330000003300000033000000330033000000330033000000330
00000000000000000000000000033000000010033000000000000330000003300330000003300330000003300000033000000330033000000330033000000330
00000000000000000000000000033000000000033000000000000333000033300033000033000033000033000000003300003300003300003300003300003300
00000000000000000000000000330000000000330000000003300033333333000003333330001003333330000330000333333000000333333000000333333000
00000000000000000000000003330000000003330000000003300003333330000000333300000000333300000330000033330000000033330000000033330000
00000000000000000000000000000000000000000000000000000000000000000000000000000000000000000000001000000000000000000000000000000000
00000000000000000000000000000000000000000000000000000000000000000000001000100000010000000000000000000000000000000000000000000000
00000000000000000000000000000000100000000000100000000000100100000000100000000000000000000000000000000000000000000000000000000000
00000000000000000000000000000001000000000000010000000000000000000000000000000000010000000000000000000000000000000000000000000000
00000000000000000000000000000000100000000000000000000000000000000000000000000000000000000000000000000000000000000000000000000000
00000000100000000000000000000000000000000000000000000000000000000000000000000000000000000000000000000000000000000000000000000000
00000001110000000000000000000000000000000000000000000000010000010000000000000000000000000000000000000000000000000000000000000000
00000000100000000000000000000000000000000000000000000000000000000000000010000000000000000000000000000000000000000000000000000000
00000000000033300300000330030003033330333000000000003000000000000000000100000000103330003300300003000000000030000000000000000000
00000000000030030300003003003030030000300300000000033000000000010000000000000000003003030030300003000000000330000000000000000000
00000000000030030300003003000300030000300300000000003010000000001000000000000000003330030030300003000000000030000000000000000000
00000000000033300300003333000300033300333000010000003011000000000000000000010000003003033330300003000000000030000000000000000000
00000000000030000300003003000300030000303000111000003010000000000000000000001000003003030030300003000000000030000000000000000000
00000000000030000333303003000300033330300300010000003000000000000000000000000000003330030030333303333001000030000000000000000000
00000000000000000000000000000000000000000000000000000000000000000000000000000000000000000000000000000010000000000010000000000000
