00000000000100000000000000000000000000001000000000000000000000000000100000000000000000000000000000000000000000000000000000000000
00000000000000000000000000000000000000000100000000000000000000000001000000000000003330000033300000333000003330000033300000000000
00000000000000000000000000000000000000000000000000000000000000000000000000000000000003000300000103000000000003000300030000000000
00000000000000000000000000000000000000000000000000000000000000000000000000000000000003000300001103000000000003000300030000000000
00000000000000000000000001000000000000000000000000010000000000000000000000000000000003000300000103000000000003000300030000000000
00000000000000000000000000100000000000000000000000100000000000000000000000000000000000000033300000333000003330000033300000000000
00000000000000000000000000000000000000000000000000000000000000000000000000000000100003000300030000000300000003000000030000000000
00000000000000000000000000000000000000000000000000000000000000000000010000000000010003000300030000000300000003000000030000000000
00000000000000000000000000000000000000000000000000000000000000000100000000000000100003000300030000000300000003000000030001000000
00000000000000000000000000000000000000000000000000000000000000000000000000000000000000000033300000333000003330000000000011100000
00000000000000000000000000000000000000000000000000000000001000100000000000000000000000000000003000000000000000000000000001000000
00000000000101000000000000000000000000000000000000000000000000000000001000000000000000000100000000000000000000000000000000000000
00000000000010000000000000000000000000000000000000000000000000000000000000000000000000000000000000000000000000000000000000000000
00000000000000000000000000000000000010000000000000000000000100010000100000000000000000000000000000000000000100000000000000000000
00000000000000000000000000000000000001000000000000000000000000000010000000010000000000000000000000000000001110000000000000000000
00000000000000000000000000000000000000000000000000000000000000000000000000001000000000000000000000000000000100000000000000000000
00000000000000000000000000000000000000000000000000000000000001000000000000000000000000000000000000000000000000000000000000000000
00000000000000000000000000000000000000000000000000000000000000000000000000000000000000000000001000000000000000000000000000000000
00000000000000000000000000000000000000000000000000000000000000000000001000100000010000000000000000000000000000000000000000000000
00000000000000000000000000000000100000000000100000000000100100000000100000000000000000000000000000000000000000000000000000000000
00000000000000000000000000000001000000000000010000000000000000000000000000000000010000000000000000000000000000000000000000000000
00000000000000000000000000000000100000000000000000000000000000000000000000000000000000000000000000000000000000000000000000000000
00000000100000000000000000000000000000000000000000000000000000000000000000000000000000000000000000000000000000000000000000000000
00000001110000000000000000000000000000000000000000000000010000010000000000000000000000000000000000000000000000000000000000000000
00000000100000000000000000000000000000000000000000000000000000000000000010000000000000000000000000000000000000000000000000000000
00000000000033300300000330030003033330333000000000003000000000000000000100000000103330003300300003000000000030000000000000000000
00000000000030030300003003003030030000300300000000033000000000010000000000000000003003030030300003000000000330000000000000000000
00000000000030030300003003000300030000300300000000003010000000001000000000000000003330030030300003000000000030000000000000000000
00000000000033300300003333000300033300333000010000003011000000000000000000010000003003033330300003000000000030000000000000000000
00000000000030000300003003000300030000303000111000003010000000000000000000001000003003030030300003000000000030000000000000000000
00000000000030000333303003000300033330300300010000003000000000000000000000000000003330030030333303333001000030000000000000000000
00000000000000000000000000000000000000000000000000000000000000000000000000000000000000000000000000000010000000000010000000000000
