00000000000000000000000000000000000000000000000000000000000100000000100000000000000000000000000000000000000000000000000000000000
00000000000000000000000000000000000000000000000000000000000000000000000000000000100000000000000000000000000033330000000033330000
00000000000010000000000000000000000000000000100000000000000000000000000000000000000000000000000010000000000333333000000333333000
00000000000000000000000000000100000000000000000000000000000000010000000000000000000000000000000000000000003300003300003300003300
00000001000000000000000000000000000000000000000000000000000000000000000000000000000000001000000000000000033000100330033000000330
00000000000000000000000000000000000000000000000000000000000000000000000000000000000000000000000000000000033000000330033000000330
00000000000000000000000000000000000000000000000000000000000000000000000010000000000000000000000000000000033000000330033000000330
00000000000000000000000000000000000000001000000000000000000000000001000000000001000000000000000000000000033000000330033000000330
00000000000000010000000000000000000000000000000000001000000000010000000000000000000000000000000000100000033000000330033000000330
00000000000000000000000000000000100000000000001000000000100000000000000000000000000000000000000000000000033000000330033000000330
00000000000000000000000000000000000000000000000000000000000010000000100000000000000000000000000000000000033000000330033000000330
00000000000000000000000000000000000000000000000000000000000000000000000000000000000001000000000000000000033000000330033000000330
00000000000000000000000000000000000000000100000000010000010000000000000000000000000000000000000000000000033000000330033000000330
00000000000000000000000100000000000000000000000000000000000001001001000000000001000000000000000000000000033000000330033000000330
00000000000000000000000000000000000000000000000000000000000000000000000000100000000000000000000000000000003300003300003300003300
00000000000000000000000000000000100000000000000000000010000100000000010000000000000000000001000000000000010333333000000333333000
00000000000000001000000000000000000000000000000000000000000000000000000000000000000000000000000000000000000033330000000033330000
00000000000010000000000000000000000000010000000000000000000000000100000010000000000000000000000000000000000000000000000000000000
00000000000000000000000000000000000000000000000000000000000001000000000000000000000000000000000000000000000000000000000000000000
00000000000000000000000000000000000000000000000000000010000000000010000000000000000000000000000000000000000000000000000000000000
00000000000000000000000010000000000000000000000000000000000000000000000000000000000000000000000000000000000000000000000000000000
00001000000000000000000000000000000000000000000010000000000000001000000000000000000000000000000000000000000000000000000000000000
00000000000000000000000000000000000000000001000000000000100001000000000000000000000000000000000000000000000000000000000000000000
00000000000000000000000000000000001000000000000000001000000000000000010000000000000000000100000000000000000000000000100000000000
00000000000000000000000000000000000000000000000000000000000000000100000000000000000000000000000000000000000000000000000000000000
00000000000033300300000330030003033330333000000000003000000000100000000000000000003330003300300003000000000030000000000000000000
00000000000030030300003003003030030000300300000000033000001000000000000000000000003003030030300003000000000330000000000000000000
00000000000030030300003003000300030000300300000010003000000000000000000000000000003330030030300003000000000030000000000000000000
00000000100033300300003333000300033300333000000000003000000000000000001000000100003003033330300003000000000030000000000000000000
00000000000030000300003003000300030000303000100000003001000000000001000000000000003003030030300003000000000030000010000000000100
00000000000030000333303003000300033330300300000000003000000000000000000000000000003330030030333303333000000030000000000000000000
00000000000000000000000000000000000000000000000000000000000000000000000000000000000000000000000000000000000000000000000000000000
