11111111111100011100001111100000001111111110001111111110000000010000000000001110000001111111110000000011111000000111111111100011
11111111111111111003301111003333300111111100301111111100333333010333333333301100333300111111100333333001110033330011111111003011
11111111111111110033301110033333330011111103301111111103333333010333333333301003333330011111103333333301100333333001111111033011
11111111111111110333301110333000333000111003301111111103300000010000000033000033300333001111003300003300003300003300111110033011
11111111111111110003301110330010033000111033301111111103301121111111110033010330000003301111033001100330033001000330101110333011
11111111111111111103301110330110033000010033301111111003300000111111110330010330111103301111033001100330033011110330001100333011
11111111111111111103300010000110033000100333301111111033333330111111100330110330111103301111033300003330033011110330001003333011
11111111111111111003303201111110033001103303301111111033333330011111103300110330011003301111003333333300033011110330011033033011
11111111101111111103302331111110330000003303301111111033000033001111003301110333000033301111100333333001033011110330110033033011
10011111101110110203302233111100330110033003301111111000011003301111033001110033333333001111003333333300033001110330100330033011
00111111111110001303303233301003300000333003301111111111111103301110033011111003333333011111033330033330033011110330003330033011
01111111112110011203303233320033001003330003300011111111111103301110330011111100003330011111033300003330033011110330033300033000
01111111112211001203303223300330011103333333333011111000011003301100330111111111003300111111033000100330033011110330033333333330
00111111001111000103303333003300111103333333333011110030000033001103300111111110033001101111033000000330033001100330033333333330
10111111001111000003303330033000000000000003300000000333000333011003301111111100330011100000033300003330003300003300000000033000
11111111111111000003303300333333333011000003300003300033333330010033001111111003300111110330003333333300100333333001111100033011
11111111111110100003302303333333333001000003300003300003333300010333011111111033001111110330100333333001110033330011111000033011
11111111111110100000003300000000000000100000000000000000000000010000011111111000011111110000110000000011111000000111111101000011
11111111111101110000033333323200000000000000000000100001000000000000000111111111100111111110111111111111111111111111111101111000
11111111111100111010022333333100000000000000000000010000100000000000000001111111100001111110111111111111111111111110110001101000
11111111111100022110022333221000000000000000000000000000000000000000000001111111100000011110001111111111111111011100100000010000
11111111110012112210023332000000000000000000000000000000000000000000000000111111100000001010000100111111001110001100100000000000
11111111101122110110022320000000000000000000000000000000010000000000000000001111110000000000000101011110000111001100000000000000
00111111012221001111000000000000000000000000000000000000000000000000000000000100011000000000000001101111111111011100000000000000
00111111022200000000000000000000000000000000000000000000000000000000000000000000000000000000000000000000000000000000000000000000
10111111022000330300300330003300333000330033300000003000000000000000000000000000033000300300003000033303030333033000300000000000
11111111101000030300303003030030300303003030030000033000000000000000000000000000030303030300030300030003030030030303030000000000
10012211000000030300303000030030300303003030030000003000000000000000000000000000033003030300030300030000300030030303030000000000
10002221000000030300303033033330300303003033330000003000000000000000000000000000030303030300033300033000300030033303330111000000
00001211100030030300303003030030300303003030300000003000000000000000000000000000030303030300030300030003030030033003030111100000
10000111110003300033000330030030333000330030030000003000000000000000000000000000033300300333030300033303030030030303030111100000
10000111111000000000000000000000000000000000000000000000000000000000000000000000000000000000000000000000000000000000000010000001
