12222333333333332333333333333333210012110100001222000001111122221000011002332232111122100000000000000001133223223322322322332100
12222333333333333333333333333333321012221000001222002100111123221010011001232111111233321100000000000012232223322222332222333200
12232333333333333333333333333333322223333221000232113200101112322100012122100000111233333332220000000122232323333333222232233200
12222333333333333333333333333333333333333332221233223321101101222211002221000210111132211232232001221222222322233333322222223200
12222333333333333333333333333333333333333333332333333332211101123222111110000210111122100111022001333333322222232333332223223200
12222223333333333333333333333333333333333333333333333333322110112333222210001110111112110000011001232233321111233223333222223200
12223233333333333333333333333333333333333333333333333333333310001122233322112222111012210001001010221112120111122222333322223200
12232333333333333333333333333333333333333333333333333333333310000012333333333333211101221001000120121110010001111232233332223200
12222333333333333333333333333333333333333333333323223333333320000001233333333333333210122211100100122111001101101122222333222200
12222233333333333333333333333333333333333333333223222223333310000000233333333333333320001122221022102211000000000112222333322200
12222233333333333333333333333333333222222333333223222233333200000000233333333222233332000012333233221122210000000101321233322200
12223333333333333000000000000000000000000000000122121122222101110010233333333211222231000002333333333111232221000001231233332100
12222233333333330033300333330033300333300333330111111111101111111111222223322222222220001012333322323110233333200000132123332200
12222233333333330300030003000300030300030003000111111111110011111111112223211111111111001013333311222220233322221000022123333100
12222223333333330300000003000300030300030003002221222222222212222222232333211111100011000122112211211121233212211000022123333100
12222223333333330033300003000300030333300003003322322333333223333322232333222222210011222232111111111133111000000000023123333100
12222223333333330000030003000333330303000003003333323333332233333333233333333333322233333232222222222332000000000000013113333100
12222223333333330000030003000300030300300003003333323333333333333333333333333333333333333333333333333332000000000000013123333100
12222223333333330300030003000300030300030003003333322223333333333333333323333233333333333332222333333221000000000000013123333100
12222223333333320033300003000300030300003003003322221222333333333333333322212122333333333321101333333100000000000000022123333100
12222223333333322000000000000000000000000000001111000111333333333333333331000001233333333331000233333320000000000000022123332100
12222223333333322233333333333333333333333333321000000000233333333333333332000000133333333332100023333331000000000000121123332100
11222233333333322233333333333333333333333333332000000000133333333333333333200000023333333333200013333333100000000000131123332100
12222333333333322233333333333333333333333333333200100000013333333333333333320000002333333333320002333333200000000001221233322100
11122333333300000000000000000000000000000000003321000000002333333333333333331000001000000000000000000033320000000001212233222100
12222332233000330300300330003300333000330033300331003000001333333333333333333100010333000330030000033003330030000012112332122100
12222333333000030300303003030030300303003030030332033000000133333333333333333200010300303003030000300302210330000122122322112100
12223333333000030300303000030030300303003030030333003000000023333333333333333311010333003003030000300301100030001221223222122100
12223233333000030300303033033330300303003033330333303010000012333333333333333331000300303003030000333301110030012212222212122200
12223223333030030300303003030030300303003030300333303000000011233333333333333320000300303003030000300301111030121222222222112200
12223333333003300033000330030030333000330030030333303011000011133333333333333210000333000330033330300302121030222222222222222200
12222333322200000000000000000000000000000000003333300000000011233333333322222100000000000000000000000001221000222222222222222200
