00000000000000000000000000000000000000000000000000000000322222222222222211112233333333333333332112000233333332000000000000000000
00333000000000000000030003000300000003000300030000000000222222222222221000000123333333333333333322100123333331000000000000000000
00333000000000000000303030303030000030303030300000000000222222222222100000000001232333333333333333210012333200000000000000000000
00033000000000000000003030303030000030303030303000000000222222222221000000000000133233333333333333321002322100000000000000000000
00033000000000000000030030303030000030303030333000000000222222222210000000000000013323323333333333333112111100000000000000000000
00033000000000000000300030303030000030303030003000000000222222222200000000000000002322332333333333333221012100000000000000000000
00033000000000000000333003000300030003000300003000000000222222222100000000000000000332332233333333333331023100000000000000000000
00033000000000000000000000000000000000000000000000000000321122222000000000000000000232232123333333333332223211112211001110000000
00000000000000000000000000000000000001000000000000133333221111112000000000000000000032233112332333322211233322333333223332210000
00000000000000000000000000000000000000000000000000033223222111111000000000000000000023133112333333200110122321233323333333332100
00000000000000000000000000000000000010000000000000023222222111121000000000000000000023133211232333200100110110123333333333333200
00000000000000000000000000000000000010000000000000023322222111121000000000000000000013123211233333210001100000112333333333333200
00000000000000000000000000000000000010000000000000023323221111111000000000000000000023123201233333310002321001112333333333333200
00000000000000000000000000000000000010000000000000023322222111111000000000000000000023123201232233320003332000012233333333333200
00000000000000000000000000000000000011000000000000022322221001111000000000000000000023123201222233320003332000012222333332333300
00000000000000000000000000000000000001000000000000023222221001111000000000000000000023123101222333320002332000012222222322233300
00000000000000000000000000000000000001000000000000033222221011111000000000000000000032133011222333320002331000012222222222223300
00000000000000000000000000000000000001000000000000232222211011111100000000000000000131232011222233321003332000012222222222233200
00000000000000000000000000000000000001100000000000232222210111111100000000000000000231321011223333332123332100001112222222233200
00000000000000000000000000000000000000100000000001322222100011111210000000000000002322310011223333333333333320001212222222233200
00000000000000000000000000000000000000010000000013322221000111111120000000000000013223200112223322333333333310001212222222233100
00000000000000000000000000000000000000012000000122222210000111111111000000000000122222100122233222333333333311002212222222233200
00000000000000000000000000000000000000001211112222222100000011111111200000000002221221011232233333333333332211113322222222322200
00000000000000000000000000000000000000000001222111123210001111111111112100001122212110122233333333333333321111123223332123322200
00000000000000000000000000000000000000000000000000000021111111111111111222222221100000000000000000033332310000122123332123332200
00000000000033300300000330030003033330333000000000003032111111111111111111111111103330003300300003033333200330000123221022211100
00000000000030030300003003003030030000300300000000033023211111111111111111111111103003030030300003033332003003000011100000001100
00000000000030030300003003000300030000300300000000003002221111111111111111111111103330030030300003021110000003000000000000000000
00000000000033300300003333000300033300333000000000003000232222211111111111111111203003033330300003000000000330000000000000000000
00000000000030000300003003000300030000303000000000003000012322222222222222222222203003030030300003000000003000000000000000000000
00000000000030000333303003000300033330300300000000003000001233333333323233323322303330030030333303333000003333000000000000000000
00000000000000000000000000000000000000000000000000000000000022222223323233333322300000000000000000000000000000000000000000000000
