00000000000000000000000000000000000000000000000000000000000000000000000000000000000000000000000000000000000000000000000000000000
00000000000000000000000000000000000000003333300000000000333333000333333333300000333300000000033333333330000033330000000033333300
00000000000010000000000000000000000000033333330000000003333333000333333333300003333330000000033333333330000333333000000333333300
00000000000000000000000000000100000000333000333000000003300000010000000033000033300333000000000000003300003330033300110330000001
11111111111111111111111111111111000000330010033011111103301121111111110033010330000003301111111111003301033000000330100330111111
11111111111111111110011111111110000000330111033011111003300000111111110330010330111103301111111111033001033011110330000330000011
11111111111111111102210011111110000000000111033011111033333330111111100330110330111103301111111110033011033011110330003333333011
11111111111111111033333201111111110001111110033011111033333330011111103300110330011003301111111100330011033001100330003333333001
11111111101111111133322331111111111100101110330011111033000033001111003301110333000033301111111000330111033300003330103300003300
10011111101110110233332233111111111110101100330111111000011003301111033001110033333333001111111103300111003333333300100001100330
00111111111110001332333233301111111000000003300111111111111103301110033011111003333333011111111003301111100333333300111111110330
01111111112110011231233233320111111000000033001111111111111103301110330011111100003330011111111033002110000000333000111111110330
01111111112211001231233223331111111100000330011111111000011003301100330111111111003300111111110033022210000100330000100011100330
00111111001111000133333333332001111111003300011111110030000033001103300111111110033001101111110330012211000003300000003001003300
10111111001111000023333333333100111110033000000000000333000333011003301111111100330011100000100330001111100033000001033300033300
11111111111111000013323331233200001100333333333003300033333330010033001111111003300111110330003300001111100330011111003333333001
11111111111110100012312331223200000003333333333003300003333300010333011111111033001111110330033301001111103300111111100333330011
11111111111110100000233332223300000000000000000000000000000000010000011111111000011111110000000001111111100001111111110000000111
11111111111101110000033333323200000000000000000000100001000000000000000111111111100111111110111111111111111111111111111101111000
11111111111100111010022333333100000000000000000000010000100000000000000001111111100001111110111111111111111111111110110001101000
11111111111100022110022333221000000000000000000000000000000000000000000001111111100000011110001111111111111111011100100000010000
11111111110012112210023332000000000000000000000000000000000000000000000000111111100000001010000100111111001110001100100000000000
11111111101122110110022320000000000000000000000000000000010000000000000000001111110000000000000101011110000111001100000000000000
00111111012221001111000000000000000000000000000000000000000000000000000000000100011000000000000001101111111111011100000000000000
00111111022000000000000000000000000000000000000000000000000000000000000000000000000000000000000000001111110000011100000000000000
10111111022033300300000330030003033330333000000000003000000000000000000000000000003330003300300003001111100330001110000000000000
11111111101030030300003003003030030000300300000000033000000000000000000000000000003003030030300003011111103003011110000000000000
10012211000030030300003003000300030000300300000000003000000000000000000000000000003330030030300003001100000003011110000000000000
10002221000033300300003333000300033300333000000000003000000000000000000000000000003003033330300003001100000330011100001111000000
00001211100030000300003003000300030000303000000000003000000000000000000000000000003003030030300003000010003000011100011111100000
10000111110030000333303003000300033330300300000000003000000000000000000000000000003330030030333303333010003333011100101111100000
10000111111000000000000000000000000000000000000000000000000000000000000000000000000000000000000000000010000000001111000010000001
