00000000000000000000000000000000000000000000000000000000000000000000000000000000000000000000000000000000000000000000000000000000
00000000000000000000000000000000000000000000000000000000000000000000000000000000000000000000000000000000000000000000000000000000
00000000000000000000000000000000000000000000000000000000000000000000000000000000000000000000000000000000000000000000000000000000
00000000000000000000000000000000000000000000000000000000000000000000000000000000000000000000000000000000000000000000000000000000
00000000000000000000000000000000000000000000000000000000000000000000000000000000000000000000000000000000000000000000000000000000
00000001100011100011001111000110001101111100011111101111110011111011000110110000000011111101100011011011000110001111000000000000
00000001100011100011011001100111001101100110011000001100011011000011000110110000000000110001100011011011100110011001100000000000
00000000110111110110110000110111001101100011011000001100011011000011000110110000000000110001100011011011100110110000000000000000
00000000110110110110110000110111101101100011011000001100011011000011000110110000000000110001100011011011110110110000000000000000
00000000110110110110110000110110101101100011011111101111110011111011000110110000000000110001111111011011010110110011100000000000
00000000110110110110110000110110111101100011011000001100110011000011000110110000000000110001100011011011011110110001100000000000
00000000011100011100110000110110011101100011011000001100111011000011000110110000000000110001100011011011001110110001100000000000
00000000011100011100011001100110011101100110011000001100011011000011000110110000000000110001100011011011001110011001100000000000
00000000011100011100001111000110001101111100011111101100011111000001111100111111000000110001100011011011000110001111000000000000
00000000000000000000000000000000000000000000000000000000000000000000000000000000000000000000000000000000000000000000000000000000
00000000000000000000000000000000000000000000000000000000000000000000000000000000000000000000000000000000000000000000000000000000
00000000000000000000000000000000000000000000000000000000000000000000000000000000000000000000000000000000000000000000000000000000
00000000000000000000000000000000000000000000000000000000000000000000000000000000000000000000000000000000000000000000000000000000
00000011111101100011000011111100001110001110001110111111000011100000011111000111111011111100111111000111100110001100011100000000
00000011000001110011000011000110001110001110001110110001100011100000011001100110000011000110110000001100110110001100011100000000
00000011000001110011000011000110011011001111011110110001100110110000011000110110000011000110110000011000000110001100110110000000
00000011000001111011000011000110011011001111011110110001100110110000011000110110000011000110110000011000000110001100110110000000
00000011111101101011000011111100011011001101010110110001100110110000011000110111111011111100111111011000000111111100110110000000
00000011000001101111000011001100011011001101010110111111000110110000011000110110000011001100110000011000000110001100110110000000
00000011000001100111000011001110111111101101110110110000001111111000011000110110000011001110110000011000000110001101111111000000
00000011000001100111000011000110110001101101110110110000001100011000011001100110000011000110110000001100110110001101100011000000
00000011111101100011000011000110110001101100100110110000001100011000011111000111111011000110111111000111100110001101100011000000
00000000000000000000000000000000000000000000000000000000000000000000000000000000000000000000000000000000000000000000000000000000
00000000000000000000000000000000000000000000000000000000000000000000000000000000000000000000000000000000000000000000000000000000
00000000000000000000000000000000000000000000000000000000000000000000000000000000000000000000000000000000000000000000000000000000
00000000000000000000000000000000000000000000000000000000000000000000000000000000000000000000000000000000000000000000000000000000
00000000000000000000000000000000000000000000000000000000000000000000000000000000000000000000000000000000000000000000000000000000
