00000000000000000000000000000000000000000000000000000000000000000000000000000000000000000000000000000000000000000000000000000000
00000000000000000001100000001111000000001111000000000000111111000000111100000000111100000000000011110000000011110000000011110000
00000000000010000011100000011111100000011111100000000001111111000001111110000001111110000000000111111000000111111000000111111000
00000000000000000111100000111001110000110000110000000001100000010011000011000011000011000000001100001100001100001100001100001100
00000001000000000001100001100000011001100000011000000001100000000110000001100110000001101000011000000110011000100110011000000110
00000000000000000001100001100000011001100000011000000001100000000110000001100110000001100000011000000110011000000110011000000110
00000000000000000001100001100000011001100000011000000011111110000110000001100110000001100000011000000110011000000110011000000110
00000000000000000001100001100000011001101000011000000011111110000110000001100110000001100000011000000110011000000110011000000110
00000000000000010001100001110000111001100000011000001011000011000330000003300330000003300000033000100330033000000330033000000330
00000000000000000003300000333333330003300000033000000000000003300330000003300330000003300000033000000330033000000330033000000330
00000000000000000003300000033333330003300000033000000000000003300330100003300330000003300000033000000330033000000330033000000330
00000000000000000003300000000033300003300000033000000000000003300330000003300330000003300000033000000330033000000330033000000330
00000000000000000003300000000033000003300100033000010000010003300330000003300330000003300000033000000330033000000330033000000330
00000000000000000003300100000330000003300000033000000030000033000330000003300330000003300000033000000330033000000330033000000330
00000000000000000003300000003300000000330000330000000333000333000033000033000033000033000000003300003300003300003300003300003300
00000000000000000003300000033000100000033333300003300033333330000003333330000003333330000330000333333000000333333000000333333000
00000000000000001003300000330000000000003333000003300003333300000000333300000000333300000330000033330000000033330000000033330000
00000000000010000000000000000000000000000000000000000000000000000100000000000000000000000000000000000000000000000000000000000000
00000000000000000000000000000000000000000000000000000000000001000000000000000000000000000000000000000000000000000000000000000000
00000000000000000000000000000000000000000000000000000010000000000010000000000000000000000000000000000000000000000000000000000000
00000000000000000000000010000000000000000000000000000000000000000000000000000000000000000000000000000000000000000000000000000000
00001000000000000000000000000000000000000000000010000000000000001000000000000000000000000000000000000000000000000000000000000000
00000000000000000000000000000000000000000001000000000000100001000000000000000000000000000000000000000000000000000000000000000000
00000000000000000000000000000000001000000000000000001000000000000000010000000000000000000100000000000000000000000000100000000000
00000000000000000000000000000000000000000000000000000000000000000100000000000000001000000000000000000000000000000000000000000000
00000000000000330300300330003300333000330033300000003000000000100000000000000000000333000330030000033000000330000000000000000000
00000000000000030300303003030030300303003030030000033000001000000000000000000000000300303003030000300300003003000000000000000000
00000000000000030300303000030030300303003030030010003000000000000000000000000000000333003003030000300300000003000000000000000000
00000000100000030300303033033330300303003033330000003000000000000000001000000100000300303003030000333300000330000000000000000000
00000000000030030300303003030030300303003030300000003001000000000001000000000000000300303003030000300300003000000010000000000100
00000000000003300033000330030030333000330030030000003000000000000000000000000000000333000330033330300300003333000000000000000000
00000000000000000000000000000000000000000000000000000000000000000000000000000000000000000000000000000000000000000000000000000000
