00000000000000000000000000000000000000000000000000000000000000000000000000000000000000000000000000000000000000000000000000000000
00000000000000000000000000000000000000000000000030000000000033330000000033330000000033333000000000003333000000003333330000033000
00000000000000000000000000000000000000000000000330000000000333333000000333333000000333333300000000033333300000033333330000333000
00000000000000000000000000000000000000000000000330000000003300003300003330033300003330003330000000330000330000033000000003333000
00000000000000000000000000000000000000000000003330000002033003300330033000000330003300000330000003300000033000033000000000033000
00000000000000000000000000000000000000000000003330000133033033330330033000000330003300000330000003300000033000033000000000033000
00000000000000000000000000000000000000000000033330001333033033330330033000000330000000000330000003300000033000333333300000033000
00000000000000000000000000000000000000000000330330013333033033330330033000000330000000000330000003300000033000333333300000033000
00000000000000000000000000000000011000000000330330133333033033330330033300003330000000003300000003300000033000330000330000033000
00000000000000000000000000000001233320000003300330333333033001110330003333333300000000003300000003300000033000000000033000033000
00000000000000000000000000000002333332000033300330333333033011100330000333333300000000033000000003300000033000000000033000033000
00000000000000000000000000000003332233000333000330003333033033320330220000333000000000330000000003300000033000000000033000033000
00000000000000000000000000000002221123100333333333303333033033330330333300330000000003300000000003300000033000000000033000033000
00000000000000000000000000000002221123100333333333303333033003300330333003300000000033000000000003300000033000300000330000033000
00000000000000000000000000000001111123100000000330000000003300003300330033000000000330000000000000330000330003330003330000033000
00000000000000000000000000000000111121111012200330330330300333333003300330020000003333333330033000033333300000333333300000033000
00000000000000000000000000000000001220121012220330330330330033330033303300320000033333333330033000003333000000033333000000033000
00000000000000000000000001222111011120121122220000320000333000000322300003320000000000000000000000000000000000000000000000000000
00000000000000000000000012333321111121221111111223322333322333333223332333320000000000000000000000000000000000000000000000000000
00000000000000000000001232233221111111110100010233323333333333332233332233310000000000000000000000000000000000000000000000000000
00000000000000000000001211222211110000000000000232323333333333322333333133200000000000000000000000000000000000000000000000000000
00000000000000000000000110112110100000000100011122223333333233322233333133200000000000000000000000000000000000000000000000000000
00000000000000000000000210011100110001111111222122222333333233322333333233100000000000000000000000000000000000000000000000000000
00000000000000000000000110000000111111111222222222222333333233222233332233000000000000000000000000000000000000000000000000000000
00000000000000000000000000000000000000000011111111200022333233233233332231000000000000000000000000000000000000000000000000000000
00000000000033300300000330030003033330333000000000003032333322223233222320000000003330003300300003000000000030000000000000000000
00000000000030030300003003003030030000300300000000033022223222222322223310000000003003030030300003000000000330000000000000000000
00000000000030030300003003000300030000300300000000003022222222222222333200000000003330030030300003000000000030000000000000000000
00000000000033300300003333000300033300333000000000003022222222222222322000000000003003033330300003000000000030000000000000000000
00000000000030000300003003000300030000303000000000003022222222222222210000000000003003030030300003000000000030000000000000000000
00000000000030000333303003000300033330300300000000003001122222222222100000000000003330030030333303333000000030000000000000000000
00000000000000000000000000000000000000000000000000000000001122111000000000000000000000000000000000000000000000000000000000000000
