21111111111111111111111111111111111111111111111111111111111111012221011110000011100000112000001110000011111111111000001111111100
11111111111111111111111111111111111111111111111111111111111110123322200100333001103330010033301100333011000100010033301111111110
11111111111111111111111111111111111111111111111111111111111111333222232003000301100003010300001103000011030103010300001111111110
11111111112221111111111111111111111111111111111111111111111102333322223203000301111103010301111103011111030103010301111111111111
11111111111121111111111111111111111111111111111111111111111103333332222303000301111103010300001103000011030003010300001111111111
11111111100022111111111111111111111111111111111111111111111113322332222200333002111100010033300100333001003330010033300111111111
11111111000012111111111111111111111111111111111111111111110023322333222220000301111103010300030110000301100003011000030111111111
11111111100002111111111111111111111111111111111111111111101123322333222223330301111103010300030111110300111103011111030111111111
11111111100001111111111111111111111111111111111111111111011123322233212223330301111103010300030110000300111103011000030111111111
11111111111011111111100111111111111111111111111111111111001113321233311223330001111100010033300010333001111100011033300111111111
11111111111111111111100111111111111111111111111111111111000112312223331222333201111111111000003010000011211111111000001111111111
11111111111111111111111111111111111111111111111111111112000002322233333333233311111111111111100011111111221111111111111111111111
11111111111111111111111111111111111111111111111111111111000000333333333333223320111111111111111111111100111111111111111111111110
11111110001111111111111111111111111111111111111111111111000000233333333322222331111111111111111111111100111111111111111111111111
11111100001111111111111111111111111111111111111111111111000000133333333311222232011111111111111111111111111111111111111111111111
11111111111111111111111111111111111111111111111111111110000000023312233320222233011111111111111111111111111111111111111111111110
01111111111111111111111111111111111111111111111111111101000000013321223331122233011111111111111111111111111111111111111111111110
11111111111111111111111111111111111111111111111111111101100000001332223332122233111111111111111111111111111111111111111111111110
11111111111111111111111111111111101111111111111111111101100000000133212333222233111111111111111111111111111111011111111111111110
11111111111111111111111111111112111111111111111111111001110000000023322333322233111111111111111111111111111111111111111110111110
11111111111111100112221111000012211111111111111111111011111000000002333333332233011111111111111111111111111111111111111100111111
11111111111121100011221211000002211111111111111111111000111100000001133333333331111111111111111111111111111111111111111100111111
11111111112222100000122211100001111111111111111111121000011110000011222333333310111111111111111111111111111111111111111101111111
11111111112221100000011111110000111111111111111111110010011220000011222222110011111111111111111111111111111111110111111111111111
11111111122000000000000000000000000000000011111111100011111221100012221221111111100000000000000000011111111000111111111111111111
11111111122033300300000330030003033330333001111111003022111121110011111220111111103330003300300003011111110030110011111111111111
11111111122030030300003003003030030000300301111110033022100000100001111101111111103003030030300003011111110330111011111111101111
11111111111030030300003003000300030000300301111001003021011111111100000011111111103330030030300003011111110030111111111111101111
11111111111033300300003333000300033300333001110111203000111111111111111111111111103003033330300003011111111030011111111111111111
11111111111030000300003003000300030000303001110222203011111111111111111111111111103003030030300003000011111030111111111111111111
11111111111030000333303003000300033330300301110122203011111111111111111111111111103330030030333303333011111030011111111111111111
11111111111000000000000000000000000000000001111022200011112221111111111111111111100000000000000000000011111000011111111111111112
