00333000000000000111110011111110000000000011100011111000110001100000000000111100111111001111111011111000001100000011100000000000
00333000000000001111111011111110000000000011100011111100111011100000000001111110111111101111111011111100001100000011100000000000
00033000000000001100011011000000000000000001100011001110111111100000000011000110110001101100000011001110000000000001100000000000
00033000000000001100011011111000000000000001100011000110111111100000000011000000110011101111100011000110000000000001100000000000
00033000000000001100011011111000000000000001100011001110110101100000000011100110111110001100000011001110000000000001100000000000
00033000000000001111111011000000000000000001100011111100110001100000000001111110110111001111111011111100001100000001100000000000
00033000000000000111110011000000000000000001100011111000110001100000000000111100110011101111111011111000001100000001100000000000
00000000000000000000000000000000000000000000000000000000000000000000000000000000000000000000000000000000000000000000000000000000
00000000000000000000000000000000000000000000000000000000000000000000000000000000000000000000000000000000000000000000000000000000
00000000000000000000000000000000000000000000000000000000000000000000000000000000000000000000000000000000000000000000000000000000
00111000000000000111110011111110000000000111110011111000110001100000000000111100111111001111111011111000001100000111110000000000
00111000000000001111111011111110000000001111111011111100111011100000000001111110111111101111111011111100001100000111111000000000
00011000000000001100011011000000000000001100111011001110111111100000000011000110110001101100000011001110000000000000111000000000
00011000000000001100011011111000000000000001110011000110111111100000000011000000110011101111100011000110000000000001110000000000
00011000000000001100011011111000000000000111100011001110110101100000000011100110111110001100000011001110000000001100011000000000
00011000000000001111111011000000000000001111111011111100110001100000000001111110110111001111111011111100001100001111111000000000
00011000000000000111110011000000000000001111111011111000110001100000000000111100110011101111111011111000001100000111110000000000
00000000000000000000000000000000000000000000000000000000000000000000000000000000000000000000000000000000000000000000000000000000
00000000000000000000000000000000000000000000000000000000000000000000000000000000000000000000000000000000000000000000000000000000
00000000000000000000000000000000000000000000000000000000000000000000000000000000000000000000000000000000000000000000000000000000
00000000000000000000000000000000000000000000000000000000000000000000000000000000000000000000000000000000000000000000000000000000
00111000000000000111110011111110000000001111110011111000110001100000000000111100111111001111111011111000001100000111100000000000
00111000000000001111111011111110000000001111110011111100111011100000000001111110111111101111111011111100001100001100110000000000
00011000000000001100011011000000000000001100000011001110111111100000000011000110110001101100000011001110000000001111110000000000
00011000000000001100011011111000000000001111110011000110111111100000000011000000110011101111100011000110000000000111100000000000
00011000000000001100011011111000000000000001111011001110110101100000000011100110111110001100000011001110000000001101111000000000
00011000000000001111111011000000000000000001111011111100110001100000000001111110110111001111111011111100001100001100011000000000
00011000000000000111110011000000000000001111110011111000110001100000000000111100110011101111111011111000001100000111110000000000
00000000000000000000000000000000000000000000000000000000000000000000000000000000000000000000000000000000000000000000000000000000
00000000000000000000000000000000000000000000000000000000000000000000000000000000000000000000000000000000000000000000000000000000
00000000000000000000000000000000000000000000000000000000000000000000000000000000000000000000000000000000000000000000000000000000
00000000000000000000000000000000000000000000000000000000000000000000000000000000000000000000000000000000000000000000000000000000
