00000000000000000000000000000000000000000000000000000000000000000000000000000000000000000000000000000000000000000000000000000000
00000000000000000000000000000000000000000000000000000000000000000000000000000000000000000000000000000000000000000000000000000000
00000000000000000000000000000000000000000000000000000000000000000000000000000000000000000000000000000000000000000000000000000000
00000000000000000000000000000000000000000000000000000000000000000000000000000000000000000000000000000000000000000000000000000000
00000033003000300003333300033333000333330000333333003333300003333300331033100331000000003333330330033003300033333000033330000000
00000033103300330033333330033333300333333003333333103333330033333310331133110331100000003333331331033103310033333300333333000000
00000033103310331033333331033333310333333103333333103333331033333310331133110331100000003333331331033103310033333310333333100000
00000033103310331033111331033113310331133103311333103311331033113310331133110331100000000133111331033103310033113310331133100000
00000033103310331033100331033103310331033103310333103310331033103310331133110331100000000033100331033103310033103310331033100000
00000033103310331033100331033103310331033103310333103310331033103310331133110331100000000033100331033103310033103310331033100000
00000033103310331033100331033103310331033103310011103310331033100110331133110331100000000033100331033103310033103310331001100000
00000033103310331033100331033103310331033103310000003310331033100000331133110331100000000033100331033103310033103310331000000000
00000033103310331033100331033103310331033103310000003310331033100000331133110331100000000033100331033103310033103310331000000000
00000033103310331033100331033103310331033103310000003310331033100000331133110331100000000033100331033103310033103310331000000000
00000033103310331033100331033103310331033103333000003333311033330000331133110331100000000033100333333103310033103310331333000000
00000033103310331033100331033103310331033103333100003333310033331000331133110331100000000033100333333103310033103310331333100000
00000033103310331033100331033103310331033103333100003333310033331000331133110331100000000033100333333103310033103310331333100000
00000033103310331033100331033103310331033103333100003333310033331000331133110331100000000033100333333103310033103310331333100000
00000033103310331033100331033103310331033103311100003311330033111000331133110331100000000033100331133103310033103310331033100000
00000033103310331033100331033103310331033103310000003310331033100000331133110331100000000033100331033103310033103310331033100000
00000033103310331033100331033103310331033103310333003310331033100000331133110331100000000033100331033103310033103310331033100000
00000033103310331033100331033103310331033103310333103310331033100000331133110331100000000033100331033103310033103310331033100000
00000033103310331033100331033103310331033103310333103310331033100000331133110331103310000033100331033103310033103310331033100000
00000033103310331033100331033103310331033103310333103310331033100000331133110331103311000033100331033103310033103310331033100000
00000033103310331033100331033103310331033103310333103310331033100000331133110331103311000033100331033103310033103310331033100000
00000003333333311003333311033103310333331100333333103310331033100000033331110033333311000033100331033103310033103310033331100000
00000003333333310003333310033103310333331000333333103310331033100000033331100033333311000033100331033103310033103310033331000000
00000000111111110000111110001100110011111000011111100110031001100000000111100000111111000001100011001100110001100110001111000000
00000000000000000000000000000000000000000000000000000000001000000000000000000000000000000000000000000000000000000000000000000000
00000000000000000000000000000000000000000000000000000000000000000000000000000000000000000000000000000000000000000000000000000000
00000000000000000000000000000000000000000000000000000000000000000000000000000000000000000000000000000000000000000000000000000000
00000000000000000000000000000000000000000000000000000000000000000000000000000000000000000000000000000000000000000000000000000000
