00010000000000001000000000000000000000000100000000000000000000000000000000000000000000000000000000000001000000000000000000000000
00000000000000011100000010000000000000000000000033333000000000003333000000000000300000033000000000033000000033333000000033330000
00000000000000001000000000000000010000000000000333333300000000033333300000000003300000333000000000333000000333333300000333333000
00000000000000000000000000000000000000000000003330003330000000333003330000000003300003333000010003333000003330003330003300003300
00000000000000000000000000000000000000000000003300000330010003300000033000000033300000033000000000033000003300000330033000000330
00000000000000000000000000000000000000000000003300000330000003300000033000100033300000033000000000033000003300000330033000000330
00000000000000000000000000000000000001000000000000000330000003300000033000000333300100033000000000033000000000000330033000000330
00000010000000000000000000000000000000000000000000100330000003300000033000003303300000033000000000033000010000000330033000000330
00000000000000000000000000010000000000000000000000003300100003330000333000003303300000033000000000033000000000003300033000000330
00000000000000000000000000000000000000000000000000003300000000333333330000033003300000033000000000033000000000003300033000000330
00000000000000000000000000000000000000000000000000033000000000033333330000333003300000033000000000033000000000033000033000000330
00000000000000000000000000000000000000000000000000330000000000000033300003330003300000033000000000033000000000330000033000000330
00000000000000000000000000000000000001000000000003300000001000000033000003333333333000033000000000033000000003300000033000000330
00000000000000001000000000000000000000000000000033000000000001000330000003333333333000033000000000033000000033000000033000000330
00000000000000000000000000000000000000000000000330000000000000003300000000000003300000033000000000033000000330000000003300003300
00000000000000000000000000000000000000000000003333333330033000033000001000000103300000033000033001033000003333333330000333333000
00000000000000000000000000010000000000000000033333333330033000330000000000000003300000033000033000033000033333333330000033330000
00000000100000000000000000000000000100000000000000000000000000000010000000000000000000000000000000000000000000000000000000000000
00010000000000000000000000000000000000000000000000000000000000100000001000100000000000000000000000000000000000000000000000000000
00000000000000000000000000000000000000000100000000000000000000000000000000000000000000000000000000000000000000000000000000000000
00000000000000000000000000000000000000000000000000000100010000000000100000000000000000000000000000000000000000000000000000000000
00000000000000000000000000000000000000000000000000000000000000000000000000000000010000100000000000000000000100000000000000000000
00000000000000000010000000000000000000000000010000000000000000000000000000000100000000000000000000000000000000000000000000000000
00000000000000000000000000000000000000000000000000000000000000000100000000000000000000000000000000000000000000000000000000000000
00000000000000000000000000000000000000000000000000000001000000100000000000000000000000000000000000000000000000000000000000000000
00000000000033300300000330030003033330333000000000003000000000000000001000000000003330003300300003000000000030000000000000000010
00000000000030030300003003003030030000300300000000033000000000000000000000000000003003030030300003000000000330000000000000000000
00000000000030030300003003000300030000300300000000003000000000000010000000010000003330030030300003000000000030000000000000000000
00000000100033300300003333000300033300333000000000003000010000100000000000000000003003033330300003000000000030000000000000000000
00000000000030000300003003000300030000303000000000003000000000000000000000000000003003030030300003000000000030000000100000000000
00000000000030000333303003000300033330300300001000003000000000000000000000000000003330030030333303333001100030000001110000000000
00000000000000000000000000000000000000000000000000000000000000000000000100000000000000000000000000000000000000000000100000000000
