00000000000000000000000000000000000000000111110001111100110001100011110011111000011111000000000000000000000000000000000000000000
00000000000000000000000000000000000000001111111011111110111001100011110011111100111111100000000000000000000000000000000000000000
00000000000000000000000000000000000000001110000011000110111101100001100011001110110001100000000000000000000000000000000000000000
00000000000000000000000000000000000000000111110011000110111111100001100011000110110001100000000000000000000000000000000000000000
00000000000000000000000001111100000000000000111011000110110111100001100011001110110001100000000001111100000000000000000000000000
00000000000000000000000000000000000000001111111011111110110011100011110011111100111111100000000000000000000000000000000000000000
00000000000000000000000000000000000000000111110001111100110001100011110011111000011111000000000000000000000000000000000000000000
00000000000000000000000000000000000000000000000000000000000000000000000000000000000000000000000000000000000000000000000000000000
11000110011111001100000011000110110001101111111011000110000000000000000000000000000000000000000000000000000000000000000000000000
11000110111111101100000011000110111011101111111011100110000000000000000000000000000000000000000000000000000000000000000000000000
11000110110001101100000011000110111111101100000011110110000000000000000000000000000000000000000000000000000000000000000000000000
11101110110001101100000011000110111111101111100011111110000000000000000000000000000000000000000000000000000000000000000000000000
01111100110001101100000011101110110101101100000011011110000000000000000000000000000000000000000000000000000000000000000000000000
00111000111111101111110011111110110001101111111011001110000000000000000000000000000000000000000000000000000000000000000000000000
00010000011111001111110001111100110001101111111011000110000000000000000000000000000000000000000000000000000000000000000000000000
00000000000000000000000000000000000000000000000000000000000000000000000000000000000000000000000000000000000000000000000000000000
33333300330003303333330033000000003333000033330000333300333330000033300033333000000000000000000000000000000000000000000000000000
33333330330003303333333033000000003333000333333000333300333333000333330033333300000000000000000000000000000000000000000000000000
33000330330003303300333033000000000330003300033000033000330033303330333033003330000000000000000000000000000000000000000000000000
33333330330003303333330033000000000330003300000000033000330003303300033033000330000000000000000000000000000000000000000000000000
33333300333033303300333033000000000330003330033000033000330033303333333033003330000000000000000000000000000000000000000000000000
33000000333333303333333033333300003333000333333000333300333333003300033033333300000000000000000000000000000000000000000000000000
33000000033333003333330033333300003333000033330000333300333330003300033033333000000000000000000000000000000000000000000000000000
00000000000000000000000000000000000000000000000000000000000000000000000000000000000000000000000000000000000000000000000000000000
00000000000000000000000000000000000000000000000000000000000000000000000000000000000000000000000000000000000000000000000000000000
00000000000000000000000000000000000000000000000000000000000000000000000000000000000000000000000000000000000000000000000000000000
00000000000000000000000000000000000000000000000000000000000000000000000000000000000000000000000000000000000000000000000000000000
00000000000000000000000000000000000000000000000000000000000000000000000000000000000000000000000000000000000000000000000000000000
00000000000000000000000000000000000000000000000000000000000000000000000000000000000000000000000000000000000000000000000000000000
00000000000000000000000000000000000000000000000000000000000000000000000000000000000000000000000000000000000000000000000000000000
00000000000000000000000000000000000000000000000000000000000000000000000000000000000000000000000000000000000000000000000000000000
00000000000000000000000000000000000000000000000000000000000000000000000000000000000000000000000000000000000000000000000000000000
