00000000000000000000000000000000000000000000000000000000000000000000000000000000000000000000000000000000000000000000000000000000
00000000030000000300030003000000030003003330000000000000000000000000000000000000000000000000000000000000000000000000000000000000
00000000303000003030330030300000303030300030000000000000000000000000000000000000000000000000000000000000000000000000000000000000
00000000030000000300030000300000003003000300000000000000000000000000000000000000000000000000000000000000000000000000000000000000
00000000003000003030030003000000030000300300000000000000000000000000000000000000000000000000000000000000000000000000000000000000
00000000303000003030030030000000300030303000000000000000000000000000000000000000000000000000000000000000000000000000000000000000
00000000030003000300030033300300333003003000000000000000000000000000000000000000000000000000000000000000000000000000000000000000
00000000000000000000000000000000000000000000000000000000000000000000000000000000000000000000000000000000000000000000000000000000
00000000000000000000000000000000000000000000000000000000000000000333300000000000000000000000000000000000000000000000000000000000
00000000000000000000000000000000000000000000000000000000000000003322300000000000000000000000000000000000000000000000000000000000
00000000000000000000000000000000000000000000000000000000000000003222300000000000000000000000000000000000000000000000000000000000
00000000000000000000000000000000000000000000000000000000000000033332300000000000000000000000000000000000000000000000000000000000
00000000000000000000000000000000000000000000000000000000000000333032300000000000000000000000000000000000000000000000000000000000
00000000000000000000000000000000000000000000000000000000000000333032300000000000000000000000000000000000000000000000000000000000
00000000000000000000000000000000000000000000000000000000000003330032300000000000000000000000000000000000000000000000000000000000
00000000000000000000000000000000000000000000000000000000000003330032300000000000000000000000000000000000000000000000000000000000
00000000000000000000000000000000000000000000000000000000000033300032300000000000000000000000000000000000000000000000000000000000
00000000000000000000000000000000000000000000000000000000000033300032300000000000000000000000000000000000000000000000000000000000
00000000000000000000000000000000000000000000000000000000000333000032300000000000000000000000000000000000000000000000000000000000
00000000000000000000000000000000000000000000000000000000003330000032333000000000000000000000000000000000000000000000000000000000
00000000000000000000000000000000000000000000000000000000003233333332223000000000000000000000000000000000000000000000000000000000
00000000000000000000000000000000000000000000000000000000003333333332333000000000000000000000000000000000000000000000000000000000
00000000000000000000000000000000000000000000000000000000000000000032300000000000000000000000000000000000000000000000000000000000
00000000000000000000000000000000000000000000000000000000000000000032300000000000000000000000000000000000000000000000000000000000
00000000000000000000000000000000000000000000000000000000000000033332333000000000000000000000000000000000000000000000000000000000
00000000000000000000000000000000000000000000000000000000000000032222223000000000000000000000000000000000000000000000000000000000
00000000000000000000000000000000000000000000000000000000000000033333333000000000000000000000000000000000000000000000000000000000
00000000000000000000000000000000000000000000000000000000000000000000000000000000000000000000000000000000000000000000000000000000
00000000000000000000000000000000000000000000000000000000000000000000000000000000000000000000000000000000000000000000000000000000
00000000000000000000000000000000000000000000000000000000000000000000000000000000000000000000000000000000000000000000000000000000
00000000000000000000000000000000000000000000000000000000000000000000000000000000000000000000000000000000000000000000000000000000
00000000000000000000000000000000000000000000000000000000000000000000000000000000000000000000000000000000000000000000000000000000
