00000000000000000000001111222222333333322211113333333333333333333333333322221112111222222110000000012211100000000000000000000000
01000000000000000000011112222223333333322201113333333333333333333333333322221113222222222210000000012211110000000000000000000000
00000000000010000000011112222223333333222101211111233333333333333333333322221113322222222210000000012221110000000000000000000000
00000000000000000000011122222233333333222201332111123333333333333333333222211123222222222221000000111221110000000000000000000000
00000011000000000000111122222233333333222222232211223333333333333333333222211233222222222222000000101222111000100000000000000000
00000000000000000000111222222233333333322221133222233333333333333333333222211123322222222222100000101222111000000000000000000000
00000000000000000000111222222333333333322221133221233333333333333333333222222112322222222222100000011222111000000000000000000000
00000000000000000001111222222333333333333222222211233333333333333333333222222102322222222222100000012222211000000000001000000000
00000000000000010001111222223333333333333322222222233333333333333333333222222112322222222222100000001222211000000000000000000100
00000000000000000001111222223333333333333322222222223333333333333333333222222112322222222222100000001222211000000000000000000000
00000000000000000001112222223333322221123332222222223333333333333333333222222113322222222222100000011222211000000000000000000000
00000000000000000001112222223333222110012333322222233333333333333333333222222112232222222223100000012222221000000000000000000000
00000000000000000001112222223333221000001233333333333333333333333333333322222211233222222232100000012222221000000000000000000000
00000000000000000001112222223332210000000033333333333333333333333333333322222221233222222222000000012222221000000010000000000000
00000000000000000001112222233332210121000033333333333333333333333333333332222222123322222221000000122222221000000000000000000000
00000000000000000001112222233332211232110033333333333333333333333333333332222122113333232210000000122222221000000000000000000000
00000000000000001001112222233332211233110033333333333333333333333333333333222122123222221100000001222222221000000000000000000000
00000000000010000001112222233332211233100033333333333333333333333333333333322222222011000000000012232222221000000000000000000000
00000000000000000001112222233332211233100133333333333333333333333333333333333222211111000000001223332222221000000000000000000000
00000000000000000001112222233332211222101333333333333333333333333333333333333322221111000111112333332222221000000000000000000000
00000000000000000001112222233332222221112333333333333333333333333333333333333333222222111222223333332222221000000000000000000000
00001000000000000001112222233333222221123333333333222222223333333333333333333333333222222233333333332222221000000000000000000000
00000000000000000001112222223333332222233333333322111111122333333333333333333333333333333333333333332222221000000000000000000000
00000000000000000001112222223333333322233333333321111111122333333333333333333333333333333333333333332222221000000000100000000000
00000000000000000001112222223333333333333333333211111111112333333333333333333333333333333333333333332222221000000000000000000000
00000000000000000001112222223333333333333333333211112221122333333333333333333333333333333333333333332222221000000000000000000000
00000000000000000001111222223333333333333333333221112222222223333333333333333333333332333333333333322222211000000000000000000000
00000000000000000000111222222333333333333333333222111223322222333333333333333333322222222333333333322222211100000000000000000000
00000000100000000000111222222333333333333333333322211222322222333333333333333333222222122233333333322222111000000000000000000000
00000000000000000000111222222333333333333333333322222211222222333333333333333332222221112223333333222222111000000010000000000100
00000000000000000000011222222233333333333333333332222222222233333333333333333332221001122222333333222222110000000000000000000000
00000000000000000000011122222233333333333333333333222222223333333333333333333332210012222222333333222221110000000000000000000000
