00000000000000000000000000000000000000000000000000000000000000000000000000000000000000000000233300000000000033200000000223000021
00000000000000000000000000000000000000000000000033000000000000003300000033330000033333333330333303333333333033003333330220033033
00000000000000000000000000000000000000000000000330000000000000033000000333333000033333333330333303333333333033033333330200333033
00000000000000000000000000000000000000000000003300000000000000330000003300003300000000003300333300000000330022033000000003333033
00000000000000000000000000000000000000000000033003210000000003300000033000000330000000003303333333333300330232033000000000033012
00000000000000000000000000000000000000000000330003320000000033000000033000000330000000033002333333333303300220033000000000033021
00000000000000000000000000000000000000000003333300332000000333330000033000000330000000033022322333333003303220333333301111033000
00000000000000000000000000000000000000000033333330033000003333333000033000000330000020330022222333333033002220333333300222033022
00000000000000000000000000000000000000000033300333003100003330033300033000000330000100330222222333320033022220330000330022033033
00000000000000000000000000000000000000000333000033303000033300003330033000010330222203300222222322220330022220000220033022033033
00000000000000000000000000000000000000000330022003303000033000000330033002220330322003302222222222300330222222222222033022033033
00000000000000000000000000000000000000000330111103302000033000000330033001120330323033002222222222203300222222222222033022033033
00000000000000000000000000000000000000000330011003301000033002100330033000010330220033022222222222003302222220002220033022033033
00000000000000000000000000000000000000000333000033301110033300003330033000000330220330022222222222033002222200300200330022033033
00000000000000000000000000000000000121110033300333000000003330033300003300003300200330222222000020033022222203330003330222033033
00000000000000000000000000000000012233333003333330010330100333333001200333333001003300222222033000330021111200333333300222033033
00000000000000000000000000000001123222333300333300220330220033330012110033330000033302222222033003330221111110033333002222033021
00000000000000000000000000000011222012333320000002220000111000000111110000000000000002222222000000000222222112000000022222000021
00000000000000000000000000000012321012333222211111111011100001110000000110000000222222222222222221222222222221222222112222223332
00000000000000000000000000000002221012222221111010000001000000110000000100000000222222222222222212222222222222122222222222223333
00000000000000000000000000000002211012222221001100000011000001110000001110010010222222222222122212222222222222112222222222223333
00000000000000000000000000000002210001222221001100100011111111111111111111111111122222222222222212222222222222112222222222233333
00000000000000000000000000000011210000111110011111111111111112221111122222111111112222222222222222222222222222212222222122222333
00000000000000000000000000000001111100011110011111111122212222222212222222221112222222222222222122222222222222112222222222233333
00000000000000000000000000000000000000000010011111100022112111222222222222222222200000000000000000022222222000212222222222333333
00000000000033300300000330030003033330333001100000003011111111111111121111212211203330003300300003022222220030212222222222332321
00000000000030030300003003003030030000300301000000033000000000000000000000000000003003030030300003022222220330112222222222332321
00000000000030030300003003000300030000300300000000003000000000000000000000000000003330030030300003022222220030122222222222333211
00000000000033300300003333000300033300333000000000003000000000000000000000000000003003033330300003022222222030222222232222233211
00000000000030000300003003000300030000303000000000003000000000000000000000000000003003030030300003000022222030222222232222332113
00000000000030000333303003000300033330300300000000003000000000000000000000000000003330030030333303333022222030222222223222321223
00000000000000000000000000000000000000000000000000000000000000000000000000000000000000000000000000000022222000222222223322212320
