13322333222211123333223333320000111111233222101002211111001220000012112333223333332200000000000013333333333333333333333333332000
12223332333222233333323333331000111111123223211001211100002220000011112322111233323310011211100122233333333333333322232333333100
12223333333333333333333333333210101111112333222210210000001210000011111322200011112320011333322333333333333333333323233333333200
13223333333333333333333333333322211111011223333322321100001101110011111232210000000120011233333333212222322333333322222333333200
12233332333333333333333200001111111223333333333222122222332001111113222000010010001111332112322310111112222223333332222333333200
12233223333333333333333200000101111113333333333333333333333211111112322000010000001011232111111220011111133223333332222333333200
12233223333333333333333200010100101113333333333333333333333332211111233211011000000011123112100120011111122222233333222333333200
12222222222333333333333200011110001113333333333333333333333333320111112332222110011211113211100120001101111322233333322333333200
01132111122233333333332100010010011013333333333333333333333333330100111112333332123321111322211010000000011233223333322333333200
11232122222222333333222100000011010013333333333333322212223333320100111101333333333333221123322111110000001123222333332333333200
01121111111111122222211100011110110112333333333333321111122212320000110101333333333333332011233332321000001113222333332223333200
01112210111111111111111100001111111112322233333333332223332323320001000101333333332332332010133333333310000112322233332223333200
12223210011001111111111110001111111111111111112222232222222221210111011101333333321222232100133333333321000012322233333223333200
13323321111111111221111111001111111111101111122222321111111111111111111111333333221222123200133332123322000101321233333223333300
12223332212222222222222222222222222222222222233333331111111111110000011111233211111111111111233232123200000101231233333222333300
12222332222222222222222322222222222232222222223233332222222221111111222222333212122211111122332111000000000000231133333222333300
12222222222222222222232233232232322233223322222222233223322332222233333223333333333333333333331011000000000001231123333223333200
13222222222222222232232222222232222222223233222223233333333333332333333333333333333333333333321010000000000011231123333222333200
13222222222222222222232333322223233222333333333333333333333333332333333333333333333333333332110100000000000001231133333222233200
12222222222222222222223333333333333333333333233333333333222333333333333333332111113333333321000000000000000101221123333222233200
12222222323322222222223333333333323333333333333332222211111223333333333333332000002333333332100000000000000001321233333222233200
12233322222222211111122233333333333333333333333333200000000013333333333333333100001233333333210000000000000001321233333222333200
13333222000000000000000133333333333333333333333333310000000002333333333333333310000133333333321000000000000001311233332222233200
13333322100000000000000023333333333333333333333333321000000000233333333333333321000023333333332000000000000012212233332222233200
12333333210000000000000000000000000000000033333333300011010000123333333333333332000000000000000000000000000000122333322222333200
12333233320033300300000330030003033330333003333333003011010000023333333333333333203330003300300003000000000030122333222223333200
12223333331030030300003003003030030000300303333333033020000000012333333333333333303003030030300003000000000330222332222222333200
13333333332030030300003003000300030000300303333333003031000000111233333333333333303330030030300003000000000030223332212222333200
13223233333033300300003333000300033300333003333333303032100100111233333333333333303003033330300003000000012030233322222222333100
13333333333030000300003003000300030000303003333333303033101000111123333333333333303003030030300003000011222030332222222223332000
13333333333030000333303003000300033330300303333333303033211100111123333333333332103330030030333303333022212030322222222223321000
13333333333000000000000000000000000000000003333333300033320000001123333332222110000000000000000000000022222000222222222233210000
