00000000000000000000000000000000000000000000000000000000000000000000000000000000000000000000000000000000000000000000000000000000
00000000000000000000000000000000000000000000000000000000000000000000000000000000000000000000000033330000000033330000000033333000
00000000000000000000000000000000000000000000000000000000000000000000000000000000000000000000000333333000000333333000000333333300
00000000000000000000000000000000000000000000000000000000000000000000000000000000000000000000003300003300110000110000110001111000
00000000000000000000000000000000000000000000001100000110000000110000011000011000011000000110000001100000011001100000011000011000
00000000000000000000000000000000000000000000000000120110221000110000011000011000011000000110000001100000011001100000011000011000
00000000000000000000000000000000000000000000000012300110333210000000011000011000011000000110000001100000011001100000011000011000
00000000000000000000000000000000000000000000000230001100333332000000011000011000011000000110000001100000011001100000011000011000
00000000000000000000000000000000000000000000002330111103333333310000110000011000011000000110000001100000011001100000011000011000
00000000000000000000000000000000000000000000033330111100333333331000110000011000011000000110000001100000011001100000011000011000
00000000000000000000000000000013332000000000233330001110333333333001100000011000011000000110000001100000011001100000011000011000
00000000000000000000000000000033333200000001333333300110111112230011000000011000011000000110000001100000011001100000011000011000
00000000000000000000000000000133223310000002000033320110111000000110000000011000011000000110000001100000011001100000011000011000
00000000000000000000000000000122212310000003011003300110333322001100000000011000011000000110000001100000011001100000011000011000
00000000000000000000000000000122111210000013011100001110000030011000000000011000001100001100000000110000110000110000110000011000
00000000000000000000000000000011111200012123001111111100011000111111111000011000000111111000011000011111100000011111100000011000
00000000000000000000000000000000111111013123300011111003011001111111111000011000000011110000011000001111000000001111000000011000
00000000000000000000000000000000111121122233332000000033000000000000000000000000000000000000000000000000000000000000000000000000
00000000000000000000000012322111111122122223322333333333333323333330000000000000000000000000000000000000000000000000000000000000
00000000000000000000001223333212121111110133323333333333323332333320000000000000000000000000000000000000000000000000000000000000
00000000000000000000002212222111000000100033233333333333233333233310000000000000000000000000000000000000000000000000000000000000
00000000000000000000001111221001000000000123233333333332333333233310000000000000000000000000000000000000000000000000000000000000
00000000000000000000001100111000000001111222233333333332333333233200000000000000000000000000000000000000000000000000000000000000
00000000000000000000001100000001111111122212223333333332333332233100000000000000000000000000000000000000000000000000000000000000
00000000000000000000000000000000000000000011222333300033333332233100000000000000000000000000000000000000000000000000000000000000
00000000000011100100000110010001011110111000232333001033222322332000000000000000001110001100100001000000000010000000000000000000
00000000000010010100001001001010010000100100023333011022323222321000000000000000001001010010100001000000000110000000000000000000
00000000000010010100001001000100010000100100012222001022222222210000000000000000001110010010100001000000000010000000000000000000
00000000000011100100001111000100011100111000001221201022222222100000000000000000001001011110100001000000000010000000000000000000
00000000000010000100001001000100010000101000000012201022222221000000000000000000001001010010100001000000000010000000000000000000
00000000000010000111101001000100011110100100000001201022211100000000000000000000001110010010111101111000000010000000000000000000
00000000000000000000000000000000000000000000000000000000000000000000000000000000000000000000000000000000000000000000000000000000
