10000033000000000000000000000000000000000000000000000000013322201110000011123333333222100000000000122233333333333333333333332000
10333033030003003330000033300300030000000300030033300000002232210011000011123333233333320000000000222333333333333323232333333100
10333033330030303000000030003300303000003300303000300000001121100012100011113221001222332011222212222223333333333232232233333200
10033033030000303300000033000300030000000300030003000000211100000001100011112311000110132011233333333223233332233333232223333200
13033033030003000030000000300300003000000300003003000000322221000111210011111321100000011011233223333111112332233333332223333200
23033033030030003030000030300300303000000300303030000000333333222222232111111232100010010011133111322201111223322333332223333200
23033033030033300300030003000300030003000300030030000000333333333333333221111123200000000110123111101100111112332233332222233200
23033033000000000000000000000000000000000000000000000000333333333333333332211122321001000101113211100110111113222333332222333200
13000033333331123222122333333333320000000001013333333333333333333333331010111223333211332101322110010000000112322233333222333200
12222222333331122112222222333333210011000011013333333333333222233333331001111023333333333221122222111100000011232223333332233200
01111111111121112112222222223322200011110110013333333333332111122222330000001013333333333333111233222220000011123223333322333200
01000001011111222111111111111111100011111111122333333333333232323322320000001113333333333333100123333332200000123222333322233200
01111111222222233110111111111111110001111111111111222222232222222222210101111013333332112223210023333333310000013312333332233200
12223223333223333211112122122111111110111111101111122223331111111111111111111113333321112222310023333123222000012312333332233200
12333333323322223322222222222222222222222222222222233233332111112111100101101112311111111111111233332123200000002311233332223200
12332222332232223322222222223333333223333333333323333233333222222221101112222223321121211111122331111000000000001311233332223200
12222222222222222222222322222333332233332333222323233332333333333322222333333333333333332323333321110000000001011311233332223200
12222222222333222332223222222332232222322323322222222233232233333333333333333333333333333333333321100000000000001321233332223200
12222222222222222333232323322223333233333333333333333333233333333333333333333333333333333333332211100000000000001321233332223200
12222222222222222232332233223222333333333333333333333333333222222333333333333333211111333333321000000000000001002321233332223200
12222223222222222232322322222222333333333333333333333333211110101233333333333333200000233333332100000000000000012312233322123200
12222223333233332222211111111111233333333333333333333333310000000023333333333333321000133333333210000000000000012312333322223200
13322233333333332210000000000000133333333333333333333333320000000012333333333333332000023333333321000000000000113212333322223200
13222223333332333321000000000000023333333333333333333333332000000001333333333333333100012333333332000000000000123122333322223200
12232323333300000000000000000000000000000000003333300033333100010000233333333333300000000000000000000000000000000000003222223200
12223233333000330300300330003300333000330033300333003033333310011000123333333333033000300300003000033303030333033000300222223200
12333223333000030300303003030030300303003030030333033033333321001000012333333333030303030300030300030003030030030303030222223200
13332223333000030300303000030030300303003030030333003033333332000001112333333333033003030300030300030000300030030303030222223200
13333333333000030300303033033330300303003033330333303033333333100001111233333333030303030300033300033000300030033303330222233200
13333333333030030300303003030030300303003030300333303033333333311101111123333333030303030300030300030003030030033003030222233200
13333333333003300033000330030030333000330030030333303033333333321000111133333333033300300333030300033303030030030303030222233100
13333333333300000000000000000000000000000000003333300033333333320000011233222211000000000000000000000000000000000000002222332000
