11111111111100011111111111111110011111111111110000111111111000000111111000000011000000000000111111100000000100000000000011000011
11111111111111111111111111111110001111111111100330111111110033330011110033333001033333333330111111003333330103333333333010033011
11111111111111111111111111111111101111111111003330111111100333333001100333333300033333333330111111033333330103333333333000333011
11111111111111111111111111111111100000111111033330111111003300003300103330003330000000003300111111033000000100000000330003333011
11111111111111111111111111111111000000111111000330111111033001100330103300100330111111003301111111033011111111011100330100033011
11111111111111111110011111111110000000011111110330111111033022110330103301110330111111033001111110033000001111111103300111033011
11111111111111111102210011111110000000111111110330111111033022110330100001110330111110033011111110333333301111111003301111033011
11111111111111111033333201111111110001111111110330111111033011110330111111100330111110330011111100333333300111111033001111033011
11111111101111111133322331111111111100101111110330111111033001110330111111103300111100330111111000330000330011110033011111033011
10011111101110110233332233111111111110101111110330111111033011110330101111003301111103300111111100000110033001110330011111033011
00111111111110001332333233301111111000000111110330111111033011110330101110033001111003301111111101111111033011100330111111033011
01111111112110011231233233320111111000000011110330111111033011110330111100330011111033001111111100122110033011103300111111033011
01111111112211001231233223331111111100000001110330111111033011110330111003300111110033011111111100002210033011003300111111033011
00111111001111000133333333332001111111000001010330111100033000100330110033001111110330001111111100300200330011033000111111033011
10111111001111000023333333333100111110000000000330110000003300003300100330000000000330101111000003330003330010033001111110033010
11111111111111000013323331233200001111000000100330110330000333333001003333333330003300111001033000333333300000330011111100033011
11111111111110100012312331223200000001000000100330100330000033330011033333333330033301111000033010033333000103330111111000033011
11111111111110100000233332223300000000100000000000110000000000000001000000000000000001111100000011000000011100000111111101000011
11111111111101110000033333323200000000000000000000100001000000000000000111111111100111111110111111111111111111111111111101111000
11111111111100111010022333333100000000000000000000010000100000000000000001111111100001111110111111111111111111111110110001101000
11111111111100022110022333221000000000000000000000000000000000000000000001111111100000011110001111111111111111011100100000010000
11111111110012112210023332000000000000000000000000000000000000000000000000111111100000001010000100111111001110001100100000000000
11111111101122110110022320000000000000000000000000000000010000000000000000001111110000000000000101011110000111001100000000000000
00111111012221001111000000000000000000000000000000000000000000000000000000000100011000000000000001101111111111011100000000000000
00111111022000000000000000000000000000000000000000000000000000000000000000000000000000000000000000001111110000011100000000000000
10111111022033300300000330030003033330333000000000003000000000000000000000000000003330003300300003001111110030001110000000000000
11111111101030030300003003003030030000300300000000033000000000000000000000000000003003030030300003011111110330111110000000000000
10012211000030030300003003000300030000300300000000003000000000000000000000000000003330030030300003001100000030111110000000000000
10002221000033300300003333000300033300333000000000003000000000000000000000000000003003033330300003001100001030111100001111000000
00001211100030000300003003000300030000303000000000003000000000000000000000000000003003030030300003000010000030111100011111100000
10000111110030000333303003000300033330300300000000003000000000000000000000000000003330030030333303333010010030111100101111100000
10000111111000000000000000000000000000000000000000000000000000000000000000000000000000000000000000000010011000101111000010000001
