00000000000100000000000000000000000000001000000000000000000000000000000000000000000000000000000000000000000000000000000000000000
00000000000000000000000000000000000000000100000000000000333333000000333333000000333300000000000033330000000033330000000033333300
00000000000000000000000000000000000000000000000000000003333333000003333333000003333330000000000333333000000333333000000333333300
00000000000000000000000000000000000000000000000000000003300000000003300000000033000033000000003300003300003300003300000330000000
00000000000000000000000001000000000000000000000000010003300000000003300000000330000003300000033000000330033000000330000330000000
00000000000000000000000000100000000000000000000000100003300000000003300000000330000003300000033000000330033000000330000330000000
00000000000000000000000000000000000000000000000000000033333330000033333330000330100003300000033000000330033000000330003333333000
00000000000000000000000000000000000000000000000000000033333330000033333330000330010003300000033000000330033000000330003333333000
00000000000000000000000000000000000000000000000000000033000033000033000033000330100003300000033000000330033000000330003300003300
00000000000000000000000000000000000000000000000000000000000003300000000003300330000003300000033000000330033000000330000001100330
00000000000000000000000000000000000000000000000000000000001003300000000003300330000003300010033000000330033000000330000001000330
00000000000101000000000000000000000000000000000000000000000003300000001003300330000003300100033000000330033000000330000000000330
00000000000010000000000000000000000000000000000000000000000003300000000003300330000003300000033000000330033000000330000000000330
00000000000000000000000000000000000010000000000000000030000033000030000033000330000003300000033000000330033000000330003000003300
00000000000000000000000000000000000001000000000000000333000333000333000333010033000033000000003300003300003300003300033300033300
00000000000000000000000000000000000000000000000000000033333330000033333330001003333330000330000333333000000333333000003333333000
00000000000000000000000000000000000000000000000000000003333300000003333300000000333300000330000033330000000033330000000333330000
00000000000000000000000000000000000000000000000000000000000000000000000000000000000000000000001000000000000000000000000000000000
00000000000000000000000000000000000000000000000000000000000000000000001000100000010000000000000000000000000000000000000000000000
00000000000000000000000000000000100000000000100000000000100100000000100000000000000000000000000000000000000000000000000000000000
00000000000000000000000000000001000000000000010000000000000000000000000000000000010000000000000000000000000000000000000000000000
00000000000000000000000000000000100000000000000000000000000000000000000000000000000000000000000000000000000000000000000000000000
00000000100000000000000000000000000000000000000000000000000000000000000000000000000000000000000000000000000000000000000000000000
00000001110000000000000000000000000000000000000000000000010000010000000000000000000000000000000000000000000000000000000000000000
00000000100000000000000000000000000000000000000000000000000000000000000010000000000000000000000000000000000000000000000000000000
00000000000033300300000330030003033330333000000000003000000000000000000100000000103330003300300003000000000330000000000000000000
00000000000030030300003003003030030000300300000000033000000000010000000000000000003003030030300003000000003003000000000000000000
00000000000030030300003003000300030000300300000000003010000000001000000000000000003330030030300003000000000003000000000000000000
00000000000033300300003333000300033300333000010000003011000000000000000000010000003003033330300003000000000330000000000000000000
00000000000030000300003003000300030000303000111000003010000000000000000000001000003003030030300003000000003000000000000000000000
00000000000030000333303003000300033330300300010000003000000000000000000000000000003330030030333303333001003333000000000000000000
00000000000000000000000000000000000000000000000000000000000000000000000000000000000000000000000000000010000000000010000000000000
