00000000000000000000000000000000000000000000000000000000000000000000000000000000000000000000000000000000000000000000000000000000
00000000000000000000000000000000000000000000000000000000000000000000000000000000000000000000000000000000000033330000000033330000
00000000000000000000000000000000000000000000000000000000000000000000000000000000000000000000000000000000000333333000000333333000
00000000000000000000000000000000000000000000000000000000000000000000000000000000000000000000000000000000000000003300003300003300
00000000000000000000000000000000000000000000000000000000000000000000000000000000000000000000000000000000000000000330033000000330
00000000000000000000000000000000000000000000000000000000000000000000000000000000000000000000000000000000000000000330033000000330
00000000000000000000000000000000000000000000000000000000000000000000000000000000000000000000000000000000000000000330033000000330
00000000000000003330000000000000003333300000333330033300333000000000333000000000333000000033333300000033300000030330033000000330
00000000000000003111000000000000003111110000311111031110311100000000311100000000311100003331111113000031110000030330033000000330
00000000000000033111000000000000003111110000311111031110311100000000311100000000311100003111111111100031111000030330033000000330
00000000000003331111000000000000003111110003311111031110311100000000311100000000311100033111111111100031111100030330033000000330
00000000000033111111000000000000003111311003113111031110311100000000311100000000311100331111000011110031111100030330033000000330
00000000000031111111000000000000003111311003113111031110311100000000311100000000311100311110000001111031111110030330033000000330
00000000000001113111000000000000003111311033113111031110311100000000311100000000311100311100000003111031113110030330033000000330
00000000000000003111000000000000003111311131113111031110311100000000311100000000311100311100000003111031110111033300003300003300
00000000000000003111000000000000003111011131113111031110311100000000311100000000311100311100000003111031110311033000000333333000
00000000000000003111000000000000003111031131103111031110311100000000311100000000311100311100000003111031110011130010000033330000
00000000000000003111000000000000003111031131103111031110311100000000311100000000311100311100000033111031110031130110000000000000
00000000000000003111000000000000003111031111103111031110311100000000311100000000311100011110000331111031110001111110000000000000
00000000000000003111000000000000003111001111103111031110311133333300311133333300311100001111333311110031110003111110000000000000
00000000000000003111000000000000003111003111003111031110311111111110311111111110311100003111111111100031110000111110000000000000
00000000000000003111000000000000003111003111003111031110311111111110311111111110311100000111111111100031110000011110000000000000
00000000000000000111000000000000000111000111000111001110011111111110011111111110011100000001111110000001110000001110000000000000
00000000000000000000000000000000000000000000000000000000000000000000000000000000000000000000000000000000000000000000000000000000
00000000000000000000000000000000000000000000000000000000000000000000000000000000000000000000000000000000000000000000000000000000
00000000000033300300000330030003033330333000000000003000000000000000000000000000003330003300300003000000000030000000000000000000
00000000000030030300003003003030030000300300000000033000000000000000000000000000003003030030300003000000000330000000000000000000
00000000000030030300003003000300030000300300000000003000000000000000000000000000003330030030300003000000000030000000000000000000
00000000000033300300003333000300033300333000000000003000000000000000000000000000003003033330300003000000000030000000000000000000
00000000000030000300003003000300030000303000000000003000000000000000000000000000003003030030300003000000000030000000000000000000
00000000000030000333303003000300033330300300000000003000000000000000000000000000003330030030333303333000000030000000000000000000
00000000000000000000000000000000000000000000000000000000000000000000000000000000000000000000000000000000000000000000000000000000
