00000000000000000000000000000000000000000000000000000000000000000000000000000000000000000000000000000000000000000000000000000000
00000000000000000000000000000000000000003333300000000000333333000333333333300000333300000000033333333330000033330000000033333300
00000000000000000000000000000000000000033333330000000003333333000333333333300003333330000000033333333330000333333000000333333300
00000000000000000000000000000000000000333000333000000003300000000000000033000033300333000000000000003300003330033300000330000000
00000000000000000000000000000000000000330000033000000003300000000000000033000330000003300000000000003300033000000330000330000000
00000000000000000000000000000000000000330000033000000003300000000000000330000330000003300000000000033000033000000330000330000000
00000000000000000000000000000000000000000000033000000033333330000000000330000330000003300000000000033000033000000330003333333000
00000000000000000000000000000000000000000000033000000033333330000000003300000330000003300000000000330000033000000330003333333000
00000000000000000000000000000000000000000000330000000033000033000000003300000333000033300000000000330000033300003330003300003300
00000000000000000000000000000000000000000000330000000000000003300000033000000033333333000000000003300000003333333300000000000330
00000000000000000000000000000000000000000003300000000000000003300000033000000003333333000000000003300000000333333300000000000330
00000000000000000000000000000000000000000033000000000000000003300000330000000000003330000000000033000000000000333000000000000330
00000000000000000000000000000000000000000330000000000000000003300000330000000000003300000000000033000000000000330000000000000330
00000000000000000000000000000000000000003300000000000030000033000003300000000000033000000000000330000000000003300000003000003300
00000000000000000000000000000000000000033000000000000333000333000003300000000000330000000000000330000000000033000000033300033300
00000000000000000000000000000000000000333333333003300033333330000033000000000003300000000330003300000000000330000000003333333000
00000000000000000000000000000000000003333333333003300003333300000333000000000033000000000330033300000000003300000000000333330000
00000000000000000000000000000000000000000000000000000000000000000000000000000000000000000000000000000000000000000000000000000000
00000000000000000000000000000000000000000000000000000000000000000000000000000000000000000000000000000000000000000000000000000000
00000000000000000000000000000000000000000000000000000000000000000000000000000000000000000000000000000000000000000000000000000000
00000000000000000000000000000000000000000000000000000000000000000000000000000000000000000000000000000000000000000000000000000000
00000000000000000000000000000000000000000000000000000000000000000000000000000000000000000000000000000000000000000000000000000000
00000000000000000000000000000000000000000000000000000000000000000000000000000000000000000000000000000000000000000000000000000000
00000000000000000000000000000000000000000000000000000000000000000000000000000000000000000000000000000000000000000000000000000000
00000000000000000000000000000000000000000000000000000000000000000000000000000000000000000000000000000000000000000000000000000000
00000000000000000000000000000000000000000000000000000000000000000000000000000000000000000000000000000000000000000000000000000000
00000000000000000000000000000000000000000000000000000000000000000000000000000000000000000000000000000000000000000000000000000000
00000000000000000000000000000000000000000000000000000000000000000000000000000000000000000000000000000000000000000000000000000000
00000000000000000000000000000000000000000000000000000000000000000000000000000000000000000000000000000000000000000000000000000000
00000000000000000000000000000000000000000000000000000000000000000000000000000000000000000000000000000000000000000000000000000000
00000000000000000000000000000000000000000000000000000000000000000000000000000000000000000000000000000000000000000000000000000000
00000000000000000000000000000000000000000000000000000000000000000000000000000000000000000000000000000000000000000000000000000000
