22222222200000211222222100000000000000000011010000111111121111111111111111112222221111111111111212122221111222112211111111111110
11220002203330022222222100000000003330000011110000111111111111111111111111111211122111111111111112212222222222122211111111111110
11220302200003022200002111000300000003001111111100011110111111111111111111111111112111111111111111112222221222122211111111111100
21220302222203022203302211000300000003001111110000011100111111111111111111111111111111111111111111112222221222112221111111111110
22220302200003022203302211100300000003000110110000001100000111111111111111111111111111111111111111222222222222222221111111111100
21120002103330022200002211100000003330000000000000000000000111111111111111111111111111111111111111112211112222222221111111111110
21110302100003022200002211100300030000000000000000000000000010010001101111111111111111111111111111112211112222222211112222111110
11000302210003022203302221110300030000000000000000000000000000000000000001111111111111111111111111112221111222222211122222211100
21000302200003022203302221110300030000000000000000000000000000000000000001111111111111111111111111112221121222222211212222211100
21110002203330022200002222110000003330000000000000000000000000000000000000111111101111111111111111111221122222212222111121111100
22221222200000222222222222221100000000000000000000000000000000000000000000111112101111111111111111111122221222211221111222111100
22222222222222222222222222221110000000000000000000000000000000000000000000011112111111111111111111110121122222211221111221111100
22222222222222222222222222221110000000000000000000000000000000000000000000000002000000000000111111100000000100000000000021000011
22222222222222222222222222222110000000000000000000033000000000033000000033333001033333333330111111003333330103333333333010033011
21222222222222222222222222322211111000000000000000333000000000333000000333333300033333333330111111033333330203333333333000333000
21122222211222222222222222322221111100000000000003333000000003333000003330003330000000003300111111033000000200000000330003333000
21212222111222222222222222322222222110000000000000033000000000033000003300000330000000003300111111033011111111111100330100033000
22222222222222222222222222222222222211111110000000033000000000033000003300000330000000033000001100033000001121111203300100033000
12222222222222222222222222222222222222111111101011033000000000033000000000000330000000033000000100333333301121111003301101033000
12222111222222222222222223232322232222222222111111033000000000033000000000000330000000330000000010333333300122222033001111033000
22221111222222222223232232233333333333333222222222033000000000033000000000003300000000330000000010330000330012210033011111033000
22222222222222222222322323233333333333333333333222033010100000033000000000003300000003300000000000000010033011110330011011033000
22222222222222222222233323233333333333333333333333033022211000033000000000033000000003300000000000000001033011100330111112033011
22222222222222222222223333333333333333333333333333033033222100033000000000330000000033000000000000000000033011103300111113033022
22222222222222222222223333333333333333333333333333033033333222033000000003300000000033000000000000000000033011003301111122033022
22222222222222222222222233333333333333333333333333033033333322033011000033000000000330000000000000300000330011033002111222033022
22222222222223322222222233333333333333333333333333033033000033033021000330000000000330000000000003330003330110033022111222033022
22222222222222322222222333333333333333333333333333033033033033033022003333333330003300000000033000333333300100330022111222033022
22222222222222222222222333333333333333333333333333033033033033033033033333333330033300000000033000033333000103330112112222033022
22222222222222222222222322333333233333333333333333000033000033000033000000000000000000000000000000000000011100000211112222000022
22222222222222232222222222233333333333333333333333333333333333333333333332110000000000000000000000000011111111001111122222222211
22222222222222222322222222222222333333333333333333333333333333333333333333221000000000000000000000000000111111101111122222221100
