11222222112222222222221000111112222222111112122222222211111111222222222222222222222222212222222210023322101222221001222222221222
21222222112222222222221000011111222221111111112222222121111111222222222222222222122222212222222210012222210122221112222221122221
22222222222222222222221000000101112222111111211122222221111111222222222222222221122222222112222211112222221122222222222211122222
22222222222222222222221100000100111112111111211112211221111111122122222222222122222222222111222222112222221222222222222111221222
22200000000000000022211100000000001001210000000000221120000000002112222222222112222222222211222222222222000000002222200000000222
22203333333333333102220000000000001000110333333320211102333333301111110000000022211222222200000000222222033333302222023333330111
22203133133313313200200122221000000000110313313320121103331331301111100122221002211112222001222210022220231331310220223133130111
22203333333333333220013333333310000000000333333331011103333333301110013333333310211111100133333333102202233333330202223333330111
22201133333333311222233333333333100000000333333332011113333333301102233333333333111111022333333333331022233333331022213333330110
22222131333331311122233333333333300000000333333332011023333333301022233333333333301110222333333333333022133333332222113333330110
11222033333333321122223333333333320000000333333333011033333333301122223333333333320101222233333333333221133333333221113333330110
11222033333333321122223333333333331000100313333313111131333331300122223333333333331001222233333333333321131333313311113133130100
21222033333333321122222233333333333100000333333333101233333333301122222233333333333101222222333333333331133333333331113333330110
22222033333333321122222233333333333100000333333333201333333333301122222233333333333101222222333333333333133333333333113333330100
21123031333331321122222223333333333100000333333333200333333333301122222223333333333301222222233333333333133333333333313333330110
21113033333333231122222222333333333100000333333233311333323333301122222222333333333301222222223333333333133333333331323333330110
11002033333332231112222223333333333200000333333222211333223333301112222223333333333301122222233333333332133333332333333333320100
21001033333322231111122222223333333200000313312221222313222131301111122222223333333201111222222233333332133333322333333333220100
21111033333222231111122222222322322100000333322122222332212333201111122222222322322201111222222223223222131333121331333332120100
22221031332221231111111222222222222000000333222112222222112332201111111222222222222001111112222222222221133332221133333322220100
22222033322222233111111222222222222000000332222112222231112322200111111222222222222000111112222222222221133322221113333222220100
22200033222222233311111111222222221000000222222102222231012222200111111111222222221000111111112222222211133222221113332222220111
22202222222222222211111111112122210000000222222102232221012222200011111111112122210100011111111121222111122222221111322222220111
21202122122221221231111111111111101000000212212102122121012121200001111111111111101100001111111111111011122222221111132222220100
21102222222222222233111111111110011100000222222102222221012222200000111111111110011000000111111111100011121222120111112122120100
21200111111111111113311111111100222110000111111101111111011111100000001111111100000000000001111111001011122222220011112222220000
22222011111111111111300000000022222211110011111100111111011111000000000000000000000000000000000000011011111111100001111111110100
12222200000000000000002222222222222222111000000001000000000000000000000000000000000000000000000100111011111111001200111111100100
12222222222222222222222222222222222222111111101011000000000000000000000000000000000000000000000100111000000000001110000000001100
12222111222222222222222223232322232222222222111111111000000000000000000000000000000000000000000010010111111122222211111111111100
22221111222222222223232232233333333333333222222222221100000000000000000000000000000000000000000010000011111112211211111111111100
22222222222222222222322323233333333333333333333222222110100000000000000000000000000000000000000000000011111111111211111011111100
