12222222223221222222211110112222222111111122222222222222222222222222222222222222222222222222222211233221112322222111222222222222
12222222223322222222221000112222222211111112222222222222122222222222222222222222222222222222222211233321101222221001222222221222
11222222112222222222221000111112222222111112122222222211111111222222222222222222222222212222222210023322101222221001222222221222
21222222112222222222221000011111222221111111112222222121111111222222222222222222122222212222222210012222210122221112222221122221
22200000000000000022221000000101112222110000000000222220000000002222222222222221122222222112222211112222000000002222200000000222
22203333333333333102220000000000111112110333333320211202333333302122220000000022222222222100000000112222033333302222023333330222
22203133133313313200200122221000001001210313313320221103331331302112200122221002222222222001222210022220231331310220223133130222
22203333333333333220013333333310001000110333333331011103333333301110013333333310211222200133333333102202233333330202223333330111
22201133333333311222233333333333100000110333333332021113333333301102233333333333111112022333333333331022233333331022213333330111
22222131333331311122233333333333300000000333333332011023333333301022233333333333301110222333333333333022133333332222113333330111
22222033333333321122223333333333320000000333333333011033333333301122223333333333320101222233333333333221133333333221113333330110
22222033333333321122223333333333331000000313333313111131333331300122223333333333331001222233333333333321131333313311113133130110
11222033333333321122222233333333333100000333333333101233333333301122222233333333333101222222333333333331133333333331113333330110
11222033333333321122222233333333333100100333333333201333333333301122222233333333333101222222333333333333133333333333113333330100
21222031333331321122222223333333333100000333333333201333333333301122222223333333333301222222233333333333133333333333313333330110
22222033333333231122222222333333333100000333333233311333323333301122222222333333333301222222223333333333133333333331323333330100
21123033333332231112222223333333333200000333333222211333223333301112222223333333333301122222233333333332133333332333333333320110
21113033333322231111122222223333333200000313312221222313222131301111122222223333333201111222222233333332133333322333333333220110
11002033333222231111122222222322322100000333322122222332212333201111122222222322322201111222222223223222131333121331333332120100
21001031332221231111111222222222222000000333222112222222112332201111111222222222222001111112222222222221133332221133333322220100
21111033322222233111111222222222222000000332222112222231112322200111111222222222222000111112222222222221133322221113333222220100
22200033222222233311111111222222221000000222222102222231012222200111111111222222221000111111112222222211133222221113332222220100
22202222222222222211111111112122210000000222222102232221012222200011111111112122210100011111111121222111122222221111322222220100
22202122122221221231111111111111100000000212212102122121012121200001111111111111101110001111111111111011122222221111132222220111
22202222222222222233111111111110000000000222222102222221012222200000111111111110011110000111111111100011121222120111112122120111
21200111111111111113311111111100111000000111111101111111011111100000001111111100111100000001111111000011122222220011112222220100
21122011111111111111300000000021111100000011111100111111011111000000000000000000111000000000000000011011111111100001111111110100
21212200000000000000002222322222222110000000000000000000000000000000000000000000000000000000111111111011111111001100111111100000
22222222222222222222222222222222222211111110000000000000000000000000000000000000000000000000001101111000000000001220000000001100
12222222222222222222222222222222222222111111101011000000000000000000000000000000000000000000000100111111111121111111111101111100
12222111222222222222222223232322232222222222111111111000000000000000000000000000000000000000000010010111111122222211111111111100
22221111222222222223232232233333333333333222222222221100000000000000000000000000000000000000000010000011111112211211111111111100
