21123322111232222222222211100000000000000000000000000000000111111111111111111111111111111111111111112211112222222221111111111110
21113332110122222222222211100000000000000000000000000000000010010001101111111111111111111111111111112211112222222211112222111110
11002322210012222222222221110000000000000000000000000000000000000000000001111111111111111111111111112221111222222211122222211100
21001222221112222222222221110000000000000000000000000000000000000000000001111111111111111111111111112221121222222211212222211100
21100000000000000022222222110000000000000000000000000000000000000000000000111111101111111111111111111221000000002222100000000100
22203333333333333102220000000000000000000333333320000002333333300000000000000012101111111100000000111122033333301221023333330100
22203133133313313200200122221000000000000313313320000003331331300000000122221002111111111001222210010120231331310220223133130100
22203333333333333220013333333310000000000333333331000003333333300000013333333310111111000133333333100102233333330202223333330100
22201133333333311222233333333333100000000333333332000013333333300002233333333333111111022333333333331022233333331022213333330111
22222131333331311122233333333333300000000333333332000023333333300022233333333333301110222333333333333022133333332222113333330111
21222033333333321122223333333333320000000333333333000033333333300122223333333333320101222233333333333221133333333221113333330100
21122033333333321122223333333333331000000313333313100131333331300122223333333333331001222233333333333321131333313311113133130100
21212033333333321122222233333333333100000333333333100233333333301122222233333333333101222222333333333331133333333331113333330000
22222033333333321122222233333333333101110333333333200333333333301122222233333333333101222222333333333333133333333333113333330100
12222031333331321122222223333333333102110333333333200333333333301122222223333333333301222222233333333333133333333333313333330100
12222033333333231122222222333333333102220333333233311333323333301122222222333333333301222222223333333333133333333331323333330100
22221033333332231112222223333333333203330333333222211333223333301112222223333333333301122222233333333332133333332333333333320100
22222033333322231111122222223333333203330313312221222313222131301111122222223333333201111222222233333332133333322333333333220100
22222033333222231111122222222322322103330333322122222332212333201111122222222322322201111222222223223222131333121331333332120111
22222031332221231111111222222222222033330333222112222222112332201111111222222222222001111112222222222221133332221133333322220122
22222033322222233111111222222222222033330332222112222231112322200111111222222222222000111112222222222221133322221113333222220122
22200033222222233311111111222222221333330222222102222231012222200111111111222222221000111111112222222211133222221113332222220222
22202222222222222211111111112122210333330222222102232221012222200011111111112122210000011111111121222111122222221111322222220222
22202122122221221231111111111111103333330212212102122121012121203001111111111111100000001111111111111011122222221111132222220222
22202222222222222233111111111110033333330222222102222221012222203300111111111110000000000111111111100011121222120111112122120222
22200111111111111113311111111100233333330111111101111111011111103330001111111100000000000001111111000011122222220011112222220222
22222011111111111111300000000033333333330011111100111111011111003333300000000000000000000000000000000011111111100001111111110211
22222200000000000000002222222222333333333000000003000000300000033333333333221000000000000000000000000011111111001100111111100100
22222222222222222222211111222222222232233333333333333333333333333333333333332111000000000000000000000000000000001110000000001110
22222222222222222222111111122222222222222223333333333333333333333333333333333211000000000000000000000000011110121111111222112110
22222222222222222222111111122222222222222222333333333333333333333333333333333322210000000000000000000000001110021111122222122110
22222222222222222211111111112122222222222222233333333333333333333333333333333333211000000000000000000000001111011111122222111110
