22222222222222222222222222222110000000000000000000000000000000000000000000000011111110000111111111100011112122211222212211111111
21222222222222222222222222322211111000000000000000000000000000000000000000000001111100000111111111110011111222211222222211111100
21122222211222222222222222322221111100000000000000000000000000000000000000000000111000000011111111111111111211211212211210111100
21212222111222222222222222322222222110000000000000000000000000000000000000000000000000000000111111111111111111111112111100111000
22200000000000000022222222222222222211110000000000000000000000000000000000000000000000000000001101111111000000001221100000000100
12203333333333333102220000000022222222110333333320000002333333300000000000000000000000000000000000111111033333301111023333330100
12203133133313313200200122221002232222220313313320111003331331300000000122221000000000000001222210010110231331310210223133130100
22203333333333333220013333333310333333330333333331021103333333300000013333333310000000000133333333100002233333330202223333330100
22201133333333311222233333333333133333330333333332022113333333300002233333333333100000022333333333331022233333331022213333330100
22222131333331311122233333333333303333330333333332033023333333300022233333333333300000222333333333333022133333332222113333330111
22222033333333321122223333333333320333330333333333033033333333300122223333333333320001222233333333333221133333333221113333330122
22222033333333321122223333333333331033330313333313133131333331300122223333333333331001222233333333333321131333313311113133130122
22222033333333321122222233333333333103330333333333103233333333301122222233333333333101222222333333333331133333333331113333330222
22222033333333321122222233333333333103330333333333203333333333301122222233333333333101222222333333333333133333333333113333330222
22222031333331321122222223333333333103330333333333203333333333301122222223333333333301222222233333333333133333333333313333330222
22222033333333231122222222333333333103330333333233311333323333301122222222333333333301222222223333333333133333333331323333330222
22222033333332231112222223333333333203330333333222211333223333301112222223333333333301122222233333333332133333332333333333320222
22222033333322231111122222223333333203330313312221222313222131301111122222223333333201111222222233333332133333322333333333220211
22222033333222231111122222222322322103330333322122222332212333201111122222222322322201111222222223223222131333121331333332120100
22222031332221231111111222222222222032230333222112222222112332201111111222222222222001111112222222222221133332221133333322220110
22222033322222233111111222222222222022220332222112222231112322200111111222222222222000111112222222222221133322221113333222220110
22200033222222233311111111222222221222220222222102222231012222200111111111222222221000111111112222222211133222221113332222220110
22202222222222222211111111112122210222220222222102232221012222200011111111112122210000011111111121222111122222221111322222220110
23202122122221221231111111111111101112220212212102122121012121203001111111111111102100001111111111111011122222221111132222220110
22202222222222222233111111111110011111110222222102222221012222203300111111111110022110000111111111100011121222120111112122120110
22200111111111111113311111111100000000000111111101111111011111102330001111111100333211100001111111000011122222220011112222220110
22222011111111111111300000000000000000000011111100111111011111001223300000000003333321100000000000000011111111100001111111110210
22222200000000000000000000000000000000000000000000000000000000000001233333333333333322211000000000000011111111001100111111100212
22222222222222220000000000000000000000000000000000000000000000000000123333333333333333221000000000000000000000001110000000002223
11222222222232220000000000000000000000000000000000000000000000000000001233333333333333321100000000000000000000000011111211222222
11222222222233221000000000000000000000000000000000000000000000000000000233333333333333322110000000000000000000000011122211223211
11122222222332210000000000000000000000000000000000000000000000000000000012333333333333333221000000000000000000000001111211232210
