21222222222222222222222222322211111000000000000000000000000000000000000000000001111100000111111111110011111222211222222211111100
21122222211222222222222222322221111100000000000000000000000000000000000000000000111000000011111111111111111211211212211210111100
21212222111222222222222222322222222110000000000000000000000000000000000000000000000000000000111111111111111111111112111100111000
22222222222222222222222222222222222211111110000000000000000000000000000000000000000000000000001101111111111121111221111100111100
12200000000000000022222222222222222222110000000000000000000000000000000000000000000000000000000100111111000000001111100000000100
12203333333333333102220000000022232222220333333320111002333333300000000000000000000000000000000000010111033333302211023333330100
22203133133313313200200122221003333333330313313320221103331331300000000122221000000000000001222210000010231331310210223133130100
22203333333333333220013333333310333333330333333331022103333333300000013333333310000000000133333333100002233333330202223333330100
22201133333333311222233333333333133333330333333332033213333333300002233333333333100000022333333333331022233333331022213333330111
22222131333331311122233333333333303333330333333332033023333333300022233333333333300000222333333333333022133333332222113333330122
22222033333333321122223333333333320333330333333333033033333333300122223333333333320001222233333333333221133333333221113333330122
22222033333333321122223333333333331033330313333313133131333331300122223333333333331001222233333333333321131333313311113133130222
22222033333333321122222233333333333103330333333333103233333333301122222233333333333101222222333333333331133333333331113333330222
22222033333333321122222233333333333103330333333333203333333333301122222233333333333101222222333333333333133333333333113333330222
22222031333331321122222223333333333103330333333333203333333333301122222223333333333301222222233333333333133333333333313333330222
22222033333333231122222222333333333103330333333233311333323333301122222222333333333301222222223333333333133333333331323333330222
22222033333332231112222223333333333203330333333222211333223333301112222223333333333301122222233333333332133333332333333333320211
22222033333322231111122222223333333203330313312221222313222131301111122222223333333201111222222233333332133333322333333333220100
22222033333222231111122222222322322102230333322122222332212333201111122222222322322201111222222223223222131333121331333332120110
22222031332221231111111222222222222022220333222112222222112332201111111222222222222001111112222222222221133332221133333322220110
22222033322222233111111222222222222022220332222112222231112322200111111222222222222000111112222222222221133322221113333222220110
22200033222222233311111111222222221222220222222102222231012222200111111111222222221000111111112222222211133222221113332222220110
23202222222222222211111111112122210112220222222102232221012222200011111111112122210100011111111121222111122222221111322222220110
22202122122221221231111111111111101111110212212102122121012121203001111111111111102110001111111111111011122222221111132222220110
22202222222222222233111111111110000000000222222102222221012222202300111111111110033211000111111111100011121222120111112122120110
22200111111111111113311111111100000000000111111101111111011111101220001111111100333321100001111111000011122222220011112222220210
22222011111111111111300000000000000000000011111100111111011111000001200000000003333322211000000000000011111111100001111111110212
22222200000000000000000000000000000000000000000000000000000000000000123333333333333333221000000000000011111111001100111111100223
11222222222232220000000000000000000000000000000000000000000000000000001233333333333333321100000000000000000000000010000000002222
11222222222233221000000000000000000000000000000000000000000000000000000233333333333333322110000000000000000000000011122211223211
11122222222332210000000000000000000000000000000000000000000000000000000012333333333333333221000000000000000000000001111211232210
11112222222332310000000000000000000000000000000000000000000000000000000001233333333333333322100000000000000000000000111112322200
