22222222222222222222222222222222232200000000000000000000000000000000000000000000012222333333333333333333332211100000000001122221
22222222222222222222222222222222223320000000000000000000000000000000000000000000022222333333333333333333332111110000001000122220
22222222222222222222222222222222222332000000000000000000000000000000000000000000021222233333333333333333332111110000001110122220
22222222222222222222222222222222222332100000000000000000000000000000000000000000121222233333333333333333332111110000000111222220
22200000000000000022222222222222222223320000000000000000000000000000000000000000121222222333333333333333000000000000000000000221
22203333333333333102220000000022222222320333333320000002333333300000000000000000111122222200000000333333033333300000023333330221
22203133133313313200200122221002222222330313313320000003331331300000000122221001111222222001222210033330231331310000223133130221
22203333333333333220013333333310222222230333333331000003333333300000013333333310121122200133333333103302233333330002223333330222
22201133333333311222233333333333122222220333333332000013333333300002233333333333121122022333333333331022233333331022213333330222
22222131333331311122233333333333302222220333333332000023333333300022233333333333301120222333333333333022133333332222113333330222
11222033333333321122223333333333320222220333333333000033333333300122223333333333320201222233333333333221133333333221113333330222
11222033333333321122223333333333331022220313333313100131333331300122223333333333331001222233333333333321131333313311113133130222
11222033333333321122222233333333333102220333333333100233333333301122222233333333333101222222333333333331133333333331113333330222
11222033333333321122222233333333333102220333333333200333333333301122222233333333333101222222333333333333133333333333113333330222
11122031333331321122222223333333333102220333333333202333333333301122222223333333333301222222233333333333133333333333313333330222
11111033333333231122222222333333333102220333333233311333323333301122222222333333333301222222223333333333133333333331323333330222
11111033333332231112222223333333333202220333333222211333223333301112222223333333333301122222233333333332133333332333333333320222
11111033333322231111122222223333333202210313312221222313222131301111122222223333333201111222222233333332133333322333333333220222
11111033333222231111122222222322322102220333322122222332212333201111122222222322322201111222222223223222131333121331333332120222
11111031332221231111111222222222222022220333222112222222112332201111111222222222222001111112222222222221133332221133333322220222
11111033322222233111111222222222222022220332222112222231112322200111111222222222222000111112222222222221133322221113333222220222
11100033222222233311111111222222221222220222222102222231012222200111111111222222221000111111112222222211133222221113332222220222
11102222222222222211111111112122210222210222222102232221012222200011111111112122210200011111111121222111122222221111322222220222
11102122122221221231111111111111102222220212212102122121012121202001111111111111102220001111111111111011122222221111132222220210
22102222222222222233111111111110022222220222222102222221012222202200111111111110022221000111111111100011121222120111112122120222
22100111111111111113311111111100222222220111111101111111011111102220001111111100222211120001111111002011122222220011112222220222
22222011111111111111300000000022222222220011111100111111011111002222200000000002222222222200000000022011111111100001111111110222
22222200000000000000002222222222222222222000000002000000200000022222222222222222222222222222222222222011111111002200111111100222
22222222222222222222222222222222222222222122332211123222222222222222222222222222222222222222222222222000000000002220000000002122
22222222222222222222222222222222222222221112332211022222222222222222222222222222222222222222222222222222222222222222222222221122
22222222222222222222222222222222222222221101232221012222222222222222222222222222222222222222222222222222222221222222222222202223
22222222222222222222222222222222222222222100122221111222222222222222222222222222222222222222222222222222222222222222222222211223
