13222222333322110000001100001112321110000111112322111000001000012331000111333333333323322222333223332333333223322233333332000000
13333223333332221111001211111123321110000111111322221001002100111121000111233322333333321122222332232333333222222233333333100000
13333333333333333222222332222233332110000111111232222000001100110011101111233211123312320111111222222333333322223223333333310000
13333333333333333333333333333333333320000111111133332000001101100011100111133111111210220001111112332223333333222333333333320000
13233333333333333333333333333333333332100111111123332100001100000010000111023211210010120001111111133222233333222233333333331000
12233333333333333333333333333333333333321011111111233221102221000010001011113321120000111001111111123322233333322222333333332000
13333333333333333333333333333333333333332010111111122333223332110012122100112332111000111001000011112332223333332222333333333000
13333333333333333333333333333333333333332000001111111223333333321123333210111233211110000000000100111232223333332222233333333100
13333333333333333333322222222223333333332001000011011113333333333333333332210012332222100120000000011123222333333322233333333200
13333333333333333333322111122222223333332001110001111113333333333333333333321001123333322232100000011123212233333322233333333200
12333333333333333333332222222223222233332000010001111113333333333333333333331001102333333333321000001113322233333322223333333300
11222222222222322000000000000000000000000000000101111103333333333321233312331000002333333333332000000112321223333322223333333300
01111111111111110033300333330033300333300333330011111113333333333211122222331010002333333323333100000111331223333332233333333300
01000000010011110300030003000300030300030003000111111112333333332221222222332000002333332112323210000001332223333332223333333300
11111111111111220300000003000300030300030003000000100001111223321111111111111111112332221122221000000111232123333332223333333300
11222122122222220033300003000300030333300003000111121222212222321111111111111111123332111100000000000111232123333332223333333300
12222222122222220000030003000333330303000003002222223332223333332222222222222222333332011100000000000111232123333322223333333300
12222222222222220000030003000300030300300003002232333332333333333333333333333333333321111000000000000111232123333332223333333300
12222222222222220300030003000300030300030003003333333333333333333333333333333333333221111000000000000100232122333332223333333300
12222222222222220033300003000300030300003003003333333333333332333322222333333332321100000000000000000001231123333322223333333200
12222222222223233000000000000000000000000000003333333333323333211111102333333333321000000000000000000001231123333322223333333200
13222222233333333333323322322222212111222333333333333333333333200000001333333333332100000000000000000001321123333322222333333200
13333333333333333333333333210000000000001333333333333333333333320000000233333333333310000000000000000111321223333322222333333200
13333333333333332233333333310000000000000233333333333333333333331000000023333333333332000000000000000012311233333222222333333100
13333333333000000000000000000000000000000033333333300033333333333100000013333333300000000000000000000013211000333221222333333100
13332233333033300300000330030003033330333003333333003033333333333210000002333333303330003300300003000023210030332221223333332000
13333233333030030300003003003030030000300302333333033033333333333320000001333333303003030030300003000132120330322222223333331000
13333333333030030300003003000300030000300301333333003033333333333331000000233333303330030030300003001222120030322222223333320000
13333333333033300300003333000300033300333001233333303033333333333332100000123333303003033330300003011321223030222222233333200000
13333333333030000300003003000300030000303001123333303033333333333333210000013333303003030030300003000012223030122222223333100000
13333333333030000333303003000300033330300301123333303033333333333333310000013333303330030030333303333022233030222222223332000000
13333333333000000000000000000000000000000001112333300033333333333333210000122221100000000000000000000022333000222222233320000000
