11111111111100011111111111111110011111111111111111111111100000111111111110000011100000111000001110000011100000011000001111111111
11111111111111111111111111111110001111111111111111110001103330010001000100333011103330010033300110333001103330010033300111111111
11111111111111111111111111111111101111111111111111110301100003010301030103000011100003010300030110000301100003010300030111111111
11111111111111111111111111111111100000111111111111110301112203010301030103011111111103010300030111110301111103010300030111111111
11111111111111111111111111111111000000111111111111110301100003010300030103000011100003010300030111110301111103010300030111111111
11111111111111111110011111111110000000011111111111110001003330010033300100333001003330010033300111110001111100010033300111111111
11111111111111111102210011111110000000111111111111110301030000111000030110000301030000110300030111110301111103010300030111111111
11111111111111111033333201111111110001111111111111110301030011111111030111110301030111110300030101110301111103010300030111111111
11111111101111111133322331111111111100101111111111110301030000111111030110000301030000110300030001110301111103010300030111111111
10011111101110110233332233111111111110101111111111110001003330111111000010333001003330110033300001110001111100010033300111111111
00111111111110001332333233301111111000000111111111111111100000111111103010000011100000111000003001111111111111111000001111111111
01111111112110011231233233320111111000000011111111111111111111111111100011111111111111111111100000122110001211111000111111111111
01111111112211001231233223331111111100000001111111111111011111111111111111111111111111111111111100122210000111110000111111110111
00111111001111000133333333332001111111000001011111111100000000111111111111111111111111101111111100012211000111110000111111110111
10111111001111000023333333333100111110000000001111111010000000111111111111111111011111101111111100001111100011110001111110011110
11111111111111000013323331233200001111000000100011111110000000111111111111111110011111111001111100001111110011111111111100011111
11111111111110100012312331223200000001000000100001100110000000011011111111111011111111111000111111001111110111111111111000110111
11111111111110100000233332223300000000100000000001110010000000011001111111111001111111111100111111111111111111111111111101111111
11111111111101110000033333323200000000000000000000100001000000000000000111111111100111111110111111111111111111111111111101111000
11111111111100111010022333333100000000000000000000010000100000000000000001111111100001111110111111111111111111111110110001101000
11111111111100022110022333221000000000000000000000000000000000000000000001111111100000011110001111111111111111011100100000010000
11111111110012112210023332000000000000000000000000000000000000000000000000111111100000001010000100111111001110001100100000000000
11111111101122110110022320000000000000000000000000000000010000000000000000001111110000000000000101011110000111001100000000000000
00111111012221001111000000000000000000000000000000000000000000000000000000000100011000000000000001101111111111011100000000000000
00111111022200000000000000000000000000000000000000000000000000000000000000000000000000000000000000000000000000000000000000000000
10111111022000330300300330003300333000330033300000003000000000000000000000000000033000300300003000033303030333033000300000000000
11111111101000030300303003030030300303003030030000033000000000000000000000000000030303030300030300030003030030030303030000000000
10012211000000030300303000030030300303003030030000003000000000000000000000000000033003030300030300030000300030030303030000000000
10002221000000030300303033033330300303003033330000003000000000000000000000000000030303030300033300033000300030033303330111000000
00001211100030030300303003030030300303003030300000003000000000000000000000000000030303030300030300030003030030033003030111100000
10000111110003300033000330030030333000330030030000003000000000000000000000000000033300300333030300033303030030030303030111100000
10000111111000000000000000000000000000000000000000000000000000000000000000000000000000000000000000000000000000000000000010000001
