00000000000000000000000000000000000000000000000000000000000000000000000000000000000100000000000000000000000000000000000000000000
00000000000000000000010000000000000000000000000000000000000000000000000000010000000000000000000000010000000000000000000000000000
00000000000000000000111000000000000000000000100000000000000000000010000000100000000000000000000000100000000000000000000000000000
00000000000000000000010000000000000000000001000000000000000000000001000000000000000000000000000000000000000000000000000000000000
00000000000000000000000000000000000000000000000000000000000000000000000000000000000000001000000000000000000000000000000000000000
00001000000000000000000000000000000000000000000000000100000000000000000000000000000000000100000000000000000000000000000000000000
00011100000000000000000000000001000000000000000000001000000000000000000000000000000000000000000000000000000000000000000000000000
00001000000000000000000000000000100000000000000000000000000001000000000000000000000000000000000000000000000000000000000000000000
00000000000000000000000000000000000000000000000000000000000010000000000000000100000000000000000000000000000000000000000000000000
00000000000000000000000000000000000000000000000000000000000000000000000000001000000000000000000000000000000000100000000000000000
00000000000000000000000000000000000000000000000000000000000000000000000000000000000000000000000000000000000001000000000000000000
00000000000000000000000000000000000000000000000000000001000000000000000000000000000001000000000000000000000000000000000000000000
00000000000000000033300333330033300333300333330000000010001000000000000000000000000000000000000000000000000000000000000000000000
00000000000000000300030003000300030300030003000000000000000001000100100001000000000000000000000000100000000000000000000000000000
00000000000000000300000003000300030300030003000000000000000000100000000000000000000000000000000000010000000000000000000000000000
00000000000000000033300003000300030333300003000000000000000100000000001000000000000000000000000000000000000000000000000000000000
00000000000000000000030003000333330303000003000000000000000000000000000000000000000000000000000000000000000000000000000000010000
00000000000000000000030003000300030300300003000000000000000000000000000010000100000000001000000000000000000000000000000000111000
00010000000000000300030003000300030300030003000100000000010000100010001000000010000000000000000000000000000000000000000000010000
00001000000000000033300003000300030300003003000010000000001000000000100000000000000000000000000000000000000000000000000000000000
00000000000000000000000000000000000000000000000000000000000000000000000000000000000000000000000000000000000000000000000000000000
00000000000000000100000000000000000000000000000000000000000000000000000000000000000000000000000000000000000000000000000000000000
00000000000000000010000000000000000000000000000000000000000000000000001000000100000100000000000000000000000000000000000000000000
00000000000000000000000000100000000000000000000000000000000000010000000000001000000010000000000000000000000000000000000000000000
00000000000000000000000000000000000000000000000000000000000000100000000000000000000000000000000000000000000000000000000000000000
00000000000000330300300330003300333000330033300010003000100000000000000001000000000333000330030000033000000030000000000000000000
00000000000000030300303003030030300303003030030100033001000000000000000010000000000300303003030000300300100330000000000000000000
00000000000000030300303000030030300303003030030000003000000000000000000000000000000333003003030000300301110030000000000000000000
00000000000000030300303033033330300303003033330000003000000000000000000000000000000300303003030000333300100030000000000000000000
00000000000030030300303003030030300303003030300000003000000000000000100000000000000300303003030000300300000030000000000000000000
00000000000003300033000330030030333000330030030000003000000000000001000000000000000333000330033330300300000030000000000000000000
00000000000000000000000000000000000000000000000000000000000000000000000000000000000000000000000000000000000000000000000000000000
