00000000000000000000000000000000000000000000000000000000000000000000000000000000000000000000000000000000000000000000000000000000
00000000000000000000000000000000000000000000000000000000000000000000000000000000000000000000000000000000000000000000000000000000
00000000000000000000000000000000000000000000000000000000000000000000000000000000000000000000000000000000000000000000000000000000
00000000000000000000000000000000000000000000000000000000000000000000000000000000000000000000000000000000000000000000000000000000
00000333333333333330000000000000000000000000000000000000000000000000000000000333000000000000033333330000000000000000000000000000
00000003333331113333300000000000000000000000000000000000000000000030000000003333310000000000000333331100000000000000000000000000
00000000333331100333331000000000000000000000000000000000000000000030100000003333311000000000000333331100000000000000000000000000
00000000333331100033331100000000000000000000000000000000000000000330100000003333311000000000000333331100000000000000000000000000
00000000333331100033333100000000000000000000000000000000000000003331100000000333111000000000000333331100000000000000000000000000
00000000333331100033333110000000000000000000000000000000000000033331100000000001110000000000000333331100000000000000000000000000
00000000333331100033333110000000000000000000000000000000000000333331100000000000000000000000000333331100000000000000000000000000
00000000333331100033333110000333333000000003333333000333000003333333330000333333300000000033300333331100000003333330000000000000
00000000333331100033331110033001333330000000033333133333310033333333331100003333311000003333133333331100000330013333300000000000
00000000333331100333331100333110033333100000033333310333311000333331111100003333311000033331113333331100003331100333331000000000
00000000333331103333311103333110033333110000033333311333311000333331100000003333311000033331100333331100033331100333331100000000
00000000333333333331111003333110033333110000033333111033111000333331100000003333311000333331100333331100033331100333331100000000
00000000333331111111100000333110033333110000033333110000110000333331100000003333311000333331100333331100003331100333331100000000
00000000333331100000000000001113333333110000033333110000000000333331100000003333311000333331100333331100000011133333331100000000
00000000333331100000000000000330033333110000033333110000000000333331100000003333311000333331100333331100000003300333331100000000
00000000333331100000000000033301100000010000000333110000000000033000000000000003311000333000000330000000000000011333331100000000
00000000333331100000000000333311003333000033330033110000003333000033330000333300311000330033330000333300003333000333331100000000
00000000333331100000000003333311033333300333333033110000033333300333333003333330311000330333333003333330033333300333331100000000
00000000333331100000000003333311033003300330033033110000033003300330033003300330311000030330033003300330033003300333331100000000
00000000333331100000000003333311033003300330033033110000033003300330033003300330311000030330033003300330033003303333331100000000
00000003333333100000000003333333033333300330033033110000033003300330033003300330311000000330033003300330033003300333333300000000
00000333333333330000000000333311003333300330033033330000033003300330033003300330333000000330033003300330033003301133331111000000
00000001111111111100000000001111000003300330033011111100033003300330033003300330111110000330033003300330033003300000111100000000
00000000000000000000000000000000000033300330033000000000033003300330033003300330000000000330033003300330033003300000000000000000
00000000000000000000000000000000003333000333333000033000033333300333333003333330000330000333333003333330033333300000000000000000
00000000000000000000000000000000003330000033330000033000003333000033330000333300000330000033330000333300003333000000000000000000
00000000000000000000000000000000000000000000000000000000000000000000000000000000000000000000000000000000000000000000000000000000
00000000000000000000000000000000000000000000000000000000000000000000000000000000000000000000000000000000000000000000000000000000
