00000000000000000000000000000000000000000000000000000000000000000000000000000000000000000000000000000000000000000000000000000000
00000000000000000000000000000000000000000000000000000000000000000000000000000000000000000000000000000000000000000000000000000000
00000000000000000000000000000000000000000000000000000000000000000000000000000000000000000000000000000000000000000000000000000000
00000000000000000000000000000000000000000000000000000000000000000000000000000000000000000000000000000000000000000000000000000000
00000000000000000000000000000000000000000000000000000000000000000000000000000000000000000000000000000000000000000000000000000000
00000000000000000000000000000000000000000000000000122333221000000000000000000000000000000000000000000000000000000000000000000000
00000000000000000000000000000000000000000000000012333333333210000000000000000000000000000000000000000000000000000000000000000000
00000000000000000000000000000000000000000000000233333333333332000000000000000000000000000000000000000000000000000000000000000000
00000000000000000000000000000000000000000000002333333333333333310000000000000000000000000000000000000000000000000000000000000000
00000000000000000000000000000000000000000000033333333333333333331000000000000000000000000000000000000000000000000000000000000000
00000000000000000000000000000013332000000000233333333333333333333000000000000000000000000000000000000000000000000000000000000000
00000000000000000000000000000033333200000001333333310111111112233100000000000000000000000000000000000000000000000000000000000000
00000000000000000000000000000133223310000002333333321211111000001210000000000000000000000000000000000000000000000000000000000000
00000000000000000000000000000122212310000003333333333333333322111220000000000000000000000000000000000000000000000000000000000000
00000000000000000000000000000122111210000013333333333333333333333320000000000000000000000000000000000000000000000000000000000000
00000000000000000000000000000011111200012123333333333333333333333320000000000000000000000000000000000000000000000000000000000000
00000000000000000000000000000000111111013123333333333333333333333320000000000000000000000000000000000000000000000000000000000000
00000000000000000000000000000000111121122233332333333333333333333330000000000000000000000000000000000000000000000000000000000000
00000000000000000000000012322111111122122223322333333333333323333330000000000000000000000000000000000000000000000000000000000000
00000000000000000000001223333212121111110133323333333333323332333320000000000000000000000000000000000000000000000000000000000000
00000000000000000000002212222111000000100033233333333333233333233310000000000000000000000000000000000000000000000000000000000000
00000000000000000000001111221001000000000123233333333332333333233310000000000000000000000000000000000000000000000000000000000000
00000000000000000000001100111000000001111222233333333332333333233200000000000000000000000000000000000000000000000000000000000000
00000000000000000000001100000001111111122212223333333332333332233100000000000000000000000000000000000000000000000000000000000000
00000000000000000000000000000000000000000011222333300033333332233100000000000000000000000000000000000000000000000000000000000000
00000000000000000000000000000000000000000000232333000033222322332000000000000000000000000000000000000000000000000000000000000000
00000000000000000000000000000000000000000000023333000022323222321000000000000000000000000000000000000000000000000000000000000000
00000000000000000000000000000000000000000000012222000022222222210000000000000000000000000000000000000000000000000000000000000000
00000000000000000000000000000000000000000000001221200022222222100000000000000000000000000000000000000000000000000000000000000000
00000000000000000000000000000000000000000000000012200022222221000000000000000000000000000000000000000000000000000000000000000000
00000000000000000000000000000000000000000000000001200022211100000000000000000000000000000000000000000000000000000000000000000000
00000000000000000000000000000000000000000000000000000000000000000000000000000000000000000000000000000000000000000000000000000000
