11111111111100011111111111111110011111111111111111111111110000111110000001111110000000111111111000000111111000000001111000000011
11111111111111111111111111111110001111111111111111111111100330111100333300111100333330011111110033330011110033333301110033333001
11111111111111111111111111111111101111111111111111111111003330111003333330011003333333001111100333333001110333333301100333333300
11111111111111111111111111111111100000111111111111111111033330110033000033001033300033301111003300003300110330000001103330003330
11111111111111111111111111111111000000111111111111111111000330110330011003301033001003301111033001100330110330011111103300100330
11111111111111111110011111111110000000011111111111111111000330110330111103301033011103301111033011110330100330000011003301110330
11111111111111111102210011111110000000111111111111111111000330110330111103301000011103301111033011110330103333333010000001110330
11111111111111111033333201111111110001111111111111111111000330110330111103301111111003301111033001110330103333333000011111100330
11111111101111111133322331111111111100101111111111111111100330110330111103301111111033001111033001110330103300003300111111103300
10011111101110110233332233111111111110101111111111111111110330110330101103301111110033011111033001110330100001100330111111003301
00111111111110001332333233301111111000000111111111111111110330110330101103301111100330011111033001110330111111110330111110033001
01111111112110011231233233320111111000000011111111111111110330110330111103301111003300111111033000120330001211110330111100330011
01111111112211001231233223331111111100000001111111111111010330110330111103301110033001111111033000120330000011100330111003300111
00111111001111000133333333332001111111000001011111111100000330110330011003301100330011101111033000000330003001003300110033000111
10111111001111000023333333333100111110000000001111111010000330110033000033001003300000000000003300003300033300033301100330000000
11111111111111000013323331233200001111000000100011111110000330111003333330010033333333300330100333333001003333333001003333333330
11111111111110100012312331223200000001000000100001100110000330011000333300110333333333300330110033330011100333330011033333333330
11111111111110100000233332223300000000100000000001110010000000011000000001110000000000000000111000000111110000000111000000000000
11111111111101110000033333323200000000000000000000100001000000000000000111111111100111111110111111111111111111111111111101111000
11111111111100111010022333333100000000000000000000010000100000000000000001111111100001111110111111111111111111111110110001101000
11111111111100022110022333221000000000000000000000000000000000000000000001111111100000011110001111111111111111011100100000010000
11111111110012112210023332000000000000000000000000000000000000000000000000111111100000001010000100111111001110001100100000000000
11111111101122110110022320000000000000000000000000000000010000000000000000001111110000000000000101011110000111001100000000000000
00111111012221001111000000000000000000000000000000000000000000000000000000000100011000000000000001101111111111011100000000000000
00111111022000000000000000000000000000000000000000000000000000000000000000000000000000000000000000001111110000011100000000000000
10111111022033300300000330030003033330333000000000003000000000000000000000000000003330003300300003001111110030001110000000000000
11111111101030030300003003003030030000300300000000033000000000000000000000000000003003030030300003011111110330111110000000000000
10012211000030030300003003000300030000300300000000003000000000000000000000000000003330030030300003001100000030111110000000000000
10002221000033300300003333000300033300333000000000003000000000000000000000000000003003033330300003001100001030111100001111000000
00001211100030000300003003000300030000303000000000003000000000000000000000000000003003030030300003000010000030111100011111100000
10000111110030000333303003000300033330300300000000003000000000000000000000000000003330030030333303333010010030111100101111100000
10000111111000000000000000000000000000000000000000000000000000000000000000000000000000000000000000000010011000101111000010000001
