11111111111100011111111111111110011111111111111111111110000001110000000000001111111000011111111000000001111110000011111000000001
11111111111111111111111111111110001111111111111111111100333300110333333333301111110033011111110033333301111111003011110033333301
11111111111111111111111111111111101111111111111111111003333330010333333333301111100330011111110333333301111111033011110333333301
11111111111111111111111111111111100000111111111111110033300333000000000033001111003300111111110330000001111110033011110330000001
11111111111111111111111111111111000000111111111111110330000003301111110033011110033001111111110330111111111110333011100330111111
11111111111111111110011111111110000000011111111111110330000103301111110330011100330001111111100330000011111100333011000330000011
11111111111111111102210011111110000000111111111111110330000003301111100330111003333300111111103333333011111003333010003333333011
11111111111111111033333201111111110001111111111111110330000003301111103300111033333330011111103333333001111033033010003333333001
11111111101111111133322331111111111100101111111111110333000033301111003301110033300333001111103300003300110033033010103300003300
10011111101110110233332233111111111110101111111111110033333333001111033001110333000033301111100001100330100330033011100001100330
00111111111110001332333233301111111000000111111111111003333333011110033011110330011003301111111101110330003330033000111111110330
01111111112110011231233233320111111000000011111111111100003330011110330011110330111103301111111100120330033300033000111111110330
01111111112211001231233223331111111100000001111111111111003300111100330111110330011003301111100000100330033333333330100011100330
00111111001111000133333333332001111111000001011111111100033000111103300111110333000033301111003000003300033333333330003001003300
10111111001111000023333333333100111110000000001111111000330000111003301111110033300333000000033300033301000000033000033300033300
11111111111111000013323331233200001111000000100011111003300000110033001111111003333330010330003333333001110011033011003333333001
11111111111110100012312331223200000001000000100001100033000000010333011111111000333300110330100333330011110111033011100333330011
11111111111110100000233332223300000000100000000001110000000000010000011111111000000001110000110000000111111111000011110000000111
11111111111101110000033333323200000000000000000000100001000000000000000111111111100111111110111111111111111111111111111101111000
11111111111100111010022333333100000000000000000000010000100000000000000001111111100001111110111111111111111111111110110001101000
11111111111100022110022333221000000000000000000000000000000000000000000001111111100000011110001111111111111111011100100000010000
11111111110012112210023332000000000000000000000000000000000000000000000000111111100000001010000100111111001110001100100000000000
11111111101122110110022320000000000000000000000000000000010000000000000000001111110000000000000101011110000111001100000000000000
00111111012221001111000000000000000000000000000000000000000000000000000000000100011000000000000001101111111111011100000000000000
00111111022000000000000000000000000000000000000000000000000000000000000000000000000000000000000000001111110000011100000000000000
10111111022033300300000330030003033330333000000000003000000000000000000000000000003330003300300003001111110030001110000000000000
11111111101030030300003003003030030000300300000000033000000000000000000000000000003003030030300003011111110330111110000000000000
10012211000030030300003003000300030000300300000000003000000000000000000000000000003330030030300003001100000030111110000000000000
10002221000033300300003333000300033300333000000000003000000000000000000000000000003003033330300003001100001030111100001111000000
00001211100030000300003003000300030000303000000000003000000000000000000000000000003003030030300003000010000030111100011111100000
10000111110030000333303003000300033330300300000000003000000000000000000000000000003330030030333303333010010030111100101111100000
10000111111000000000000000000000000000000000000000000000000000000000000000000000000000000000000000000010011000101111000010000001
