01000000000000100000000000000000000000000000000000000000000000000000000000000000000000000000000000000000000000000000000000000000
00000000000000000000001000000000100000000000000033001000000000003300000033330000033333333330001003333333333000003333330000033000
00000000000000000000000000000000000000000000000330000000000000033000000333333000033333333330011103333333333000033333330000333000
00000000000000000000000000000000000000000000003300000000000000330000003300003300000000003300001000000000330000033000000003333000
00000000000000000000000000000000000000000000033000000000010003300000033000000330000000003300000000000000330000033000000000033000
00000000000000000000000000000000000000000000330000000000000033000000033000000330000000033000000000000003300000033000000000033000
00000000000000000000000000000000000010000003333300100000000333330000033000000330000010033000000000000003300100333333300000033000
00001000000000000000000000000000000000000033333330000000003333333000033000000330000000330000000000000033000000333333300000033000
00000000000000000000000000100000000000000033300333000000003330033300033000000330000000330000000000000033000000330000330000033000
00000000000000000000000000000000000000000333000033300000033300003330033000000330000003300000000000000330000000000000033000033000
00000000000000000000000000000000000000000330000003300000033000000330033000000330000003300010000000000330000000000000033000033000
00000000000000000000000000000000000000000330000003300000033000000330033000000330000033000000000000003300000000000000033000033000
00000000000000000000000000000000000010000330000003300000033000000330033000010330000033000000000000003300000000000000033000033000
00000000000000100000000000000000000000000333000033300000033300003330033000000330000330000000000000033000000000300000330000033001
00000000000000000000000000000000000000000033300333000000003330033300003300003300000330000000000000033000000003330003330000033000
00000000000000000000000000000000000000000003333330000330000333333000000333333000003300000000033000330000000000333333300000033000
00000000000000000000000000100000000000000000333300000330000033330000000033330000033300000000033003330000000000033333000000033000
00000010000000000000000000000000000000000000000000000000000000000000000000000000000000000000000000000000000000000000000000000000
01000000000000000000000000000000001000000000000000000000000000000010001000000000000000000000000000000000000000000000000000000000
00000000000000000000000000000000000000001000000000000000000000100000000100000000000000000000000000000000000000000000000000000000
00000000000000000000000000000000000000000000000000000100010000000000100000000000000000000000000000000000000000000000000000000000
00000000000000000000000000000000000000000000000000000000000000000000000000000000010000010000000000000000000001000000000000000000
00000000000000001000000000000000000000000000000000000000000000000000000000000010000000000000000000000000000000000000000000000000
00000000000000000000000000000000000000000000010000000000000000000100000000000000000000000000000000000000000000000000000000000000
00000000000000000000000000000000000000000000000000000000000000000000000000000000000000000000000000000000000000000000000000000000
00000000000033300300000330030003033330333000000000003001000000100000000000000000003330003300300003000000000030000000000000000000
00000000000030030300003003003030030000300300000000033000000000000000000000000000003003030030300003000000000330000000000000000000
00000000000030030300003003000300030000300300000000003000000000000010000000000000003330030030300003000000000030000000000000000000
00000010000033300300003333000300033300333000000000003000000000000000000000010000003003033330300003000000000030000000000000000000
00000111000030000300003003000300030000303000000000003000010000000000000000000000003003030030300003000000000030000000000000000000
00000010000030000333303003000300033330300300010000003000000000000000000000000000003330030030333303333000000030000000000000000000
00000000000000000000000000000000000000000000000000000000000000000000000010000000000000000000000000000000010000000000001000000000
