22222222222232211122332322110013322222222222222222222000123322212222222222222222222222222222222222222222222222222222222201222222
22222222223333211001233322210012222222222222222222232000023222222222222222222222222222222222222222222222222222222222222212222222
22222222223332210000122222221001222222222222222222222200022222222222222222222222222222222222222222222222222222221222222222222222
22222222233321121111122222222111222222222222222222222211122222222222222222222222222222222222222222222222222222222222222222222222
22200000000000000011122222222212222222220000000000222220000000002222222222222222222222222222222222222222000000001122200000000222
22203333333333333102220000000022222222220333333320222202333333302222220000000022222222222200000000222222033333302122023333330222
22203133133313313200200122221002122222220313313320222203331331302222200122221002222222222001222210022220231331310220223133130222
22203333333333333220013333333310122222220333333331022203333333302220013333333310222222200133333333102202233333330202223333330222
22201133333333311222233333333333112222220333333332022213333333302202233333333333122222022333333333331022233333331022213333330222
22222131333331311122233333333333302222220333333332022023333333302022233333333333302220222333333333333022133333332222113333330222
22222033333333321122223333333333320111220333333333022033333333302122223333333333320201222233333333333221133333333221113333330222
22222033333333321122223333333333331011220313333313122131333331300122223333333333331001222233333333333321131333313311113133130222
22222033333333321122222233333333333101120333333333102233333333301122222233333333333101222222333333333331133333333331113333330222
22222033333333321122222233333333333101220333333333202333333333301122222233333333333101222222333333333333133333333333113333330222
22222031333331321122222223333333333102220333333333202333333333301122222223333333333301222222233333333333133333333333313333330222
22222033333333231122222222333333333101210333333233311333323333301122222222333333333301222222223333333333133333333331323333330222
21122033333332231112222223333333333201210333333222211333223333301112222223333333333301122222233333333332133333332333333333320222
11222033333322231111122222223333333201110313312221222313222131301111122222223333333201111222222233333332133333322333333333220222
12222033333222231111122222222322322101110333322122222332212333201111122222222322322201111222222223223222131333121331333332120222
12222031332221231111111222222222222011110333222112222222112332201111111222222222222001111112222222222221133332221133333322220222
11222033322222233111111222222222222022110332222112222231112322200111111222222222222000111112222222222221133322221113333222220222
21200033222222233311111111222222221221110222222102222231012222200111111111222222221000111111112222222211133222221113332222220221
22202222222222222211111111112122210222110222222102232221012222200011111111112122210200011111111121222111122222221111322222220222
22202122122221221231111111111111101112110212212102122121012121202001111111111111102220001111111111111011122222221111132222220222
22202222222222222233111111111110001001210222222102222221012222202100111111111110022222000111111111100011121222120111112122120222
22200111111111111113311111111100001000110111111101111111011111101110001111111100211222220001111111002011122222220011112222220111
22222011111111111111300000000010000000110011111100111111011111001111100000000002211112222200000000022011111111100001111111110111
22222200000000000000002110100111000000000000000001000000100000011111111112222222211111122221112222222011111111002200111111100111
22222222222211211222122111000011000000000000000001111111111111111111111111222222211111112121111211222000000000002210000000001110
22222222222222211222222100000000000000000011010000111111121111111111111111112222221111111111111212122221111222112211111111111110
11222222222222222222222100000000000000000011110000111111111111111111111111111211122111111111111112212222222222122211111111111110
11222222222222222222222111000000000000101111111100011110111111111111111111111111112111111111111111112222221222122211111111111100
