00000000000000000000000000000000000000000000000000000000000000000000000000000000000000000000000000000000000000000000000000000000
00000000000000000000000000000000000000003333300000000000333330011100333300000000333330000000000033333000000033333000000000003300
00000000000000000000000000000000000000033333330000000003333333003003333330000003333333000000000333333300000333333300000000033000
00000000000000000000000000000000000000333000333000000033300033300033000033000033300033300000003330003330003330003330000000330000
00000000000000000000000000000000000000330000033000000033003003300330033003300033000003300000003300000330003300000330000003300000
00000000000000000000000000000000000000000000033000000000033303300330333303300033000003300000003300000330000000000330000033000000
00000000000000000000000000000000000000000000033000000003333003300330333303302000000003300000000000000330000000000330000333330000
00000000000000000000000000000000000000000000330000000023300033000330333303303100000003300000000000000330000000003300003333333000
00000000000000000000000000000000012210000033330000000233303333010330222203303200000033000000000000003300000000333300003330033300
00000000000000000000000000000000133333100033330000000333303333000330000003301320000033000000000000003300000000333300033300003330
00000000000000000000000000000000233333200000333000001333300033300330222203300020000330000000000000033000000000003330033000000330
00000000000000000000000000000001332223310000033000003333333003300330333303302221003300000000000000330000000000000330033000000330
00000000000000000000000000000001222100000000033000120000333303300330333303303330033000000000000003300000000000000330033000000330
00000000000000000000000000000000221103300000033012230330033003300330033003303300330000000000000033000000033000000330033300003330
00000000000000000000000000000000111103330000333000000333000033300033000033003003300000000000000330000000033300003330003330033300
00000000000000000000000000000000000100333333330003300033333333003003333330030033333333300330003333333330003333333300000333333000
00000000000000000000000000000000000120003333300203302000333330033300333300330333333333300330033333333330000033333000000033330000
00000000000000000000000000122221110112100000002200002330000000233330000002230000000000000000000000000000000000000000000000000000
00000000000000000000000012223332111122111111110110322222333333233333333333313332000000000000000000000000000000000000000000000000
00000000000000000000000122123322111111000001000010222322333333323333223333322332000000000000000000000000000000000000000000000000
00000000000000000000000221122221010000000000000000222222333333323333233333322331000000000000000000000000000000000000000000000000
00000000000000000000000120012211010000000001001211122222333333323333233333322330000000000000000000000000000000000000000000000000
00000000000000000000000110001110011000111122112221122222333333323333233333322310000000000000000000000000000000000000000000000000
00000000000000000000000110000000011111211211122222212222233333323323333333323300000000000000000000000000000000000000000000000000
00000000000000000000000000000000000000000011111010100022223333332223323333223200000000000000000000000000000000000000000000000000
00000000000033300300000330030003033330333000000000003022232233332222323332233000003330003300300003000000000330000000000000000000
00000000000030030300003003003030030000300300000000033012222332222222233322332000003003030030300003000000003003000000000000000000
00000000000030030300003003000300030000300300000000003001222222222222233333330000003330030030300003000000000030000000000000000000
00000000000033300300003333000300033300333000000000003000122212222222223333210000003003033330300003000000000003000000000000000000
00000000000030000300003003000300030000303000000000003000012212222222222221000000003003030030300003000000003003000000000000000000
00000000000030000333303003000300033330300300000000003000001122222222222210000000003330030030333303333000000330000000000000000000
00000000000000000000000000000000000000000000000000000000000001122211110000000000000000000000000000000000000000000000000000000000
