00000000000000000000000000001000000000000000000000010000000000000000000000000000000000000000000000000000000000000000000000000000
00000000000000000000000000000000000003333333333000000000333330000333333333300000333330000000000033333000000033333000033333333330
00000000000000000000000000000000000003333333333000000003333333000333333333300003333333000000000333333300000333333300033333333330
00000000000000000000000000000000000000000000330000000033300033300000000033001033300033300000003330003330003330003330000000003300
00000000000000000000000000000000000000000000330000000033000003300000000033000033000003300000003300000330003300000330000000003300
00000000000000000000000000000000010000000003300000000000000003300000000330000033000003300000003300000330000000000330000000033000
00000000000000000000000000000000000000000003300001000000000003301000000330000000000003300000000000000330000000000330000000033000
00000000000000000000000000000000000000000033000000000000000033000000003300000000100003300000000000000330000000003300000000330000
00000000000000000000010000000000000000000033000000000001003333000000003300000000000033000000000000003300000000333300000000330000
00000000000000000000000000000000000000000330000000000000003333000000033000000000000033000000000000003300000000333300000003300000
00000000000000000000000000000000000000000330000000000000000033300000033000000000000330000000001000033000000000003330000003300000
00000000000000000000000000000000000000003300000000000000000003300000330000000100003300000000000000330000000000000330000033000000
00000000000000000000000000000000010000003300000000000000100003300000330000000000033000000000000003300000000000000330000033000000
00000000100000000000000000000000000000033000000100000330000003300003300000000000330000010000000033000000033000000330000330000000
00000000000000000000000000000000000000033000000000000333000033300003300000000003300000000000000330000000033300003330000330000000
00000000000000000000000000000000000000330000000003300033333333000033000000000033333333300330003333333330003333333300003300000000
00000000000000000000010000000000000003330000000003300000333330000333000010000333333333300330033333333330000033333000033300100000
00000000000000000000000000000000000000000000100000000000000000000000010000000000000000000000000000000000000000000000000000000000
00000000000000000000000000000001000000000000000000000000001000100000000000000000000000000000000000000000000000000000000000000000
00000000000000000000000000000000000000000000000000000000000000000001000000001000000000000000000000000000000000000000000000000000
00000000000000000000000000000000000001000000000000000000000000100000000010000000000000000000000000000000000000000000000000000000
00000000000000000000000000000000000000000000000000000000100000000000000000000000000000000000000000000000000000000000000000000000
00000000000000000000000000000000000000000000000000010000000000000000010000000000000010000000000000000000000000000001000000000000
00000000001000000000000000000000000000000000000000000000000000000000000000000000000000000001000000000000000000000000000000000000
00000000000000000000000000000000000000000001000000000000000000000010000000000000100000000000000000000000000000000000000000000000
00000000000033300300000330030003033330333000000000003000000000000000000000000000003330003300300003000000000030000000000000000000
00000000000030030300003003003030030000300300000000033010000000100000000000000000003003030030300003000000000330000000000000000000
00000000000030030300003003000300030000300300000001003000000000000000000010000000003330030030300003001000000030000000000000000000
00000000000033300300003333000300033300333000000000003000000000000000000000000000003003033330300003000000000030000000000000000000
00000000000030000300003003000300030000303000000000003000000000000001000000000000003003030030300003000000000030000000000000000000
00000000000030000333303003000300033330300300000000003000000000000000000000000100003330030030333303333000000030000000000000000000
10000000000000000000000000000000000000000000000000000000100000010000000000000000000000000000000000000000000000000000000000000000
