00000000000000000000000000000000000000000000000000000000000100000000100000010000000000000000000000000000000000000000000000000000
00000000000000000000000000000000000000000001000000000000000000000000000000000000100000000000000001000000010000000000000000000100
00000000000100000000010000000000000000000000000000000000000000000000000000000000000000000000000000000000000000000000000000000000
00000000000000000000000000000000000001000000000000000100000000000000000000000000000000000000000000000000000000000000000000000000
00000100000000000000000000000000000000000000000000000000000000000000000000000000000000001000000000000000000000001000000000000000
00000000000000000000000000000000000000000000000100000000001000000000000000000000000000000000000000000000000000000000000000000000
00000000000000000000000000000000000000000000000000000000000000000000000010000000000000000000000000000000000000000000000000000000
00000000000000000000000000000000000000001000000000000000000000000000000000000000100000000000000000010000000000000000000010000000
00000000000001000000000000000000000000000000000000000000000000000000000000010000000000000000000000000000000010000000000000000001
00000000000000000000000000000001000000000000001000000000100000000000000000000000000000000000000000000000000000000000000000000000
00000100000000000000000000000000000000000000000000000000000010000000010000000000000000000000000000000000000000000000000000000000
00000000000000000000000000000000000000000000000000000000000000000000000000000000000001000000000000000000000000000000000000000000
00000000000000000000000000000000000000001000000000000000010000000000000001000000000000000000000000000000000000000000000000000000
00000000000000000000010000000000000000000000000000000000000001000101000000000000100000000000000000000000000000000000100000000000
00000000000000000000000000000000000000000000000000000000000000000000000000000000000000000000000000000000000000000000000000000000
00000000000000000000000000000001000000000000000000000000000100000000010000000000000000000000100000000000001000000000000000000000
00000000000000010000000000000000000000000000000000000000000000000000000000000000000000000000000000000000000000000000000000000000
00000000001000000000000000000000000000100000000000000000000000000100000000000000000000000000000000000000000000000000000000000000
00000000000000000000000000000000000000000001000000000000000000100000010000000000000000000000000000000000000000000000000000100000
00000000000000000000000000000000000000000000000000000010001000000001000000000000000000000000000000000000000000000000000000000000
00000000000000000000000100000000000000000000000000000000000000000000000000000010000100000000000000000100000000000000000000000000
00100000000000000000000000000000000000000000000100000000000000001000000000010000000000000000000000000000000000000000000000000000
00000000000000000000000000000000000000000000000000000000000000000000000000000000000000000000000000000000000000000000000000000000
00000000000000000000000000000000010000000000000000001000000000000000010000000000000000000010000000000000000000000000000000000000
00000000000000000000000000000000000000000000000000000000000000000000000000000000000100000000000000000000000000000000000000000000
00000000000000000000000000000000000000000000000000000000000000000100000001000000000000000000000000000000000000000000000000000000
00000000000000010000000000000000000000000000000000000000001000100000000000000000000000000000000000000000000000000000000000000000
00000000000000000000000000010000000000000000000010000000000000000000000000000000000000000000000000000000000000000000000000000000
00000010000000000000000000000000000000000000000000000000000000000000001000000000000000000000000000100000000001000000000000000000
00000111000000000000000000000000000000000000000000000000000000000000000000000010000000000100000000000000000000000000000000000000
10000010000000000000000000000000000000000001000000000001000010000001000000000000000000001110000000000000000000000000100000000001
00000000000000000000000000000000010000000000000000000000000000000000000000000000000000000100000000000000000100000000000000000000
