00010000000000001000000000000000000000000100000000000000000000000000000000000000000000000000000000000001000000000000000000000000
00000000000000011003300010003333300000000000300000000000000030010000333333000000333330000000000033333000000033333000000033330000
00000000000000000033300000033333330000000003300000000000000330000003333333000003333333000000000333333300000333333300000333333000
00000000000000000333300000333000333000000003300000000000000330000003300000000033300033300000003330003330003330003330003330033300
00000000000000000003300000330000033000000033300000000000003330000003300000000033000003300000003300000330003300000330033000000330
00000000000000000003300000330000033000000033300000000000003330000003300000100033000003300000003300000330000000000330033000000330
00000000000000000003300000000000033001000333300000000000033330000033333330000000000103300000000000000330000000000330033000000330
00000010000000000003300000000000033000003303300000100000330330001033333330000000000003300000000000000330010000003300033000000330
00000000000000000003300000010000330000003303300000000000330330000033000033000100000033000000000000003300000000333301033300003330
00000000000000000003300000000000330000033003300000000003300330000000000003300000000033000000000000003300000000333300003333333300
00000000000000000003300000000003300000333003300000000033300330000000001003300000000330000100000000033000000000003330000333333300
00000000000000000003300000000033000003330003300000000333000330000000000003300000003300000000000000330000000000000330000000333000
00000000000000000003300000000330000003333333333000000333333333300000000003300000033000000000000003300000000000000330000000330000
00000000000000001003300000003300000003333333333001000333333333300030000033000000330000000000000033000000033000000330000003300000
00000000000000000003300000033000000000000003300000000000000330000333000333000003300000000000000330000000033300003330000033000000
00000000000000000003300000333333333000000003300003300000000330000033333330000033333333300330003333333330003333333300000330000000
00000000000000000003300003333333333000000003301003300100000330000003333300000333333333300330033333333330000033333000003300000000
00000000100000000000000000000000000000000000000000000000000000000000000000000000000000000000000000000000000000000000000000000000
00010000000000000000000000000000000000000000000000000000000000100000001000100000000000000000000000000000000000000000000000000000
00000000000000000000000000000000000000000100000000000000000000000000000000000000000000000000000000000000000000000000000000000000
00000000000000000000000000000000000000000000000000000100010000000000100000000000000000000000000000000000000000000000000000000000
00000000000000000000000000000000000000000000000000000000000000000000000000000000010000100000000000000000000100000000000000000000
00000000000000000010000000000000000000000000010000000000000000000000000000000100000000000000000000000000000000000000000000000000
00000000000000000000000000000000000000000000000000000000000000000100000000000000000000000000000000000000000000000000000000000000
00000000000000000000000000000000000000000000000000000001000000100000000000000000000000000000000000000000000000000000000000000000
00000000000000330300300330003300333000330033300000003000000000000000001000000000033000300300003000033303030333033000300000000010
00000000000000030300303003030030300303003030030000033000000000000000000000000000030303030300030300030003030030030303030000000000
00000000000000030300303000030030300303003030030000003000000000000010000000010000033003030300030300030000300030030303030000000000
00000000100000030300303033033330300303003033330000003000010000100000000000000000030303030300033300033000300030033303330000000000
00000000000030030300303003030030300303003030300000003000000000000000000000000000030303030300030300030003030030033003030000000000
00000000000003300033000330030030333000330030030000003000000000000000000000000000033300300333030300033303030030030303030000000000
00000000000000000000000000000000000000000000000000000000000000000000000100000000000000000000000000000000000000000000000000000000
