00000000000000000000000000000000000000000000000000000000000100000000100000000000000000000000000000000000000000000000000000000000
00000000000000000000000000000000000000000000000000000000000000000000000000000000333300000000000033330000000033330000000033330000
00000000000010000000000000000000000000000000100000000000000000000000000000000003333330000000000333333000000333333000000333333000
00000000000000000000000000000100000000000000000000000000000000010000000000000033000033000000003300003300003300003300003300003300
00000001000000000000000000000000000000000000000000000000000000000000000000000330000003301000033000000330033000100330033000000330
00000000000000000000000000000000000000000000000000000000000000000000000000000330000003300000033000000330033000000330033000000330
00000000000000000000000000000000000000000000000000000000000000000000000010000330000003300000033000000330033000000330033000000330
00000000000000000000000000000000000000001000000000000000000000000001000000000330000003300000033000000330033000000330033000000330
00000000000000010000000000000000000000000000000000001000000000010000000000000330000003300000033000100330033000000330033000000330
00000000000000000000000000000000100000000000001000000000100000000000000000000330000003300000033000000330033000000330033000000330
00000000000000000000000000000000000000000000000000000000000010000000100000000330000003300000033000000330033000000330033000000330
00000000000000000000000000000000000000000000000000000000000000000000000000000330000003300000033000000330003111000000000000000000
00000000000000000311111110000000000311131100311311103111031110000000031110000000031111000000111103111111003111000000000000000000
00000000000000000011131110000000000311131103311311103111031110000000031110000000031110000000311103111311003111000000000000000000
00000000000000000000031110000000000311131113111311103111031110000000031110000000031110000000311103111011103111000000000000000000
00000000000000000000031110000000000311101113111311103111031110000000031110000000031110000000311103111031103111000000000000000000
00000000000000000000031110000000000311103113110311103111031110000000031110000000031110000000311103111001113111000000000000000000
00000000000000000000031110000000000311103113110311103111031110000000031110000000031110000003311103111003113111000000000000000000
00000000000000000000031110000000000311103111110311103111031110000000031110000000001111000033111103111000111111000000000000000000
00000000000000000000031110000000000311100111110311103111031113333330031113333330000111133331111003111000311111000000000000000000
00000000000000000000031110000000000311100311100311103111031111111111031111111111000311111111110003111000011111000000000000000000
00000000000000000000031110000000000311100311100311103111031111111111031111111111000011111111110003111000001111000000000000000000
00000000000000000000001110000000000011100011100011100111001111111111001111111111000000111111000000111000000111000000000000000000
00000000000000000000000000000000000000000000000000000000000000000000000000000000000000000000000000000000000000000000000000000000
00000000000000000000000000000000000000000000000000000000000000000000000000000000000000000000000000000000000000000000000000000000
00000000000000000000000000000000000000000000000000000000000000000000000000000000000000000000000000000000000000000000000000000000
00000000000000000000000000000000000000000000000000000000000000000000000000000000000000000000000000000000000000000000000000000000
00000000000000000000000000000000000000000000000000000000000000000000000000000000000000000000000000000000000000000000000000000000
00000000000000000000000000000000000000000000000000000000000000000000000000000000000000000000000000000000000000000000000000000000
00000000000000000000000000000000000000000000000000000000000000000000000000000000000000000000000000000000000000000000000000000000
00000000000000000000000000000000000000000000000000000000000000000000000000000000000000000000000000000000000000000000000000000000
00000000000000000000000000000000000000000000000000000000000000000000000000000000000000000000000000000000000000000000000000000000
