11111111111100011111111111111110011111111111111111111111111000000111111000000011111000000001111111100000000110001111111000000111
11111111111111111111111111111110001111111111111111111111110033330011110033333001110033333301111111003333330110031111110033330011
11111111111111111111111111111111101111111111111111111111100333333001100333333300110333333301111111033333330100331111100333333001
11111111111111111111111111111111100000111111111111111111003330033300103330003330110330000001111111033000000103331111003330033300
11111111111111111111111111111111000000111111111111111111033000000330103300100330110330111111111111033011111100031111033000000330
11111111111111111110011111111110000000011111111111111111033022110330103301110330100330000011111110033000001111031111033011110330
11111111111111111102210011111110000000111111111111111111033022110330100001110330103333333011111110333333301111031110033011110330
11111111111111111033333201111111110001111111111111111111033001100330111111100330103333333001111100333333300111031110033001100330
11111111101111111133322331111111111100101111111111111111033300003330111111103300103300003300111000330000330011031110033300003330
10011111101110110233332233111111111110101111111111111111003333333300101111003301100001100330111100000110033001031111003333333300
00111111111110001332333233301111111000000111111111111111100333333301101110033001111111110330111101111111033011031100100333333301
01111111112110011231233233320111111000000011111111111111110000333001111100330011111111110330111100122110033011031000110000333001
01111111112211001231233223331111111100000001111111111111011100330011111003300111100011100330111100002210033011030000111100330011
00111111001111000133333333332001111111000001011111111100000003300111110033001111003001003300111100300200330011030000111003300111
10111111001111000023333333333100111110000000001111111010000033001111100330000000033300033301000003330003330011030001110033001110
11111111111111000013323331233200001111000000100011111110000330011111003333333330003333333001033000333333300011031111100330011111
11111111111110100012312331223200000001000000100001100110003300011011033333333330100333330000033010033333000111031111103300110111
11111111111110100000233332223300000000100000000001110010000000011001000000000000110000000100000011000000011111001111100001111111
11111111111101110000033333323200000000000000000000100001000000000000000111111111100111111110111111111111111111111111111101111000
11111111111100111010022333333100000000000000000000010000100000000000000001111111100001111110111111111111111111111110110001101000
11111111111100022110022333221000000000000000000000000000000000000000000001111111100000011110001111111111111111011100100000010000
11111111110012112210023332000000000000000000000000000000000000000000000000111111100000001010000100111111001110001100100000000000
11111111101122110110022320000000000000000000000000000000010000000000000000001111110000000000000101011110000111001100000000000000
00111111012221001111000000000000000000000000000000000000000000000000000000000100011000000000000001101111111111011100000000000000
00111111022000000000000000000000000000000000000000000000000000000000000000000000000000000000000000001111110000011100000000000000
10111111022033300300000330030003033330333000000000003000000000000000000000000000003330003300300003001111110030001110000000000000
11111111101030030300003003003030030000300300000000033000000000000000000000000000003003030030300003011111110330111110000000000000
10012211000030030300003003000300030000300300000000003000000000000000000000000000003330030030300003001100000030111110000000000000
10002221000033300300003333000300033300333000000000003000000000000000000000000000003003033330300003001100001030111100001111000000
00001211100030000300003003000300030000303000000000003000000000000000000000000000003003030030300003000010000030111100011111100000
10000111110030000333303003000300033330300300000000003000000000000000000000000000003330030030333303333010010030111100101111100000
10000111111000000000000000000000000000000000000000000000000000000000000000000000000000000000000000000010011000101111000010000001
