22222222222223322222222233333333333333333333333333333333333333322121000000000000000000000000000000000000011111111222111222111222
22222222222222322222222333333333333333333333333333333333333333333222111100000000000000000000000000011100001111111122111222222222
22222222222222222222222333333333333333333333333333333333333333333333222110000000000000000000000000011000100111012112112222222222
22222222222222222222222322333333233333333333333333333333333333333333332221000000000000000000000000000000111111001211112222222222
22200000000000000022222222233333333333330000000000333330000000003333333332110000000000000000000000000011000000001111100000000211
22203333333333333102220000000022333333330333333320333302333333303333330000000000000000000000000000000000033333301111023333330100
22203133133313313200200122221002222232230313313320333303331331303333300122221001000000000001222210000000231331310110223133130110
22203333333333333220013333333310222222220333333331033303333333303330013333333310000000000133333333100002233333330102223333330110
22201133333333311222233333333333122222220333333332033313333333303302233333333333110000022333333333331022233333331022213333330110
22222131333331311122233333333333302222220333333332033023333333303022233333333333301000222333333333333022133333332222113333330110
23222033333333321122223333333333320112220333333333011033333333303122223333333333320101222233333333333221133333333221113333330110
22222033333333321122223333333333331011110313333313100131333331300122223333333333331001222233333333333321131333313311113133130110
22222033333333321122222233333333333100000333333333100233333333301122222233333333333101222222333333333331133333333331113333330110
22222033333333321122222233333333333100000333333333200333333333301122222233333333333101222222333333333333133333333333113333330210
22222031333331321122222223333333333100000333333333200333333333301122222223333333333301222222233333333333133333333333313333330212
22222033333333231122222222333333333100000333333233311333323333301122222222333333333301222222223333333333133333333331323333330223
11222033333332231112222223333333333200000333333222211333223333301112222223333333333301122222233333333332133333332333333333320222
11222033333322231111122222223333333200000313312221222313222131301111122222223333333201111222222233333332133333322333333333220211
11122033333222231111122222222322322100000333322122222332212333201111122222222322322201111222222223223222131333121331333332120210
11112031332221231111111222222222222000000333222112222222112332201111111222222222222001111112222222222221133332221133333322220200
11122033322222233111111222222222222000000332222112222231112322200111111222222222222000111112222222222221133322221113333222220100
11100033222222233311111111222222221000000222222102222231012222200111111111222222221000111111112222222211133222221113332222220100
22102222222222222211111111112122210000000222222102232221012222200011111111112122210300011111111121222111122222221111322222220100
22202122122221221231111111111111100000000212212102122121012121200001111111111111103330001111111111111011122222221111132222220100
22202222222222222233111111111110000000000222222102222221012222200000111111111110033333000111111111100011121222120111112122120200
12200111111111111113311111111100000000000111111101111111011111100000001111111100333333330001111111000011122222220011112222220200
12222011111111111111300000000000000000000011111100111111011111000000000000000003333333333300000000000011111111100001111111110200
21222200000000000000000000000000000000000000000000000000000000000000000000000013333333333333333332210011111111000000111111100200
22222222222222233100000000000000000000000000000000000000000000000000000000000002333333333333333333210000000000000000000000002200
12222222222222223200000000000000000000000000000000000000000000000000000000000002333333333333333333321000000000000000000012222200
11222222222222233210000000000000000000000000000000000000000000000000000000000001333333333333333333321100000000000000000001222200
11122222222222232310000000000000000000000000000000000000000000000000000000000000233333333333333333332110000000000000000000222200
