00000000000000000000000000000000000000000000000000000000000000000000000000000000000000000000000000000000000000000000000000000000
00000000000000000000000000000000000000000000000000000000000000000000000000000000000000000000000000000000000000000000000000000000
00000000000000000000000000000000000000000000000000000000000000000000000000000000000000000000000000000000000000000000000000000000
00000000000000000000000000000000000000000000000000000000000000000000000000000000000000000000000000000000000000000000000000000000
00000000000000000000000000000000000000000000000000000000000000000000000000000000000000000000000000000000000000000000000000000000
00000000000000000000000000000000000000000000000000000000000000000000000000000000000000000000000000000000000000000000000000000000
00033333333333333300000000000000000000000000000000000000000000000000000000000333333333333000000000000000000003333300033333000000
00001333311111133310000000000000000000003000000000000000000000000000000000000013333111333330000000000000000000333310003333100000
00000333310000003310000000000000000000033100000000000000000000000000000000000003333100033331000000000000000000333310003333100000
00000333310000000310000000000000000000033100000000000000000000000000000000000003333100003333000000000000000000333310003333100000
00000333310003000310000000000000000000333100000000000000000000000000000000000003333100003333100000000000000000333310003333100000
00000333310003100010000000000000000033333100000000000000000000000000000000000003333100003333100000000000000000333310003333100000
00000333310033100000033333303333300333333333003333300333000000333333000000000003333100033331100000333333000000333310003333100000
00000333310333100000003333110331110013333111100333313333300033011133300000000003333100333311000033011133300000333310003333100000
00000333333333100000000333300311000003333100000333330333310333100033330000000003333333333110000333100033330000333310003333100000
00000333311333100000000333313010000003333100000333311033110333300033331000000003333111333330000333300033111222110013330000133333
33333000013300133333333300003133333330000133333000013331133300113300001333333330000133310000333300113300001333000013330000133333
33333000013330133333333330000333333330000133333000013333333331130000001333333330000133330000033331130000001333000013330000133333
33333000013330133333333330000133333330000133333000013333333333003100001333333330000133330000013333003100001333000013330000133333
33333000013333133303333330000033333330000133333000013333333300011300001333333330000133330000013300011300001333000013330000133333
33333000013333333301333303000013333330000133333000013333333000013300001333333330000133330000013000013300001333000013330000133333
33333000013333333001333301300003333330000130333000013333333000013000001333333330000133300000113000013000001333000013330000133333
33333000013333300011330031300000333330000003133000013333333000000300000333333330000133000001133000000300000333000013330000133333
33300000000000000013300000300000033333100011330000003333333300001130001133333000000000000111333300001130001130000003300000033333
33331111111111111113331111131111113333331113333111111333333331111333111333333311111111111133333331111333111333111111331111113333
33333333333333333333333333333333333333333333333333333333333333333333333333333333333333333333333333333333333333333333333333333333
33333333333333333333333333333333333333333333333333333333333333333333333333333333333333333333333333333333333333333333333333333333
33333333333333333333333333333333333333333333333333333333333333333333333333333333333333333333333333333333333333333333333333333333
33333333333333333333333333333333333333333333333333333333333333333333333333333333333333333333333333333333333333333333333333333333
33333333333333333333333333333333333333333333333333333333333333333333333333333333333333333333333333333333333333333333333333333333
33333333333333333333333333333333333333333333333333333333333333333333333333333333333333333333333333333333333333333333333333333333
33333333333333333333333333333333333333333333333333333333333333333333333333333333333333333333333333333333333333333333333333333333
