11111111111100011111111111111110011111100000001111111110000000011110000000011111111000111111111000000011110000000011111000000011
11111111111111111111111111111110001111003333300111111100333333011100333333011111110030111111110033333001100333333001110033333001
11111111111111111111111111111111101110033333330011111103333333011103333333011111110330111111100333333300103333333301100333333300
11111111111111111111111111111111100000333000333011111103300000011103300000011111100330111111103330003330003300003300103330003330
11111111111111111111111111111111000000330010033011111103301121111103301111111111103330111111103300100330033001000330103300100330
11111111111111111110011111111110000000330111033011111003300000111003300000111111003330111111103301110330033001100330003301110330
11111111111111111102210011111110000000000111033011111033333330111033333330111110033330111111100001110330033300003330000001110330
11111111111111111033333201111111110001111110033011111033333330011033333330011110330330111111111101100330003333333300011111100330
11111111101111111133322331111111111100101110330011111033000033001033000033001100330330111111111001103300100333333000111111103300
10011111101110110233332233111111111110101100330111111000011003301000001003301003300330111111111101003301003333333300111111003301
00111111111110001332333233301111111000000003300111111111111103301111101103300033300330111111111100033001033330033330111110033001
01111111112110011231233233320111111000000033001111111111111103301111111103300333000330001111111100330010033300003330111100330011
01111111112211001231233223331111111100000330011111111000011003301000111003300333333333301111111003300210033001100330111003300111
00111111001111000133333333332001111111003300011111110030000033000030010033000333333333301111110033002211033001100330110033000111
10111111001111000023333333333100111110033000000000000333000333010333000333010000000330000000100330000000033300003330100330000000
11111111111111000013323331233200001100333333333003300033333330010033333330011110010330110330003333333330003333333300003333333330
11111111111110100012312331223200000003333333333003300003333300011003333300111011110330110330033333333330100333333001033333333330
11111111111110100000233332223300000000000000000000000000000000011000000001111001110000110000000000000000110000000011000000000000
11111111111101110000033333323200000000000000000000100001000000000000000111111111100111111110111111111111111111111111111101111000
11111111111100111010022333333100000000000000000000010000100000000000000001111111100001111110111111111111111111111110110001101000
11111111111100022110022333221000000000000000000000000000000000000000000001111111100000011110001111111111111111011100100000010000
11111111110012112210023332000000000000000000000000000000000000000000000000111111100000001010000100111111001110001100100000000000
11111111101122110110022320000000000000000000000000000000010000000000000000001111110000000000000101011110000111001100000000000000
00111111012221001111000000000000000000000000000000000000000000000000000000000100011000000000000001101111111111011100000000000000
00111111022200000000000000000000000000000000000000000000000000000000000000000000001000000000000000000011110000011100000000000000
10111111022000330300300330003300333000330033300000003000000000000000000000000000000333000330030000033001100330001110000000000000
11111111101000030300303003030030300303003030030000033000000000000000000000000000000300303003030000300301103003011110000000000000
10012211000000030300303000030030300303003030030000003000000000000000000000000000000333003003030000300300000003011110000000000000
10002221000000030300303033033330300303003033330000003000000000000000000000000000000300303003030000333300000330011100001111000000
00001211100030030300303003030030300303003030300000003000000000000000000000000000000300303003030000300300003000011100011111100000
10000111110003300033000330030030333000330030030000003000000000000000000000000000000333000330033330300300003333011100101111100000
10000111111000000000000000000000000000000000000000000000000000000000000000000000000000000000000000000010000000001111000010000001
