00000000000000000000000000000000000000000011100001111110110001100111110001111110111111100000000000000000000000000000000000000000
00000000000000000000000000000000000000000111110001111110110001101111111001111110111111100000000000000000000000000000000000000000
00000000000000000000000000000000000000001110111000000110110001101110000000011000110000000000000000000000000000000000000000000000
00000000000000000000000000000000000000001100011000000110110001100111110000011000111110000000000000000000000000000000000000000000
00000000000000000000000001111100000000001111111011001110111011100000111000011000110000000000000001111100000000000000000000000000
00000000000000000000000000000000000000001100011011111110111111101111111000011000111111100000000000000000000000000000000000000000
00000000000000000000000000000000000000001100011001111100011111000111110000011000111111100000000000000000000000000000000000000000
00000000000000000000000000000000000000000000000000000000000000000000000000000000000000000000000000000000000000000000000000000000
03333300033333003300033000333300333330000333330000000030330003300033330033333000333333300333330000000000000000000000000000000000
33333330333333303330033000333300333333003333333000000300330003300033330033333300333333303333333000000000000000000000000000000000
33300000330003303333033000033000330033303300033000003000330003300003300033003330330000003300033000000000000000000000000000000000
03333300330003303333333000033000330003303300033000030000333033300003300033000330333330003300033000000000000000000000000000000000
00003330330003303303333000033000330033303300033000300000033333000003300033003330330000003300033000000000000000000000000000000000
33333330333333303300333000333300333333003333333003000000003330000033330033333300333333303333333000000000000000000000000000000000
03333300033333003300033000333300333330000333330030000000000300000033330033333000333333300333330000000000000000000000000000000000
00000000000000000000000000000000000000000000000000000000000000000000000000000000000000000000000000000000000000000000000000000000
01111110110001101111111000111110011111000000000000000000000000000000000000000000000000000000000000000000000000000000000000000000
01111110110001101111111001111110111111100000000000000000000000000000000000000000000000000000000000000000000000000000000000000000
00000110110001101100000011100000110001100000000000000000000000000000000000000000000000000000000000000000000000000000000000000000
00000110110001101111100011001110110001100000000000000000000000000000000000000000000000000000000000000000000000000000000000000000
11001110111011101100000011100110110001100000000000000000000000000000000000000000000000000000000000000000000000000000000000000000
11111110111111101111111001111110111111100000000000000000000000000000000000000000000000000000000000000000000000000000000000000000
01111100011111001111111000111110011111000000000000000000000000000000000000000000000000000000000000000000000000000000000000000000
00000000000000000000000000000000000000000000000000000000000000000000000000000000000000000000000000000000000000000000000000000000
01111110111111100011110011000110001111000011110001111100000000000000000000000000000000000000000000000000000000000000000000000000
01111110111111100111111011100110001111000111111011111110000000000000000000000000000000000000000000000000000000000000000000000000
00011000110000001100011011110110000110001100011011000110000000000000000000000000000000000000000000000000000000000000000000000000
00011000111110001100000011111110000110001100000011000110000000000000000000000000000000000000000000000000000000000000000000000000
00011000110000001110011011011110000110001110011011000110000000000000000000000000000000000000000000000000000000000000000000000000
00011000111111100111111011001110001111000111111011111110000000000000000000000000000000000000000000000000000000000000000000000000
00011000111111100011110011000110001111000011110001111100000000000000000000000000000000000000000000000000000000000000000000000000
00000000000000000000000000000000000000000000000000000000000000000000000000000000000000000000000000000000000000000000000000000000
