00000000000000000000000000000000000000000011100001111110110001100111110001111110111111100000000000000000000000000000000000000000
00000000000000000000000000000000000000000111110001111110110001101111111001111110111111100000000000000000000000000000000000000000
00000000000000000000000000000000000000001110111000000110110001101110000000011000110000000000000000000000000000000000000000000000
00000000000000000000000000000000000000001100011000000110110001100111110000011000111110000000000000000000000000000000000000000000
00000000000000000000000001111100000000001111111011001110111011100000111000011000110000000000000001111100000000000000000000000000
00000000000000000000000000000000000000001100011011111110111111101111111000011000111111100000000000000000000000000000000000000000
00000000000000000000000000000000000000001100011001111100011111000111110000011000111111100000000000000000000000000000000000000000
00000000000000000000000000000000000000000000000000000000000000000000000000000000000000000000000000000000000000000000000000000000
01111100011111001100011000111100111110000111110000000010110001100011110011111000111111100111110000000000000000000000000000000000
11111110111111101110011000111100111111001111111000000100110001100011110011111100111111101111111000000000000000000000000000000000
11100000110001101111011000011000110011101100011000001000110001100001100011001110110000001100011000000000000000000000000000000000
01111100110001101111111000011000110001101100011000010000111011100001100011000110111110001100011000000000000000000000000000000000
00001110110001101101111000011000110011101100011000100000011111000001100011001110110000001100011000000000000000000000000000000000
11111110111111101100111000111100111111001111111001000000001110000011110011111100111111101111111000000000000000000000000000000000
01111100011111001100011000111100111110000111110010000000000100000011110011111000111111100111110000000000000000000000000000000000
00000000000000000000000000000000000000000000000000000000000000000000000000000000000000000000000000000000000000000000000000000000
01111110110001101111111000111110011111000000000000000000000000000000000000000000000000000000000000000000000000000000000000000000
01111110110001101111111001111110111111100000000000000000000000000000000000000000000000000000000000000000000000000000000000000000
00000110110001101100000011100000110001100000000000000000000000000000000000000000000000000000000000000000000000000000000000000000
00000110110001101111100011001110110001100000000000000000000000000000000000000000000000000000000000000000000000000000000000000000
11001110111011101100000011100110110001100000000000000000000000000000000000000000000000000000000000000000000000000000000000000000
11111110111111101111111001111110111111100000000000000000000000000000000000000000000000000000000000000000000000000000000000000000
01111100011111001111111000111110011111000000000000000000000000000000000000000000000000000000000000000000000000000000000000000000
00000000000000000000000000000000000000000000000000000000000000000000000000000000000000000000000000000000000000000000000000000000
03333330333333300033330033000330003333000033330003333300000000000000000000000000000000000000000000000000000000000000000000000000
03333330333333300333333033300330003333000333333033333330000000000000000000000000000000000000000000000000000000000000000000000000
00033000330000003300033033330330000330003300033033000330000000000000000000000000000000000000000000000000000000000000000000000000
00033000333330003300000033333330000330003300000033000330000000000000000000000000000000000000000000000000000000000000000000000000
00033000330000003330033033033330000330003330033033000330000000000000000000000000000000000000000000000000000000000000000000000000
00033000333333300333333033003330003333000333333033333330000000000000000000000000000000000000000000000000000000000000000000000000
00033000333333300033330033000330003333000033330003333300000000000000000000000000000000000000000000000000000000000000000000000000
00000000000000000000000000000000000000000000000000000000000000000000000000000000000000000000000000000000000000000000000000000000
