00000000000000000000000000000000000000000000000000000000000000000000000000000000000000000000000000000000000000000000000000000000
00333000000000000300000003003330030000000300030003000000000000000000000000000000000000000000000000100000000000000000000000000000
00333000000000003030000030003000303000003030303030300000000000000000000000000100000000000000000000000000000000000000000000000000
00033000000000000030000030303300003000000030030030300000010000000000000000001110000000000000000000000000000000000000000000000000
00033000000000000300000033300030030000000300003030300000000000000000001000000100000000000000000000000000000000000000000000000000
00033000000000003000000000303030300000003000303030300000000000000000000000000000000000010000000000000000000000000000000000000000
00033000000000003330030000300300333003003330030003000000000000001000000000000000000000000000000000000000000000000100000000001000
00033000000000000000000000000000000000000000000000000000000000000000000000000000100000000000000000000000000000000000000000011100
00000000000000000000010000000000000000001000000000000001000000000000000000000000000000000000000000000000000000000000000000001000
00000000000000000000000000000000000000000000000000000000000010000000000010000000000000000000000000000000000000000000000000000000
00000000000000000000000000000000000000000000000000000000000000000000000000000000000000000000001000000000000000000000000000000000
00000000000000000000000000000000000000000000000000000000000000000000000000000100000000000000000000000000000000000000000000000000
00000000000000000000000000000000010000000000000000000000100000000000000000000000000000000000000000000000000000000000000000000000
00000000100000000000000000000000000000000000000100000000000001000010010000000000000000010000000000000000000000000000000000000000
00000000000000000000000000000000000000000000000000000000000000000000000000000000000000000000000000000000000000000000000000000000
00000000000000000000000000000000000000000000000000000000000010000000000000000000100000000000000000000000000000000000000000000000
00000000000000000000010000000000000000000000000000000000000000000000000010000000000000000000000000000001000000000000000000100000
00000000000000000000000000000000000000000000100000010000000000000100010000000000000000000000000000000000000000000000000000000000
00000000000000000000000000000001000000000000000000000000001000100000000000000000000000000000000000000000000000000000000000000000
00000000000000000000000000000000000000000000000000000000000000000001000000001000000000000000000000000000000000000000000000000000
00000000000000000000000000000000000001000000000000000000000000100000000010000000000000000000000000000000000000000000000000000000
00000000000000000000000000000000000000000000000000000000100000000000000000000000000000000000000000000000000000000000000000000000
00000000000000000000000000000000000000000000000000010000000000000000010000000000000010000000000000000000000000000001000000000000
00000000001000000000000000000000000000000000000000000000000000000000000000000000000000000001000000000000000000000000000000000000
00000000000000000000000000000000000000000000000000000000000000000010000000000000100000000000000000000000000000000000000000000000
00000000000000330300300330003300333000330033300000003000000000000000000000000000000333000330030000033000000330000000000000000000
00000000000000030300303003030030300303003030030000033010000000100000000000000000000300303003030000300300003003000000000000000000
00000000000000030300303000030030300303003030030001003000000000000000000010000000000333003003030000300300000030000000000000000000
00000000000000030300303033033330300303003033330000003000000000000000000000000000000300303003030000333300000003000000000000000000
00000000000030030300303003030030300303003030300000003000000000000001000000000000000300303003030000300300003003000000000000000000
00000000000003300033000330030030333000330030030000003000000000000000000000000100000333000330033330300300000330000000000000000000
10000000000000000000000000000000000000000000000000000000100000010000000000000000000000000000000000000000000000000000000000000000
