00000000000000000000000000000000000000000000000000000000000000000000000000000000000000000000000000000000000000000000000000000000
00000000000000000000000000000000000000000000000000000000000000000000000000000000000000000000000000000000000000000000000000000000
00000000000000000000000000000000000000000000000000000000000000000000000000000000000000000000000000000000000000000000000000000000
00000000000000000000000000000000000000000000000000000000000000000000000000000000000000000000000000000000000000000000000000000000
00000000000000000000000000000000000000000000000000000000000000000000000000000000000000000000000000000000000000000000000000000000
00000000000000000000000000000000000000000000000000000000000000000000000000000000000000000000000000000000000000000000000000000000
00000000000000000000000000000000000000000000000000000000000000000000000000000000000000000000000000000000000000000000000000000000
00000000000000000000000000000000000000000000000000000000000000000000000000000000000000000000000000000000000000000000000000000000
00000000000000000000000000000000000000000000000000000000000000000000000000000000000000000000000000000000000000000000000000000000
00000000000000000000000000000000000000000000000000000000000000000000000000000000000000000000000000000000000000000000000000000000
00000000000000000000000000000000000000000000000000000000000000000000000000000000000000000000000000000000000000000000000000000000
00000000000000000000000000000000000000000000000000000000000000000000000000000000000000000000000000000000000000000000000000000000
00000000000000000000000000000000000000000000000000000000000000000000000000000000000000000000000000000000000000000000000000000000
00000000000000000000000000000000000000000000000000000000000000000000000000000000000000000000000000000000000000000000000000000000
00000000000000000000000000000000000000000000000000000000000000000000000000000000000000000000000000000000000000000000000000000000
00000000000000000000000000000000000000000000000000000000000222000000022000000000000000000000000000000000000000000000000000000000
00000000000000000000000000000000000000000000000000000000002333000000233000000000000000000000000000000000000000000000000000000000
00000000000000000000000000000000000000000000000000000000002333000000233000000000000000000000000000000000000000000000000000000000
00000000000000000000000000000000000000000000000000000000002223000002332000000000000000000000000000000000000000000000000000000000
00000000000000000000000000000000000000000000000000000000000023000023332000000000000000000000000000000000000000000000000000000000
00000000000000000000000000000000000000000000000000000000000023000023032000000000000000000000000000000000000000000000000000000000
00000000000000000000000000000000000000000000000000000000000023000233032000000000000000000000000000000000000000000000000000000000
00000000000000000000000000000000000000000000000000000000000023000230032000000000000000000000000000000000000000000000000000000000
00000000000000000000000000000000000000000000000000000000000023000233333200000000000000000000000000000000000000000000000000000000
00000000000000000000000000000000000000000000000000000000000023000222223200000000000000000000000000000000000000000000000000000000
00000000000000000000000000000000000000000000000000000000000023000000023000000000000000000000000000000000000000000000000000000000
00000000000000000000000000000000000000000000000000000000002223000000023000000000000000000000000000000000000000000000000000000000
00000000000000000000000000000000000000000000000000000000002332000000232000000000000000000000000000000000000000000000000000000000
00000000000000000000000000000000000000000000000000000000002332000000232000000000000000000000000000000000000000000000000000000000
00000000000000000000000000000000000000000000000000000000002222000000220000000000000000000000000000000000000000000000000000000000
00000000000000000000000000000000000000000000000000000000000000000000000000000000000000000000000000000000000000000000000000000000
00000000000000000000000000000000000000000000000000000000000000000000000000000000000000000000000000000000000000000000000000000000
