00000000000000000000000000000000000000000000000000000000000000000000000000000000000000000000000000000000000000000000000000000000
00000033333333330000003333333333333333333333300000000000000033000000000000000333333333333333300000000003333333333333333333333300
00000333333333333000003333333333333333333333300000000000000333300000000000000333333333333333333000000003333333333333333333333310
00003333331111133300003311113333333333311111110000000000000333300000000000000333333333333333333300000003311113333333333311111110
00033333333100113330000111113333333333311111110000000000003333310000000000000333333333331111113330000000111113333333333311111110
00333333333100001311000000003333333333311000000000000000003333330000000000000333333333331000111333000000000003333333333310000000
00333333333300000011000000003333333333311000000000000000033333331000000000000333333333331000000133300000000003333333333310000000
03333333333330000000000000003333333333311000000000000000033333333000000000000333333333331000000003310000000003333333333310000000
03333333333330000000000000003333333333311000000000000000333333333100000000000333333333331000000003330000000003333333333310000000
03333333333333000000000000003333333333311000000000000000333333333300000000000333333333331000000000331000000003333333333310000000
03333333333333300000000000003333333333311000000000000003333333333310000000000333333333331000000000331000000003333333333310000000
00333333333333300000000000003333333333311000000000000003333333333330000000000333333333331000000000331000000003333333333310000000
00333333333333330000000000003333333333311000000000000033333333333331000000000333333333331000000000331000000003333333333310000000
00333333333333333000000000003333333333311000000000000033333333333333000000000333333333331000000000331000000003333333333310000000
00033333333333333300000000003333333333311000000000000333333333333333000000000333333333331000000000331000000003333333333310000000
00003333333333333310000000003333333333311000000000000331333333333333300000000333333333331000000000331000000003333333333310000000
00003333333333333330000000003333333333311000000000003331133333333333300000000333333333331000000000331000000003333333333310000000
00000333333333333331000000003333333333311000000000033311033333333333330000000333333333331000000003331000000003333333333310000000
00000033333333333333000000003333333333311000000000033311003333333333330000000333333333331000000003311000000003333333333310000000
00000033333333333333100000003333333333311000000000333110003333333333333000000333333333331000000033311000000003333333333310000000
00000003333333333333100000003333333333311000000000333100003333333333333000000333333333331000000333110000000003333333333310000000
00000000333333333333100000003333333333311000000003331100000333333333333100000333333333333000033331110000000003333333333310000000
00000000033333333333100000003333333333311000000003311100000033333333333300000333333333333333333311100000000003333333333310000000
00000000033333333333100000003333333333311000000033333333333333333333333310000333333333333333333111000000000003333333333310000000
03330000003333333333100000003333333333311000000033333333333333333333333330000333333333331333311110000000000003333333333310000000
03333000000333333331100000003333333333311000000333111111111113333333333331000333333333331033333000000000000003333333333310000000
00333300000333333311100000003333333333311000000333111111111113333333333333000333333333331001333330000000000003333333333310000000
00033333333333333111000000003333333333311000003331100000000000333333333333100333333333331000133333300000000003333333333310000000
00001333333333311110000000003333333333311000003331100000000000333333333333100333333333331000011333300000000003333333333310000000
00000111111111111100000000000011111111111000000111000000000000011111111111110011111111111000000133310000000000111111111110000000
00000001111111110000000000000001111111111000000111000000000000000000000000000000000000000000000001110000000000011111111110000000
00000000000000000000000000000000000000000000000000000000000000000000000000000000000000000000000000000000000000000000000000000000
