00000000000000000000000000000000000000000000000000000000333333333333333333321000113333333333332000000000000000000000000000000000
00333000000000000300000003003330030000000300030003000000322323333232233333333100102333333333331000000000000000000000000000000000
00333000000000003030000030003000303000003030303030300000222212222222223333333321001113333333320000000000000000000000000000000000
00033000000000000030000030303300003000000030030030300000222222222222223333333332101102333333200000000000000000000000000000000000
00033000000000000300000033300030030000000300003030300000212221111123323333333333322001233332000000000000000000000000000000000000
00033000000000003000000000303030300000003000303030300000222100000001232333333333333200123320000000000000000000000000000000000000
00033000000000003330030000300300333003003330030003000000211000000000023233333333333320013220000000000000000000000000000000000000
00033000000000000000000000000000000000000000000000000000210000000000002223233333333332011110000000000000000000000000000000000000
00000000000000000000000000000001000000000023333221111112100000000000001322323333333333310220000000000000000000000000000000000000
00000000000000000000000000000001000000000013333321111122000000000000000222322333332333332221111221000000000001222222210000000000
00000000000000000000000000000010000000000002323221111121000000000000000132321223332333323332233333222222000122333333332100000000
00000000000000000000000000000010000000000002322222111111000000000000000032231122332211101222123323333333211223333333333310000000
00000000000000000000000000000000000000000001322222111121000000000000000022231122333200100111012333333333333323333333333331000000
00000000000000000000000000000000000000000001322222111120000000000000000022231023333210011100001333333333333223322333333333100000
00000000000000000000000000000010000000000001322221111110000000000000000022231122223310033200101233333333333212211233333333200000
00000000000000000000000000000000000000000001322221011110000000000000000022231023233310033300002222333333333311211123333333310000
00000000000000000000000000000010000000000002322221011121000000000000000032231122233310033300002222333333333322222012333333320000
00000000000000000000000000000010000000000002222210111111000000000000000131320122333320023300001122223222333322322211233333330000
00000000000000000000000000000001000000000012222210111112100000000000000222310123233320023310001122222222333211212211233333331000
00000000000000000000000000000000000000000022222100011111100000000000001322200122232332233310001112222332333212200001233333331000
00000000000000000000000000000000100000000122221100111111110000000000002223101122233333333332000122222222333222100001133333331000
00000000000000000000000000000000010000001222210000111111110000000000022221012222222333333332001212222223332121000001123333331000
00000000000000000000000000000000001211122222100010111111111100000001221210122332223333333321112322222223233222100001233333320000
00000000000000000000000000000000000011111112110000101111111111111122211111223333233333332211113333222233223322200001223333320000
00000000000000000000000000000000000000000002221000100011111111121111110122222223300000000000000000032133210000210001222233310000
00000000000033300300000330030003033330333000122111003011111111111111111223222233303330003300300003021122100330010012222223100000
00000000000030030300003003003030030000300300012211033011111111111111122322222333303003030030300003000000003003011112221232100000
00000000000030030300003003000300030000300300001221003011111111111112233322223333303330030030300003000000000030011111112221000000
00000000000033300300003333000300033300333000000122203022222222212122222233333333303003033330300003000000000003011111111210000000
00000000000030000300003003000300030000303000000001203023223222223222222233333332103003030030300003000000003003001111111000000000
00000000000030000333303003000300033330300300000000103012222223332222223333322220003330030030333303333000000330001011100000000000
00000000000000000000000000000000000000000000000000000000001111221122222221111000000000000000000000000000000000000000000000000000
