00100001111100000011111110011111223333222223223333333333333333333322333333223333333333333333333320000000000000000000000000000000
00000000000000000001111100011111123333322222323333333333333333333322222332232333333333333333333320000000000000000000000000000000
00000000000000000000000000000111123333332222232233333333333333333332322223333333333333333333333331000000000000000000000000000000
00000000000000000000000000000011112333332222232233333333333333333333322223223333333333333333333331000000000000000000000000000000
11000000000000000000000000000011112333332222223333333333333333333333223322233323333333333333333332000000000000000000000000000000
12111000000000000000000000000011111223333222122223333333333333333332222232333333333333333333333333000000000000000000000000000000
13221000000000000000000000000011111223333322222233333333333333333333222222223333333333333333333333100000000000000000000000000000
13332000000000000000000000000111111123333322222233333333333333333333223222223333333333333333333333100000000000000000000000000000
13333000000000000000000000010001111122333322222223333333333333333333222222333233333333333333333333200000000000000000000000000000
13332000000000000000000000000001111122333322222222333333333333333333332222333233333333333333333333200000000000000000000000000000
13322100000000000000000000000000111122333332222222233333333333333333322222332333333333333333333333200000000000000000000000000000
13333100000000000000000000000000000000000000000222233333333333333333322222222333333333333333333333310000000000000000000000000000
13333100000000000033300333330033300333300333330222233333333333333333322222222333333333333333333333310000000000000000000000000000
12333100000000000300030003000300030300030003000222233333333333333333322222222333333333333333333333310000000000000000000000000000
13332100000000000300000003000300030300030003001222233333333333333333322222222223333333333333333333310000000000000000000000000000
13332000000000000033300003000300030333300003002222233333333333333333322222222333333333333333333333310000000000000000000000000000
12222100000000000000030003000333330303000003002222223333333333333333322222222333333333333333333333310000000000000000000000000000
01111000000000000000030003000300030300300003002222223333333333333333332222222233333333333333333333310000000000000000000000000000
01110000000000000300030003000300030300030003001222223333333333333333322222222233323333333333333333310000000000000000000000000000
01111000000000000033300003000300030300003003001212223333333333333333322222222223333333333333333333300000000000000000000000000000
00000000000000000000000000000000000000000000001222223333333333333333322222222323333333333333333333300000000000000000000000000000
01100000000000000000000000000000100111233333211222223333333333333333322222222333333333333333333333200000000000000000000000000000
00000000000000000000000000000000010111233333211122222333333333333333322222222333333333333333333333200000000000000000000000000000
01000010000000000000000000000000000111233333221122222333333333333333322222222322333333333333333333100000000000000000000000000000
01000000000000000000000000000000000000000000001122200033333333333333322222222322333000000000000000000000000000000000000000000000
01110000000000330300300330003300333000330033300222003033333333333333322222222333330333000330030000033000000030000000000000000000
11110000000000030300303003030030300303003030030222033033333333333333322222222233330300303003030000300300000330000000000000000000
01110000000000030300303000030030300303003030030212003033333333333333322222222322330333003003030000300300000030000000000000000000
01110000000000030300303033033330300303003033330122203033333333333333322222222233330300303003030000333300000030000000000000000000
01110000000030030300303003030030300303003030300222203033333333333332222222222223330300303003030000300300000030000000000000000000
01110000000003300033000330030030333000330030030122203033333333333332222222222333330333000330033330300300000030000000000000000000
00110010000000000000000000000000000000000000001122200033333333333322222222222233333000000000000000000000000000000000000000000000
