00000000000000000000000000000000000000000000000000000000000000000000000000010000100000000000000000000000111100000000000000000000
00333000030003000300000003000300030000000300030033300000000000000000000000000000000000000000000000000000011000000000000000000000
00333000330030303000000030303000303000003030330030000000000001000000000000000000000000000000000000000000000000000000000000000000
00033000030000303030000030303030303000003030030033000000000000000000000000000000000000000100000000000000000000000000000000000000
00033000030003003330000003303330303000000330030000300000000000000000000000000000000000000000000000000000000000000000000000000000
00033000030030000030000000300030303000000030030030300000100000000000000010000000000000000000000000000000000000000000000000000000
00033000030033300030030033000030030003003300030003000000000000000001000000000000100000000000000000000000000000000000000000000000
00033000000000000000000000000000000000000000000000000000000000100000000000000000000000000000000000000100000000000000000000000000
00000000000000000000000000000000000000000000000000000000000000000000000000010000000000000000000000000000000000000000000000000000
00000000000000000000000000001000000000000000000000000001000000000000000000000000000000000000000000000000000000000000000000000000
00000000000000000000000000000000000000000000000000000000000000000000100000000000000000000000000000000000000000000000000000000000
00000000000000000000000000000000000000000000000000000000000000000000000000000000000000100000000000000000000000000000000000000000
00000000000000000000000000000000000001000000000001000000100000000000000000000000000000000000000000000000000000000000000000000000
00000000000000000010000000000000000000000000000000000000000010001010000000000000100000000000000000000000000000000000000001000000
00000000000000000000000000000000000000000000000000000000000000000000000000000000000000000000000000000000000000000000000011100000
00000000000000000000000000001000000000000000000000000000000000000000100000000000000000000000010000000000000010000000000001000000
00000000000000000000000000000000000000000000001000001000001000000000000000000000000000000000000000000000000000000000000000000000
00000000000000000000000000000000000010000000000000000000000000000000000000000000000000000000000000000000000000000000000000000000
00000000000000000000000000000000000000000100000000000000000000001000100010000000000000000000000000000000000000000000000000000000
00000000000000000000000000000000000000000000000000000000000010000010000000000000000000000000000000000000000000000000000000000000
00000000000000000000000000000000000000000000000000001000000000000000000000000010000100000000000000000001000000000000000000000000
00000000000000000000000000000000000000000000010000000000000000000000000000010000000000000000000000000000000000000000000000000000
00000000000000000000000000000000000000000000000000000000000000010000000000000000000000000000000000000000000000000000000000000000
00000000000000000000000000000000000000001000000000000010000010000000000000000000000000000000000000000000000000000000000000000000
00000000000000000000000000000000000000000000000000100000000000000000100000000000000000000000000000000000000000000000000000000000
00000000000033300300000330030003033330333000000000003000000000000000000000000000003330003300300003000000000330000000000000000000
00000000000030030300003003003030030000300300000000033000000000001000000010000000003003030030300003000000003003000000000000000000
00000000000030030300003003000300030000300300000000003000100001000000000000000000003330030030300003000000000003000000000000000000
00000001000033300300003333000300033300333000001000003000000000000000000000000000003003033330300003000000000330000000000000000000
00000011100030000300003003000300030000303000000000003000000000000000010000000000003003030030300003000000003000000000000000000000
00000001000030000333303003000300033330300300000000003000000000000000000000000010003330030030333303333000003333000000000000000000
00000001000000000000000000000000000000000000000000000000000100000010000000000000000000000000000000000000000000000000000000000000
