00000000001000000001000000000000000000000000000000000000000000011100000000000000000000000000000000000000000000000000000000000000
00000000000000000000000000000001100000001111000000000000111110001000111100000000111100000000000011110000000011110000000000001101
00000000000000000000000000000011100000011111100000000001111111000001111110000001111110000000000111111000000111111000000000011001
00000000000000000000000000000111100000110000110000000011100011100011000011000011000011000000001100001100001100001100000000110001
00000000000000000000000000000001100001100000011000000011000001100110000001100110000001100000011000000110011000000110000001100000
00000000000000000000000000000001101001100000011000000000000001100110010001100110000001100000011000000110011000000110000011000000
00000000000000000000000000000001100001100000011001000000000001100110000001100110000001100000011000000110011000010110000111110000
00000000000000000000000000000001100001100000011000000000000011000110000001100110000001100000011000000110011000000110001111111000
00000000000000000000000100000001100001100100011000000001001111000110000001100110000001100000011000000110011000000110001110011100
00000000000000000000000000000001100001100000011000000000001111000110000001100110000001100000011000000110011000000110011100001110
00000000000000000000000000000001100001100000011000000000000011100110000101100110000001100000011000000110011000000110011000000110
00000000000000000000000000000001100001100000011000000000000001100110000001100110000001100000011000000110011000000110011000000110
00000000000000000000000000000001101001100000011010000000101001100110000001100110000001100000011000000110011000000110011000000110
00000000001000000000000000000001100001100000011000000110000001100110000001100110000001100000011000000110011000000110011100001110
00000000000000000000000000000001100000110000110000000111000011100011000011000011000011000000001100001100001100001100001110011100
00000000000000000000000000000001100000011111100001100011111111000001111110000001111110000110000111111000000111111000000111111000
00000000000000000000001000000001100000001111000001100000111110000000111100000000111100000110000011110010000011110000000011110000
00000000000000000000000000000000000000000000010000001000000000000000000000000000000000000000000000000000000000000000000000000000
00000000000000000000000000000000100000000000000000000000000000000010000100000000000000000000000000000000000000000000000000000000
00000000000000000000000000000000000000100000000000000000001000000000100010001000000000000000000000000000000000000000000000000000
00000000000000000000000000000000000000000000000000000000000000100000000000000000000000000000000000000000000000000000000000000000
00000000000000000000000000000000000000000000000000001000010000000000010000000000000000000000000000000000000000000000000000000000
00000000000000000000000000000000000000000000000000000000000000000000000000000000000100000010000000000000000000000100000000000000
00000000000010000000000000000000000000000000000000000000000000000000000000000001000000000000000000000000000000000000000000000000
00000000000000000000000000000000000000000000100000000000000000000100000000000000000000000000000000000000000000000000000000000000
00000000000011100100000110010001011110111000000000001010000000100000000000000000001110001100100001000000000010000000000000000000
00000000000010010100001001001010010000100100000000011000000000000000000000000000001001010010100001010000000110000000000000000000
00000000000010010100001001000100010000100100000000001000000000000000000100000000001110010010100001000000000010000000000000000000
00000000000011100100001111000100011100111000000000001000000000000000000000000000001001011110100001000000000010000000000000000000
00000000000010000100001001000100010000101000000000001000000000010001000000001000001001010010100001000000000030000000000000000000
00100000000030000333303003000300033330300300000000003000010000111000000000000000003330030030333303333000000030000000000000000000
00000000000000000000000000000000000000000000000000000000000000010000000000000000000000000000000000000000000000000000000000000000
