00000000000000000000000000000000000000000000000000000000000000000000000000000000000000000000000000000000000000000000000000000000
00000000000000000000000000000000000000000000000000000000000000000000000000000000000000000000000000000000000000000000000000000000
00000000000000000000000000000000000000000000000000000000000000000000000000000000000000000000000000000000000000000000000000000000
00000000000000000000000000000000000000000000000000000000000000000000000000000000000000000000000000000000000000000000000000000000
00000000000000000000000000000000000000000000000000000000000000000000000000000000000000000000000000000000000000000000000000000000
00000000000000000333330000333300033330003300033000000000000000000000000000000000000000000000000000000000000000000000000000000000
00000000000000003333333000333300330033003330333000000000000000000000000000000000000000000000000000000000000000000000000000000000
00000000000000003300033000033000333333003333333000000000000000000000000000000000000000000000000000000000000000000000000000000000
00000000000000003300033000033000033330003333333000000000000000000000000000000000000000000000000000000000000000000000000000000000
00000000000000003300033000033000330333303303033000000000000000000000000000000000000000000000000000000000000000000000000000000000
00000000000000003333333000333300330003303300033000000000000000000000000000000000000000000000000000000000000000000000000000000000
00000000000000000333330000333300033333003300033000000000000000000000000000000000000000000000000000000000000000000000000000000000
00000000000000000000000000000000000000000000000000000000000000000000000000000000000000000000000000000000000000000000000000000000
00000000000000000000000000000000000000000000000000000000000000000000000000000000000000000000000000000000000000000000000000000000
00000000000000000000000000000000000000000000000000000000000000000000000000000000000000000000000000000000000000000000000000000000
00000000000000000000000000000000000000000000000000000000000000000000000000000000000000000000000000000000000000000000000000000000
00000000000000000000000000000000003333000033330000333300000000000003330000333300000333000000000000033300003333000003330000000000
00000000000000000000000000000000033333300333333003333330000000000033330003333330003333000000000000333300033333300033330000000000
00000000000000000000000000000000033003300330033003300330000000000333000003300330033300000000000003330000033003300333000000000000
00000000000000000000000000000000000003300000333000003330000000000330000003300330033000000000000003300000000003300330000000000000
00000000000000000000000000000000000003300003330000033300000000000333330003333330033333000000000003333300000003300333330000000000
00000000000000000000000000000000000033300000333000003330000000000333333000333330033333300000000003333330000033300333333000000000
00000000000000000000000000000000000333000000033000000330000000000330033000000330033003300000000003300330000333000330033000000000
00000000000000000000000000000000003300000330033003300330000000000330033000003330033003300000000003300330003300000330033000000000
00000000000000000000000000000000033333300333333003333330000330000333333000333300033333300003300003333330033333300333333000000000
00000000000000000000000000000000033333300033330000333300000330000033330000333000003333000003300000333300033333300033330000000000
00000000000000000000000000000000000000000000000000000000000000000000000000000000000000000000000000000000000000000000000000000000
00000000000000000000000000000000000000000000000000000000000000000000000000000000000000000000000000000000000000000000000000000000
00000000000000000000000000000000000000000000000000000000000000000000000000000000000000000000000000000000000000000000000000000000
00000000000000000000000000000000000000000000000000000000000000000000000000000000000000000000000000000000000000000000000000000000
00000000000000000000000000000000000000000000000000000000000000000000000000000000000000000000000000000000000000000000000000000000
00000000000000000000000000000000000000000000000000000000000000000000000000000000000000000000000000000000000000000000000000000000
