00000011011111111123200000000000000000000000000000000000000000000000000000000000000000000000000000000000000000000000000000000000
00000011111111111233100000000000000000003333300000000000333330000000333300000000333300000000000033330000000033330000000033330000
00000011111111111122100000000000000000033333330000000003333333000003333330000003333330000000000333333000000333333000000333333000
00000111111111111112210000000000000000333000333000000033300033300033300333000033000033000000003300003300003300003300003330033300
00000111111111111112321000000000000000330000033000000033000003300330000003300330000003300000033000000330033000000330033000000330
00000111222111111112332100000000000000000000033000000033000003300330000003300330000003301111033000000330033000000330033000000330
00000011111111121223333200000000000000000000033000000000000003300330111103300330000003302222033000000330033000000330033000000330
00000011111111112322223200000000000000000000330000001000000003300330011003300330000003302222033000000330033000000330033000000330
00000001111112123212222200000000000000000033330000011111000033000333000033300330000003302222033000000330033000000330033300003330
00000001111122112223323100000000000000000033330000111121100033010033333333000330000003302221033000000330033000000330003333333300
00000001111123112332333200000000000000000000333001111222100330001003333333010330000003302221033000000330033000000330000333333300
00000001111113222211223200000000000000000000033001111211003300111100003330010330000003302110033000000330033000000330000000333000
00000000111123322121123210000000000000000000033011111120033001111111003300110330000003301000033000000330033000000330000000330000
00000000111132222221223321000000000003300000033011211200330011111110033002120330000003300000033000000330033000000330000003300000
00000001111121122222222332000000000003330000333000001003300000001100330021220033000033000000003300003300003300003300000033000000
00000000111122112222222231000000000000333333330003300033333333301003300221121003333330000330000333333000000333333000000330000000
00000000111012212322212221000000000000003333300003300333333333301033001122211000333300000330000033330000000033330000003300000000
00000000110011113323101110000000000000000000000000000000000000002000032222210000000000000000000000000000000000000000000000000000
00000000000011122332100000000000000000000000000000000000001221111222222222200000000000000000000000000000000000000000000000000000
00000000000001122321000000000000000000000000000000000000011111111222222222100000000000000000000000000000000000000000000000000000
00000000000000112211000000000000000000000000000000000000011110110112222321000000000000000000000000000000000000000000000000000000
00000000000000001100000000000000000000000000000000000000011110000112123320000000000000000000000000000000000000000000000000000000
00000000000000000000000000000000000000000000000000000000001111111122223321000000000000000000000000000000000000000000000000000000
00000000000000000000000000000000000000000000000000000000001111110012233221000000000000000000000000000000000000000000000000000000
00000000000000000000000000000000000000000000000000000000001111000123232211000000000000000000000000000000000000000000000000000000
00000000000000000000000000000000000000000000000000000000000111000122223210000000000000000000000000000000000000000000000000000000
00000000000000000000000000000000000000000000000000000000000000000132223200000000000000000000000000000000000000000000000000000000
00000000000000000000000000000000000000000000000000000000000000001122223210000000000000000000000000000000000000000000000000000000
00000000000000000000000000000000000000000000000000000000000000001111223200000000000000000000000000000000000000000000000000000000
00000000000000000000000000000000000000000000000000000000000000000111122100000000000000000000000000000000000000000000000000000000
00000000000000000000000000000000000000000000000000000000000000000000112100000000000000000000000000000000000000000000000000000000
00000000000000000000000000000000000000000000000000000000000000000000010000000000000000000000000000000000000000000000000000000000
