00000000000000000000000000000000000000000000000000000000000000000000000000000000000000000000000000000000000000000000000000000000
00000000000000000000000000000000000010000001100000000111111111100000111100000000111100000000000011110000000011110000000011110000
00000000000000000000000000000000000110000011100000000111111111100001111110000001111110000000000111111000000111111000000111111000
00000000000000000000000000000000000110000111100000000000000011000011000011000011000011000000001100001100001100001100001100001100
00000000000000000000000000000000001110000001100000000000000011000110000001100110000001100000011000000110011000000110011000000110
00000000000000000000000000000000001110000001100000000000000330000330000003300330000003300000033000000330033000000330033000000330
00000000000000000000000000000000033330000003300000000000000330000330000003300330000003300000033000000330033000000330033000000330
00000000000000000000033300000000330330330003303333003330003300000330033303300330000003303330033003330330033030000330033000000330
00000000000000000000031110000000330330111003301111103111003300000330031103300330000303301111033003110330033011000330033000000330
00000000000000000000331110000003300330111003301111103111033000000330031103300330000303301111033003110330033011000330033000000330
00000000000000000033311110000033300330111003301111103110033010000330031103300330003303301111033003110330033011000330033000000330
00000000000000000331111110000333000330001103301311103110330010000330031103300330033103300001033003110330033011000330033000000330
00000000000000000311111110000333333333301103301311103100330110000330031103300330031103300000033003110330033011000330033000000330
00000000000000000011131110000333333333301103301311103103300110000330031003300330031003300000033003100330033001000330033000000330
00000000000000000000031110000000000330001103301300003003301110000033000033000033000033000000003300003300003300003300003300003300
00000000000000000000031110000000000330101103301303300033001110000003333330000003333330000330300333333001100333333000000333333000
00000000000000000000031110000000000330103103300303300333031110000000333300000000333300000330310033330001110033330000000033330000
00000000000000000000031110000000000000103100000300000000031110000000000000000000000000000000311000000003113000000000000000000000
00000000000000000000031110000000000311103111110311103111031110000000031110000000001111000033111103111000111111000000000000000000
00000000000000000000031110000000000311100111110311103111031113333330031113333330000111133331111003111000311111000000000000000000
00000000000000000000031110000000000311100311100311103111031111111111031111111111000311111111110003111000011111000000000000000000
00000000000000000000031110000000000311100311100311103111031111111111031111111111000011111111110003111000001111000000000000000000
00000000000000000000001110000000000011100011100011100111001111111111001111111111000000111111000000111000000111000000000000000000
00000000000000000000000000000000000000000000000000000000000000000000000000000000000000000000000000000000000000000000000000000000
00000000000000000000000000000000000000000000000000000000000000000000000000000000000000000000000000000000000000000000000000000000
00000000000000330300300330003300333000330033300000003000000000000000000000000000000333000330030000033000000030000000000000000000
00000000000000030300303003030030300303003030030000033000000000000000000000000000000300303003030000300300000330000000000000000000
00000000000000030300303000030030300303003030030000003000000000000000000000000000000333003003030000300300000030000000000000000000
00000000000000030300303033033330300303003033330000003000000000000000000000000000000300303003030000333300000030000000000000000000
00000000000030030300303003030030300303003030300000003000000000000000000000000000000300303003030000300300000030000000000000000000
00000000000003300033000330030030333000330030030000003000000000000000000000000000000333000330033330300300000030000000000000000000
00000000000000000000000000000000000000000000000000000000000000000000000000000000000000000000000000000000000000000000000000000000
