00000000000000000000000000000000000000000000000000000000000000000000000000000000000000000000000000000000000000000000000000000000
00000000000000000000000000000000000000000000000000000000000000000000000000000000000000000000000000000000000000000000000000000000
00000000022210000000000000000000000000000000000003332232233200000000000000000000000000000000000000000000000000000000000000000000
00000000020020000000000000000000000000000000000032332003132230000000000003223000000000000000000000000000000000000000000000000000
00000000020030000000000000000000000000000000000220303003003013000000000002002000000000000000000000000000000000000000000000000000
00000000020020000000000000000000000000000000000200102002003002000000000002002000000000000000000000000000000000000000000000000000
00000000020030000000000000000000000000000000000200302002003002000000000002003000000000000000000000000000000000000000000000000000
00000000030030000000000000000000000000000000000300203003001003000000000001322000000000000000000000000000000000000000000000000000
00000000020030000000000000000000000000000000000100302002003003000000000000000000000000000000000000000000000000000000000000000000
00000000020020000000033133000003232132000000000300303002003002000232330001321000223320000023323310003232200000322222200000000000
00000000020020000000313132200032222003000000000200202002002002003122322002002003323221000121330030032322220001222200200000000000
00000000030020000001302020120230303002000000000200202002003002023030203302002022020203202202020020220202022012020200100000000000
00000000030030000002002030020200203232000000000200203003003003020020200203002030020200303001030030300202002020020322200000000000
00000000030030000003001020020200200000000000000200303002002002020010300302002030030300303002011110200302002020020000000000000000
00000000030030000002002030020220100000000000000200203002002003020030300302003010020200103002000000200302002021020000000000000000
00000000020020000002002030020032323200000000000300202002003003030031300202002020030200301002000000200211002002222210000000000000
00000000020030000002002020010003313220000000000100302002003003030033233102002020020200102002000000200122323000112211000000000000
00000000030030000002003030020000002023000000000300203003001003020010000001002030020200303002000000300200000000000101200000000000
00000000020030000002003030020000003002000000000200302002003002020030000002003020020200303002000000100200000000000200200000000000
00000000020020321202002020030000003002000000000200102002003002030020000002002020030200202001000000200200000000000300200000000000
00000000020030200202002020010221201002000000000200303003003003030030232202002030020100203002000000300202222022220100200000000000
00000000023020300302301020220200202021000000000200302003002002022030302203003033020303202003000000310202012020020201200000000000
00000000002212100200222122200200222120000000000200302002003003003333322001002002332222002002000000033122220020012221000000000000
00000000000131312200011211000222222200000000000233303322002232000233330002003000322220002222000000003321200021222220000000000000
00000000000000000000000000000000000000000000000000000000000000000000000001001000000000000000000000000000000000000000000000000000
00000000000000000000000000000000000000000000000000000000000000000000000002003000000000000000000000000000000000000000000000000000
00000000000000000000000000000000000000000000000000000000000000000000000002003000000000000000000000000000000000000000000000000000
00000000000000000000000000000000000000000000000000000000000000000000000003003000000000000000000000000000000000000000000000000000
00000000000000000000000000000000000000000000000000000000000000000000000003022000000000000000000000000000000000000000000000000000
00000000000000000000000000000000000000000000000000000000000000000000002123230000000000000000000000000000000000000000000000000000
00000000000000000000000000000000000000000000000000000000000000000000002323200000000000000000000000000000000000000000000000000000
00000000000000000000000000000000000000000000000000000000000000000000000000000000000000000000000000000000000000000000000000000000
