12233333223333333210000001111123222221100122110000012210010002111232321123333333200011110000012232333333333333333233333333310000
12233333333333332321000001111112322222210011010000011101010001111232210002222233311112332111122333333333333333333223333333331000
13233333333333333332211011111111233333211232110000011101010001111132220000000013200112333333333322223333223333333322233333332100
12233333333333333333332100101111112333322333321111011111220001111123221000000011100111332223333311112223322333333322222333333200
12233332333333333333333200001111111223333333333222122222332001111113222000010010001111332112322310111112222223333332222333333200
12233223333333333333333200000101111113333333333333333333333211111112322000010000001011232111111220011111133223333332222333333200
12233223333333333333333200010100101113333333333333333333333332211111233211011000000011123112100120011111122222233333222333333200
12222222222333333333333200011110001113333333333333333333333333320111112332222110011211113211100120001101111322233333322333333200
01132111122233333333332100010010011013333333333333333333333333330100111112333332123321111322211010000000011233223333322333333200
11232122222222333333222100000011010013333333333333322212223333320100111101333333333333221123322111110000001123222333332333333200
01121111111111122222211100011110110112333333333333321111122212320000110101333333333333332011233332321000001113222333332223333200
01112210111111111111111100001111111112322233333333332223332323320001000101333333332332332010133333333310000112322233332223333200
12223210011001111111111110001111111111111111112222232222222221210111011101333333321222232100133333333321000012322233333223333200
13323321111111111221111111001111111111101111122222321111111111111111111111333333221222123200133332123322000101321233333223333300
12223332212222222222222222222222222222222222233333331111111111110000011111233211111111111111233232123200000101231233333222333300
12222332222222222222222322222222222232222222223233332222222221111111222222333212122211111122332111000000000000231133333222333300
12222222222222222222232233232232322233223322222222233223322332222233333223333333333333333333331011000000000001231123333223333200
13222222222222222232232222222232222222223233222223233333333333332333333333333333333333333333321010000000000011231123333222333200
13222222222222222222232333322223233222333333333333333333333333332333333333333333333333333332110100000000000001231133333222233200
12222222222222222222223333333333333333333333233333333333222333333333333333332111113333333321000000000000000101221123333222233200
12222222323322222222223333333333323333333333333332222211111223333333333333332000002333333332100000000000000001321233333222233200
12233322222222211111122233333333333333333333333333200000000013333333333333333100001233333333210000000000000001321233333222333200
13333222000000000000000133333333333333333333333333310000000002333333333333333310000133333333321000000000000001311233332222233200
13333322100000000000000023333333333333333333333333321000000000233333333333333321000023333333332000000000000012212233332222233200
12333333210000000000000000000000000000000000003333300011010000123333333333333332000000000000000000000000000000122333322222333200
12333233320000330300300330003300333000330033300333003011010000023333333333333333200333000330030000033000000030122333222223333200
12223333331000030300303003030030300303003030030333033020000000012333333333333333310300303003030000300300000330222332222222333200
13333333332000030300303000030030300303003030030333003031000000111233333333333333330333003003030000300300000030223332212222333200
13223233333000030300303033033330300303003033330333303032100100111233333333333333330300303003030000333300012030233322222222333100
13333333333030030300303003030030300303003030300333303033101000111123333333333333320300303003030000300301222030332222222223332000
13333333333003300033000330030030333000330030030333303033211100111123333333333332100333000330033330300302212030322222222223321000
13333333333300000000000000000000000000000000003333300033320000001123333332222110000000000000000000000022222000222222222233210000
