11111111112222100000122211100001111111111111111111121000012111111000001100001110000000111111111000000011111111100001110000000011
11111111112221100000011111110000111111111111111111111100011111111333333333301100333330011111110033333001111111003301100333333001
11111111122210010000011111111000111111111111111111111100011111111333333333301003333333001111100333333300111110033001103333333301
11111111122100011100011111111101111111111111111111111111111111111111000133001033300033301111103330003330111100330011003300003300
11111111122100001111111111110001111111111111111111111111111111111000000133011033001003301111103300100330111003300011033001100330
11111111111100011111111111102221001111111111111111111111111111111000000330011000011103301111103301110330110033000111033001100330
11111111111100011111111111023322220111111111111111111111111111111000000330111111111003301111100001110330100333330011033300003330
11111111111111111111111111033322233111111111111111111111111111111111003300111111100033001111111111100330103333333001003333333300
11111111111111111111111100133222223311111111111111111111111111111000003301111111103333011111111111103300003330033300100333333001
11111111111111111111111101233112332330111111111111111111112221111033300001111111103333001111111111003301033300003330003333333300
11111111111111111111111022233211333332011111111111111111111121111000003011111111100033301111111110033001033001000330033330033330
11111111111111111111111012233332332333111111111111111111000122111111100011111111111003301111111100330011033011110330033300003330
11111111111111111111111000133333332233301111111111111111000022111111111111110000111103301111111003300111033001100330033001100330
11111111111111111111111000022133332223311111111111111111000011111111111111110330011003301111110033001111033300003330033001100330
11111111101111111111111000013123333322330111111111111111100001111111111111110333000033300000100330000000003330033300033300003330
10011111101110111111010000002312333333331111111111111111111111111111101111110033333333000330003333333330100333333001003333333300
00111111111110111111100100001322332333231111111111111111111111111111101111111000333330010330033333333330110033330000100333333001
01111111112110111111100100000133332223232011111111111111111111111111111111111110000000110000000000000000001000000000110000000011
01111111112211111111110110000123332222232001111111111111011111111111111111111111111111111111111100122210000111110000111111110111
00111111001111111111110111000012333332331001011111111100000000111111111111111111111111101111111100012211000111110000111111110111
10111111001111111111100121100002223333310000001111111010000000111111111111111111011111101111111100001111100011110001111110011110
11111111111111111111001112210002222211000000100011111110000000111111111111111110011111111001111100001111110011111111111100011111
11111111111111111100011101111012211101000000100001100110000000011011111111111011111111111000111111001111110111111111111000110111
11111111111110111011122100110001110000100000000001110010000000011001111111111001111111111100111111111111111111111111111101111111
11111111111000000000000000000000000000000000000000100001000000000000000111111111100000000000000000011111111000111111111101111000
11111111111033300300000330030003033330333000000000003000100000000000000001111111103330003300300003011111110030111110110001101000
11111111111030030300003003003030030000300300000000033000000000000000000001111111103003030030300003011111110330011100100000010000
11111111111030030300003003000300030000300300000000003000000000000000000000111111103330030030300003011111000030001100100000000000
11111111111033300300003333000300033300333000000000003000010000000000000000001111103003033330300003011110000030001100000000000000
00111111111030000300003003000300030000303000000000003000000000000000000000000100003003030030300003000011111030011100000000000000
00111111111030000333303003000300033330300300000000003000000000000000000000000000003330030030333303333011110030011100000000000000
10111111111000000000000000000000000000000000000000000000000000000000000000000000000000000000000000000011110000001110000000000000
