00000000000000000000000000000000000000000000000000000000000000000000000000000000000000000000000000000000000000000000000000000000
00000000000000000000000000000000000000000000000000000000000000000000000000000000000000000000000000000000000000000000000000000000
00000000000000000000000000000000000000000000000000000000000000000000000000000000000000000000000000000000000000000000000000000000
00000000000000000000000000000000000000000000000000000000000000000000000000000000000000000000000000000000000000000000000000000000
00000000000330000003300003333000033330000333333000000000000000000000000000000000000000000000000000000000000000000000000000000000
00000000003333000033330003333300033333000333333000000000000000000000000000000000000000000000000000000000000000000000000000000000
00000000003333000033330003303300033033000000333000000000000000000000000000000000000000000000000000000000000000000000000000000000
00000000003303000033030003303330033033300000330000000000000000000000000000000000000000000000000000000000000000000000000000000000
00000000003303000033030003300330033003300000330000000000000000000000000000000000000000000000000000000000000000000000000000000000
00000000003303000033030003300330033003300003300000000000000000000000000000000000000000000000000000000000000000000000000000000000
00000000003303000033030003303330033033300003300000000000000000000000000000000000000000000000000000000000000000000000000000000000
00000000033333300333333003303300033033000003300000000000000000000000000000000000000000000000000000000000000000000000000000000000
00000000033333300333333003333300033333000033000000000000000000000000000000000000000000000000000000000000000000000000000000000000
00000000033003300330033003333000033330000033000000000000000000000000000000000000000000000000000000000000000000000000000000000000
00000000000000000000000000000000000000000000000000000000000000000000000000000000000000000000000000000000000000000000000000000000
00000000011111100111111001111110011111100111111000000000000000000000000000000000000000000000000000000000000000000000000000000000
00000000011111100111111001111110011111100111111000000000000000000000000000000000000000000000000000000000000000000000000000000000
00000000000000000000000000000000000000000000000000000000000000000000000000000000000000000000000000000000000000000000000000000000
00000000000000000000000000000000000000000000000000000000000000000000000000000000000000000000000000000000000000000000000000000000
00000000000000000000000000000000000000000000000000000000000000000000000000000000000000000000000000000000000000000000000000000000
00000000000000000000000000000000000000000000000000000000000000000000000000000000000000000000000000000000000000000000000000000000
00000000000000000000000000000000000000000000000000000000000000000000000000000000000000000000000000000000000000000000000000000000
00000000000000000000000000000000000000000000000000000000000000000000000000000000000000000000000000000000000000000000000000000000
00000000000000000000000000000000000000000000000000000000000000000000000000000000000000000000000000000000000000000000000000000000
00000000000000000000000000000000000000000000000000000000000000000000000000000000000000000000000000000000000000000000000000000000
00000000000000000000000000000000000000000000000000000000000000000000000000000000000000000000000000000000000000000000000000000000
00000000000000000000000000000000000000000000000000000000000000000000000000000000000000000000000000000000000000000000000000000000
00000000000000000000000000000000000000000000000000000000000000000000000000000000000000000000000000000000000000000000000000000000
00000000000000000000000000000000000000000000000000000000000000000000000000000000000000000000000000000000000000000000000000000000
00000000000000000000000000000000000000000000000000000000000000000000000000000000000000000000000000000000000000000000000000000000
00000000000000000000000000000000000000000000000000000000000000000000000000000000000000000000000000000000000000000000000000000000
00000000000000000000000000000000000000000000000000000000000000000000000000000000000000000000000000000000000000000000000000000000
