00000000000000000000000000000000000000000000000000000000000000000001333333333333333333333333101123333333100000000000000000000000
00333000030003000300000003000300030000000300030003000000000000000000233333333333333333333333310123332331000000000000000000000000
00333000303030303030000030003030303000003030303030300000000000000000023333333333333333333333321122121221000000000000000000000000
00033000003003000300000030303030303000003030303030300000000000000000013323333233333333333333333211121121000000000000000000000000
00033000030000300030000033303030303000003030303030300000000000000000002333333223333333333333333320121121000000000000000000000000
00033000300030303030000000303030303000003030303030300000000000000000001332333312333333333333333332233231000001100000000000000000
00033000333003000300030000300300030003000300030003000000000000000000000332233311223333333333333333333332122123222112211000000000
00033000000000000000000000000000000000000000000000000000000000000000000232233321122333333321221112333332223333333233333211000000
00000000000000000000110000000000000232322232221122000000000000000000000132123321112233333310011002223232222333333333333332111100
00000000000000000000100000000000000132332232211112000000000000000000000133123331112333333320010001111111221233333333333333323200
00000000000000000000100000000000000132232222211112000000000000000000000133123331112333333321000111110000220133333333333333333200
00000000000000000000100000000000000132222222211112000000000000000000000133123331012233333321000233220001210123333333333333333100
00000000000000000000100000000000000132232222210012000000000000000001100133123331012323333331100333321001210133333333333333333100
00000000000000000000110000000000000132222222110012000000000000000001110133123330012323333331100233331001110233333333333333333200
00000000000000000000110000000000000122222221110012000000000000000011221133123320012322333331100233331000110122333333333333333200
00000000000000000000010000000000000222222222210112100000000000000011120132123320012223333332000233331000110222233333333333333200
00000000000000000000020000000000001322222222200112100000000000000000000231123310112232333332000233331000110122223233333333333200
00000000000000000000010000000000001322222222100111200000000000000000001331233310112333333332100233331000110122222222333333333200
00000000000000000000012000000000002322322221000111210000000000000000002321233100112232333332211333332100110122222222222233333100
00000000000000000000002000000000013222222111000111210000000000000000013311332000112333332333333333333310110012222222323233333200
00000000000000000000001200000000022222222210001111121000000000000000023212321000122232333333333333333320110012222222222333332100
00000000000000000000000220000000233223332100001111112100000000000000232123310001222232223333333333333311110122222232223333333100
00000000000000000000000022100012332223332101011111122210000000000002332233100112322233333333333333333211111133332332223332233200
00000000000000000000000001122223222222322111111111112222000000000123222221001123323223333333333333332211111233233333223332123200
00000000000000000000000000000000000000000000001111100023211111112322222210112323333000000000000000000011110000133333213332223200
00000000000000330300300330003300333000330033300111003022233332232222222111123223230333000330030000033001100330023332112221122200
00000000000000030300303003030030300303003030030112033022233332222222221112333333330300303003030000300300003003022211000110112100
00000000000000030300303000030030300303003030030112003022232333222222222223333322230333003003030000300300000030000000000000011100
00000000000000030300303033033330300303003033330212103022233333332332222233332332330300303003030000333300000003000000000000001100
00000000000030030300303003030030300303003030300322203033322322222333223333333333330300303003030000300300003003000000000000000000
00000000000003300033000330030030333000330030030333303033333333323223333333333333330333000330033330300300000330000000000000000000
00000000000000000000000000000000000000000000003333300033333333333333333333333333333000000000000000000000000000000000000000000000
