00000000000000000000000000000000000000000000000000000000000000000000000000000000000000000000000000000000000000000000000000000000
00222222002200000222222000222220002222220022222200002222200022200022200222222000222220000022200002220022002200022222000002220000
00311111003100000311111002311110003111110031111100023111100031100031100311111002311110000031100003110031003100231111000003110000
00311111103110000311111103111111001111111031111110031111110031110231110311111103111111000231110003111031103110311111100023111000
00311331103110000311331103111111100131111031133311031111311031110311110311331103111111100311110003111031103110311111110031111000
00311110003110000311110003110001100031100031111111031100311031111311110311110003110001100311311003111131103110311000110031131100
00311111003110000311111003110022000031100031111111031100311031111111110311111003110022002311111003111111103110311002200231111100
00311333003112200311333003112231000031100031111311031122311031131113110311333003112231003111111003113111103110311223100311111100
00311111003111100311111001111111100031100031100311011111111031111113110311111001111111103111131103111111103110111111110311113110
00111111101111110111111100111111100011100011100111001111111011101111110111111100111111101110011101110111101110011111110111001110
00011111100111110011111100011111000001100001100011000111110001100000110011111100011111000110001100110011100110001111100011000110
00000000000000000000000000000000000000000000000000000000000000000000000000000000000000000000000000000000000000000000000000000000
00000000000000000000000000000000000000000000000000000000000000000000000000000000000000000000000000000000000000000000000000000000
00000000000000000000000000000002000002000200220020020200202220200000202002200222002200200202220222000000000000000000000000000000
00000000000000000000000000000003000003202302112032030300303110300000303021120113021120300303110113000000000000000000000000000000
00000000000000000000000000000003000003121303003031230300303200300000303030030021030030300303200021000000000000000000000000000000
00000000000000000000000000000203000003010303223030130300303100300000121032230210030210300303100210000000000000000000000000000000
00000000000000000000000000000321020003000303113030030122103220322000030031130322012120122103220322000000000000000000000000000000
00000000000000000000000000000110010001000101001010010011001110111000010010010111001010011001110111000000000000000000000000000000
00000000000000000000000000000000000000000000000000000000000000000000000000000000000000000000000000000000000000000000000000000000
00000000000000000000000000000000000002222000000000000000000000000000000000000000000000000000000000000000000000000000000000000000
00000000000000000000000000000000000001111000000000000000000000000000000000000000000000000000000000000000000000000000000000000000
00000000000000000000000000000000000000111100000000000000000000000000000000000000000000000000000000000000000000000000000000000000
00000002222220002200022220002222220022200220002222200000022200022200222222000222220000022200002220022002200022222000022222000000
00000003111110003100231110003111110031100310023111100000031100031100311111002311110000031100003110031003100231111000231111000000
00000003111111003110311111003111111031110311031111110000031110231110311111103111111000231110003111031103110311111100311111100000
00000003111131103110311311103113311031110311031111311000031110311110311331103111111100311110003111031103110311111110311113110000
00000003110031103110111103103111100031111311031100311000031111311110311110003110001100311311003111131103110311000110311003110000
00000003110031103110231111003111110031111111031100311000031111111110311111003110022002311111003111111103110311002200311003110000
00000003112231103110310331103113330031131111031122311000031131113110311333003112231003111111003113111103110311223100311223110000
00000003111111103110111111103111110031111111011111111000031111113110311111001111111103111131103111111103110111111110111111110000
00000001111111101110011111101111111011101111001111111000011101111110111111100111111101110011101110111101110011111110011111110000
