00000000000003111100003113110031111111031111111031103110001100311311003110031103110031100000311111110311003110311111110000000000
00000000000003111110023111110031111111031111111031103110022002311111003110031103110031100000311111110311003110311111110000000000
00000000000003111110031111110031133311031111311031103112231003111111003112231103112231100000311111100311223110311113110000000000
00000000000003110000031111311031111111031100311031101111111103111131103111111101111111100000311000000111111110311003110000000000
00000000000001110000011100111011111111011100111011100111111101110011101111111100111111100000111000000011111110111001110000000000
00000000000000110000001100011001111110001100011001100011111000110001100111111000011111000000011000000001111100011000110000000000
00000000000000000000000000000000000000000000000000000000000000000000000000000000000000000000000000000000000000000000000000000000
00000000000000000000000000000000000000000000000222200022000002222220022000222220000000000000000000000000000000000000000000000000
00000000000000000000000000000000000000000000002333320033000003333330033002333332000000000000000000000000000000000000000000000000
00000000000000000000000000000000000000000000003311330033000003311110033003311133000000000000000000000000000000000000000000000000
00000000000000000000000000000000000000000000003322110033000003322200033003300011000000000000000000000000000000000000000000000000
00000000000000000000000000000000000000000000001133220033000003333300033003300000000000000000000000000000000000000000000000000000
00000000000000000000000000000000000000000000002211330033000003311100033003300022000000000000000000000000000000000000000000000000
00000000000000000000000000000000000000000000003322330033222003322220033003322233000000000000000000000000000000000000000000000000
00000000000000000000000000000000000000000000001333310033333003333330033001333331000000000000000000000000000000000000000000000000
00000000000000000000000000000000000000000000000111100011111001111110011000111110000000000000000000000000000000000000000000000000
00000000000000000000000000000000000000000000000000000000000000000000000000000000000000000000000000000000000000000000000000000000
00000000000000000000000220020202220002200000020200220020002220022202000022002220002200222002220002200002200000000000000000000000
00000000000000000000002112030303112021120000030302112030003112031103000211203112021120311203112021120001120000000000000000000000
00000000000000000000003003030303003030030000030303003030003003032003000300303221030030322103221030030000210000000000000000000000
00000000000000000000003223012103003032230000012103223030003003031003000322303110032230311203112032230000120000000000000000000000
00000000000000000000003113003003221031130200003003113032203221032203220311303000031130300303003031130002210000000000000000000000
00000000000000000000001001001001110010010100001001001011101110011101110100101000010010100101001010010001100000000000000000000000
00000000000000000000000000000000000000000000000000000000000000000000000000000000000000000000000000000000000000000000000000000000
00000000000000000000000222000220020000000202002022200000002200200002200022002220022202002022200022000222000000000000000000000000
00000000000000000000000311202112030000000303203031120000021120300021120211203112031103203031120211202111000000000000000000000000
00000000000000000000000322103003030000000303123030030000030030300030010300303221032003123030030300301220000000000000000000000000
00000000000000000000000311003003030000000303013030030000032230300030020300303112031003013030030322300112000000000000000000000000
00000000000000000000000300001221032202000303003032210200031130322012210122103221032203003032210311302221000000000000000000000000
00000000000000000000000100000110011101000101001011100100010010111001100011001110011101001011100100101110000000000000000000000000
00000000000000000000000000000000000000000000000000000000000000000000000000000000000000000000000000000000000000000000000000000000
00000000002200022000200220002200000220020000220002200222002220200202220002200022200002020002002200222002220020222002000000000000
