10000023000000000000000000000000000000000000000000000000110001111232210011221233311100000000000000000000012233333333323333333100
10333022000000000000030003000300000003000300030000000000110001111122220000110133322211121110000000000000123233333333333333333200
10333022000000000000303030303030000030303030303000000000210110111113221010120012200121233332221000000001233333333333333332333200
10033022000000000000030030303030000030303030303000000000221221101112322110021010000021133333333320001012333333333333333332333200
12033011000000000000303030303030000030303030303000000000333332101111233211011010012011123210122231113333333333333333333332233200
12033022000000000000303030303030000030303030303000000000333333321111123222111000001011123210001021013333333222233323333333233200
12033022000000000000030003000300030003000300030000000000333333333221012233222111011211112221000111012321222211122333323333322200
12033022000000000000000000000000000000000000000000000000333333333331001122333332223321111221001110211311111101111223323333322200
12000021111222222233333333333333333333333333333333333333333333333331000011333333333333221122110000101221110000111112322333332200
12222211212222222223333333333333333333333333333333333333222223333331000001333333333333332011222210121122110010010111332233332200
11121111111112222223333333333333333333333333333333333332121122333320000001333333333233333101112332232212221100000011232233333200
12211111111112222223333333333333333333333333333321111222121222222210111100233333332122223201102333333332122222100001123223333200
12111111111122222222233333333333333333333333333311222211111111111111111111232333322222222101102333323332012333321000113223333200
12111111111212122222333333333333333333333333333333333311111111111111111111222321111111121001112333311222212333332110012312333200
11111111111111222222223333333333333333333333333333233322222222222222222222333331111111001111122222211211312332132210002322333200
01111111111111221222223233333333333233333333333332332333233333333333333333323332222211111221232111111111321111011000001312333200
11111111111111122233322333333333333333333333333332332333333333333333333333333333333322223333333223222223321000000000001321333200
11111111111111112223222233333333333333333333333332333333333333333333333333333333333333333333333333333333320000000000111321333200
11111111111111122222222233333333333333333333333333333333333333333333333333333333333333333333332223333332210000000000001312333200
01111111111111122222222233333333333333333333333333322222222222333333333333333221112333333333321112333332000000000000001312333200
01111111111111222222223333333333332333333333333333322000000001333333333333333200000233333333321001333333100000000000012312333200
11111111111111122222222233333333332333333333333333333200000000233333333333333310000123333333332100233333310000000000012212333200
01111111111111112222222233333333322333333333333333333310000000123333333333333331000012333333333200123333320000000000013123333100
11111111111211122222223333333333323333333333333333333331000000012333333333333332100001333333333320013333332000000000122223322100
01111111111000000000000000000000000000000033333333300032101100001333333333333333200000000000000000002333330000000000132223322100
11111111111033300300000330030003033330333003333333003033210100010233333333333333303330003300300003000233300330000001222233222100
01111111111030030300003003003030030000300303333333033033320000010123333333333333303003030030300003001233303003000012222233212100
11111111111030030300003003000300030000300303333333003033332001000112333333333333303330030030300003001222100030000122222332222100
11111111111033300300003333000300033300333003333333303033333100000111333333333333303003033330300003000122100003012222223322222100
12212111122030000300003003000300030000303003333333303033333321000011233333333333303003030030300003000011203003012222222222222100
12222221122030000333303003000300033330300303333333303033333320000011233333333222203330030030333303333001200330022222222222222200
12222221222000000000000000000000000000000003333333300033333210000012333222221100000000000000000000000000110000122222222222222200
