00000000000000000000000000000000000000000000000000000000000000000000000000000000000000000000000000000000000000000000000000000000
00000000000000000000000000000000000000000000000000000000000000000000000000000000000000000000000000000000000000000000000000000000
00000000000000000000000000000000000000000000000000000000000000000000000000000000000000000000000000000000000000000000000000000000
00000000000000000000000000000000000000000000000000000000000000000000000000000000000000000000000000000000000000000000000000000000
00000000000000000000000000000000000000000000000000000000000000000000000000000000000000000000000000000000000000000000000000000000
00000000000000000000000000000000000000000000000000000000000000000000000000000000000000000000000000000000000000000000000000000000
00000000000000000000000000000000000000000000000000000000000000000000000000000000000000000000000000000000000000000000000000000000
00000000000000000000000000000000000000000000000000000000000000000000000000000000000000000000000000000000000000000000000000000000
00000000000000000000000000000000000000000000000000000000000000000000000000000000000000000000000000000000000000000000000000000000
00000000000000000000000000000000000000000000000000000000000000000000000000000000000000000000000000000000000000000000000000000000
00000000000000000000000000000000000000000000000000000000000000000000000000000000000000000000000000000000000000000000000000000000
00000000000000000000000000000000000000000000000000000000000000000000000000000000000000000000000000000000000000000000000000000000
00000000000000000000000000000000000000000000000000000000000000000000000000000000000000000000000000000000000000000000000000000000
00000000000000000000000000000000000000000000000000000000000000000000000000000000000000000000000000000000000000000000000000000000
00000100010000000000000000000000100000000000000100011000000000000000000000000000010000000000000000000000000000000000000000000000
01100100110001000000000000010001000000000100000000000000000010010010000000001000110000000011100000000000000001001000100000000000
00000000000011101000000000000000000000000010000000000010000010000000000000000000000000100000000000000000010000000000000010001000
00010000000001000000000000000000000001000000110000010000100000000000010100000000000000100000000100000000000000100000000010000000
00000000100000000000101000010000000000000010000000011000000001000000000000000100100000000000000110000000001000000001100000000000
00001100000000000000000000111010000000000000000000100000010000000000000000001100001000001110000000000000000000001000000000000000
01000000000000100000000000010000000000000000000000000000000000110000000000000000001000000000000000000000000010000000000001000000
01000000000000000000000010000000001000100000000010000001000100000000000001000000000000110000100000100000100010000000000000000000
00000000000000000100000000000000000000000001000000000000000000000010000000010000000000000000000000001100000000000000000000001000
10000000000000000000001000000000000000000000000000010000000000000000000000010000000000000000000000000100000100000000000000000000
10001000011001000000000000001000000000000000000000001000001000100000100100000000100000001100011100001100000000011000010011000001
00000100000000000001100000000000010000010000000000000000000000110000100100000010000001000000001000000000000000001100000000000001
10000000000000000001000000000000000000000110000000000000001000010000000000000110000000000000000000000000000100000000000000000011
01000000010000010000000000001000000000000010011000000000000000000000000000000000000000110000000000000010000010000000100000100000
00000000010000000000110000000000000000000000000000000100000100000001000001000001000000000000000001000011000000000000100000000000
00000000000000000000010000000000000100000000000000000010000000000000000000000001000000000000000001000001000000000000000000000000
00000100000000000000011000000000000000000110000000000000000000010000000000000000000000000010000000000000000000001000000000001000
10000110001000000100000000000000000000000000011000000000001000000000100000000000000000000000000011000000000100001100010000001000
