00000000000000000000000000000000000000000000000000000000000000000000000000000000000000000000000000000000000000000000000000000000
00000000000000000000000000000000000000000000330000000333333333300000000033000333333333300000033333333330000033333300000033333000
00000000000000000000000000000000000000000003300000000333333333300000000330000333333333300000033333333330000333333300000333333300
00000000000000000000000000000000000000000033000000000000000033003220003300000000000033000000000000003300000330000000003330003330
00000000000000000000000000000000000000000330000000000002330033033330033000000000000033000000000000003300000330000000003300000330
00000000000000000000000000000000000000003300000000000133330330033300330000000000000330000000000000033000000330000000003300000330
00000000000000000000000000000000000000033333000000001333300330333003333300000000000330000000000000033000003333333000000000000330
00000000000000000000000000000000000000333333300000013333303300333033333330000000003300000000000000330000003333333000000000000330
00000000000000000000000000000000011000333003330000133333003303330033300333000000003300000000000000330000003300003300000000003300
00000000000000000000000000000001233303330000333000333333033001110333000033300000033000000000000003300000000000000330000000003300
00000000000000000000000000000002333303300000033001333330033011100330001003300000033000000000000003300000000000000330000000033000
00000000000000000000000000000003332203300000033002333330330033320330221103300000330000000000000033000000000000000330000000330000
00000000000000000000000000000002221103300000033003333300330333330330033003300000330000000000000033000000000000000330000003300000
00000000000000000000000000000002221103330000333023333303300333330333000033300003300000000000000330000000003000003300000033000000
00000000000000000000000000000001111100333003330000003003303333330033300333000003300000000000000330000000033300033300000330000000
00000000000000000000000000000000111120033333300103300033003333333003333330020033000000000330003300000000003333333000003333333330
00000000000000000000000000000000001220003333002203300333033333333300333300320333000000000330033300000000000333330000033333333330
00000000000000000000000001222111011120100000021200000000033333333320000003320000000000000000000000000000000000000000000000000000
00000000000000000000000012333321111121221111111223322333322333333223332333320000000000000000000000000000000000000000000000000000
00000000000000000000001232233221111111110100010233323333333333332233332233310000000000000000000000000000000000000000000000000000
00000000000000000000001211222211110000000000000232323333333333322333333133200000000000000000000000000000000000000000000000000000
00000000000000000000000110112110100000000100011122223333333233322233333133200000000000000000000000000000000000000000000000000000
00000000000000000000000210011100110001111111222122222333333233322333333233100000000000000000000000000000000000000000000000000000
00000000000000000000000110000000111111111222222222222333333233222233332233000000000000000000000000000000000000000000000000000000
00000000000000000000000000000000000000000011111111200022333233233233332231000000000000000000000000000000000000000000000000000000
00000000000033300300000330030003033330333000000000003032333322223233222320000000003330003300300003000000000030000000000000000000
00000000000030030300003003003030030000300300000000033022223222222322223310000000003003030030300003000000000330000000000000000000
00000000000030030300003003000300030000300300000000003022222222222222333200000000003330030030300003000000000030000000000000000000
00000000000033300300003333000300033300333000000000003022222222222222322000000000003003033330300003000000000030000000000000000000
00000000000030000300003003000300030000303000000000003022222222222222210000000000003003030030300003000000000030000000000000000000
00000000000030000333303003000300033330300300000000003001122222222222100000000000003330030030333303333000000030000000000000000000
00000000000000000000000000000000000000000000000000000000001122111000000000000000000000000000000000000000000000000000000000000000
