00000000000000000000000000000000000000000000000000000000000100000000100000000000000000000000000000000000000000000000000000000000
00000000000000000000000000000000000000000000000000000000000000000000000000000000100000000000000033330000000033330000000033330000
00000000000010000000000000000000000000000000100000000000000000000000000000000000000000000000000333333000000333333000000333333000
00000000000000000000000000000100000000000000000000000000000000010000000000000000000000000000003300003300000000000000000000000000
00000000000000000000000000000000000000000000000000000000000000000000000000000000000000000000000000000000000000000000000000000000
00000000000000000000000000000000000000000000000000000000000000000000000000000000000000000000000000000000000000000000000000000000
00000000000000000000000000000000000000000000000000000000000000000000000000000000000000000000000000000000000000000000000000000000
00000000000000000000000000000000000000000000000000000000000000000000000000000000000000000000000000000000000000000000000000000000
00000000000000000000000000000000000000000000000000000000000000000000000000000000000000000000000000000000000000000000000000000000
00000000000000001111100000111000001110111111111110000111111000001111111100000111111111000000011111100000111111110000000000000000
00000000000000001111100000111000001110111111111110001111111100001111111110000111111111100000111111110000111111111000000000000000
00000000000000011111110000111000001110111111111110011111111110001111111111000111111111110001111111111000111111111100000000000000
00000000000000011111110000111000001110000011100000011100001110001110000111100111000001110001110000111000111000011100000000000000
00000000000000011101110000111000001110000011100000111100001111001110000011100111000001110011110000111100111000011100000000000000
00000000000000011101110000111000001110000011100000111100001111001110000011100111111111110011110000111100111111111100000000000000
00000000000000111101111000111000001110000011100000111100001111001110000011100111111111100011110000111100111111111000000000000000
00000000000000111111111000111000001110000011100000111100001111001110000011100111111110000011110000111100111111110000000000000000
00000000000000111111111000111000001110000011100000111100001111001110000011100111001111000011110000111100111000000000000000000000
00000000000001111111111100111100011110000011100000011100001110001110000111100111000111100001110000111000111000000000000000000000
00000000000001110000011100011111111100000011100000011111111110001111111111000111000011100001111111111000111000000000000000000000
00000000000001110000011100011111111100000011100000001111111100001111111110000111000011110000111111110000111000000000000000000000
00000000000001110000011100000111110000000011100000000111111000001111111100000111000001111000011111100000111000000000000000000000
00000000000000000000000000000000000000000000000000000000000000000000000000000000000000000000000000000000000000000000000000000000
00000000000000000000000000000000000000000000000000000000000000000000000000000000000000000000000000000000000000000000000000000000
00000000000000000000000000000000000000000000000000000000000000000000000000000000000000000000000000000000000000000000000000000000
00000000000000000000000000000000000000000000000000000000000000000000000000000000000000000000000000000000000000000000000000000000
00000000000000000000000000000000000000000000000000000000000000000000000000000000000000000000000000000000000000000000000000000000
00000000000000000000000000000000000000000000000000000000000000000000000000000000000000000000000000000000000000000000000000000000
00000000000000000000000000000000000000000000000000000000000000000000000000000000000000000000000000000000000000000000000000000000
00000000000000000000000000000000000000000000000000000000000000000000000000000000000000000000000000000000000000000000000000000000
00000000000000000000000000000000000000000000000000000000000000000000000000000000000000000000000000000000000000000000000000000000
00000000000000000000000000000000000000000000000000000000000000000000000000000000000000000000000000000000000000000000000000000000
