00000000000000000000000000000000000000000000000000000000000000000000000000001000000000000000000000000000000000000000000000000000
00000000000000000000000000000000000000000001000033333000000000003333000000000000300000033000000000033000000033333000000033330001
00000000010000000000100000000000000000000000000333333300000000033333300000000003300000333000000000333000000333333300000333333000
00000000000000000000000000000000000010000000003330003330000000330000330000000003300003333000000003333000003330003330003300003300
00010000000000000000000000000000000000000000003300000330000003300000033000000033300000033000000000033000003300000330033000000330
00000000000000000000000000000000000000000000000000000330010003300000033000000033300000033000000000033000003300000330033000000330
00000000000000000000000000000000000000000000000000000330000003300000033000000333300000033000000000033000000000000330033000000330
00000000000000000000000000000000000000010000000000003300000003300000033000003303300000033000000000033000000000000330033000100330
00000000000000000000000000000000000000000000000000333300000003300000033000003303300000033000000000033000000001003300033000000330
00000000000000000000000000000010000000000000010000333300100003300000033000033003300000033000000000033000000000003300033000000330
00010000000000000000000000000000000000000000000000003330000003300000033000333003300000033000000000033000000000033000033000000330
00000000000000000000000000000000000000000000000000000330000003300000033003330003300000033000000000033000000000330000033000000330
00000000000000000000000000000000000000010000000000000330010003300000033003333333333000033000000000033000000003300000033000000330
00000000000000000000100000000000000000000000033000100330000003300100033003333333333000033000000000033000000033000000033000000330
00000000000000000000000000000000000000000000033300003330000000330000330000000003300000033000000000033000000330000000003300003300
00000000000000000000000000000010000000000000003333333300033000033333300000010003300000033000033000033000003333333330000333333000
00000000000000000000000000000000000000000000000033333000033000003333000000000003300000033000033000033000033333333330000033330000
00000000010000000000000000000000000000100000000000000000000000000000000000000000000000000000000000000000000000000000000000000100
00000000000000000000000000000000000000000001000000000000000000000000010001000000000000000000000000000000000000000000000000001110
00000000000000000000000000000000000000000000000000000010001000000001000000000000000000000000000000000000000000000000000000000100
00000000000000000000000000000000000000000000000000000000000000000000000000000001000010000000000000000010000000000000000000000000
00000000000000000000001000000000000000000000000100000000000000000000000000010000000000000000000000000000000000000000000000000000
00000000000000000000000000000000000000000000000000000000000000000000000000000000000000000000000000000000000000000000000000000000
00000000000000000000000000000000000000000010000000001001000000100000000000000000000000000001000000000000000000000000000000000000
00000000000000000000000000000000000000000000000000000000000000000000010000000000000000000000000000000000000000000000000100000000
00000000000000330300300330003300333000330033300000003000000000000100000000000000000333000330030000033000000030000000000000000000
00000000000000030300303003030030300303003030030000033000000000100000000000000000000300303003030000300300000330000000000000000000
00000000000000030300303000030030300303003030030000003000000000000000000000000000000333003003030000300300000030000000000000000000
00000000000000030300303033033330300303003033330100003000000000000000000000000000000300303003030000333300000030000000000000000000
00001000000030030300303003030030300303003030300000003000000000000000001000000000000300303003030000300300000030000000000000000000
00000000000003300033000330030030333000330030030000003000000000000001000000000000000333000330033330300300000030000000001000000000
00000000000000000000000000000000000000000000000000000000000010000000000000000000000000000000000000000000000000000000000000000000
