00000000000000000000000000000000000000000000000000000000000100000000000000000000000000000000000000000000000000000000000000000000
00000000000000000000000000000000000000000001000000000000000000000033300000333000003330000000000000333000003330000033300000000100
00000000000100000000010000000000000000000000000000000000000000000000030003000000030000000300030000000300030003000000030000000000
00000000000000000000000000000000000001000000000000000100000000000000030003000000030000000300030000000300030003000000030000000000
00000100000000000000000000000000000000000000000000000000000000000000030003000000030000000300030000000300030003001000030000000000
00000000000000000000000000000000000000000000000100000000001000000033300000333000003330000033300000333000003330000033300000000000
00000000000000000000000000000000000000000000000000000000000000000300000010000300000003000000030003000000030003000300000000000000
00000000000000000000000000000000000000001000000000000000000000000300000000000300100003000000030003010000030003000300000010000000
00000000000001000000000000000000000000000000000000000000000000000300000000000300000003000000030003000000030003000300000000000001
00000000000000000000000000000001000000000000001000000000100000000033300000333000003330000000000000333000003330000033300000000000
00000100000000000000000000000000000000000000000000000000000010000000003000000000000000000000003000000000000000000000000000000000
00000000000000000000000000000000000000000000000000000000000000000000000000000000000001000000000000000000000000000000000000000000
00000000000000000000000000000000000000001000000000000000010000000000000001000000000000000000000000000000000000000000000000000000
00000000000000000000010000000000000000000000000000000000000001000101000000000000100000000000000000000000000000000000100000000000
00000000000000000000000000000000000000000000000000000000000000000000000000000000000000000000000000000000000000000000000000000000
00000000000000000000000000000001000000000000000000000000000100000000010000000000000000000000100000000000001000000000000000000000
00000000000000010000000000000000000000000000000000000000000000000000000000000000000000000000000000000000000000000000000000000000
00000000001000000000000000000000000000100000000000000000000000000100000000000000000000000000000000000000000000000000000000000000
00000000000000000000000000000000000000000001000000000000000000100000010000000000000000000000000000000000000000000000000000100000
00000000000000000000000000000000000000000000000000000010001000000001000000000000000000000000000000000000000000000000000000000000
00000000000000000000000100000000000000000000000000000000000000000000000000000010000100000000000000000100000000000000000000000000
00100000000000000000000000000000000000000000000100000000000000001000000000010000000000000000000000000000000000000000000000000000
00000000000000000000000000000000000000000000000000000000000000000000000000000000000000000000000000000000000000000000000000000000
00000000000000000000000000000000010000000000000000001000000000000000010000000000000000000010000000000000000000000000000000000000
00000000000000000000000000000000000000000000000000000000000000000000000000000000000000000000000000000000000000000000000000000000
00000000000000330300300330003300333000330033300000003000000000000100000001000000000333000330030000033000000330000000000000000000
00000000000000030300303003030030300303003030030000033000001000100000000000000000000300303003030000300300003003000000000000000000
00000000000000030300303000030030300303003030030010003000000000000000000000000000000333003003030000300300000003000000000000000000
00000010000000030300303033033330300303003033330000003000000000000000001000000000000300303003030000333300000330000000000000000000
00000111000030030300303003030030300303003030300000003000000000000000000000000010000300303003030000300300003000000000000000000000
10000010000003300033000330030030333000330030030000003001000010000001000000000000000333000330033330300300003333000000100000000001
00000000000000000000000000000000000000000000000000000000000000000000000000000000000000000000000000000000000000000000000000000000
