22222222222222222222222120000022200000000000000000000000000000000000000000000000002233333333333333333333332211000000000001122221
22220002000200022222222200333002203330000000000000000000000000000000000000000000012222333333333333333333332211100000000001122221
22220302030203022200002203000302200003000000000000000000000000000000000000000000022222333333333333333333332111110000001000122220
22220302030203022203302203000302222303000000000000000000000000000000000000000000021222233333333333333333332111110000001110122220
22220302030003022203302203000302200003000000000000000000000000000000000000000000121222233333333333333333332111110000000111222220
22220002003330022200002200333002003330021000000000000000000000000000000000000000121222222333333333333333332211110000000111222221
22220302200003022200002220000302030000322000000000000000000000000000000000000000111122222233323333333333332211110000000012222221
22220302222203022203302222220302030222333210000000000000000000000000000000000001111222222233333333333333332211110000001012222221
22220302222203022203302222220302030000233321000000000000000000000000000000000001121122222232333333333333332211111000001122222222
22220002222200022200002222220002003330223332100000000000000000000000000000000001121122232232233333333333322211111110001222222222
22222222221112222222222222222222200000222333320000000000000000000000000000000001111122232222233333333333322221111111001221222222
11222222222111122222222222222222222222222223322210000000000000000000000000000012211222222223233333333333322211101111111221222222
11222222222111112200002222200000002222222220003221000000000000000000000000000020000002222223220000000033222000000111111222200022
11222222222221212003302222003333300222222200303332100000333333000333333333300000333300222223200333333002220033330011111332003022
11222222222222220033302220033333330022222203302333210003333333000333333333300003333330022223203333333302200333333001111322033022
11122222222222220333302220333000333022222003302233322103300000000000000033000033300333002322003300003300003300003300111220033022
11111122222222220003302220330020033022222033302223333203300000000000000033000330000003302322033002300330033001100330112210333022
11111112222222222203302220330222033022220033302222233003300000000000000330000330211203302222033002300330033011110330112200333022
11111111222211222203302220000222033022200333302222222033333330000000000330000330211203302222033300003330033011110330112003333022
11111111122111222203302222222220033022203303302222222033333330000000003300000330021003302222003333333300033033330330222033033022
11111111111222222203302222222220330022003303302222223033000033002221003300010333000033301222200333333001033022220330220033033022
11111111112332222203302222222200330220033003302222222000022003302222033000120033333333002222003333333300033022220330200330033022
11111122123332222203302222222003300200333003302222222222222203302220033022222003333333022222033330033330033022220330003330033022
11111122233322222203302222220033002203330003300022222222222203302220330022222200003330022112033300003330033022220330033300033000
22111222233222222203302222200330022203333333333022222000222003302200330222222222003300122222033002200330033022220330033333333330
22112221122222222203302222003300222203333333333022220030020033002203300222222220033001122222033002200330033002200330033333333330
22222222222222222203302220033000000000000003300000000333000333022003302222222200330022220000033300003330003300003300000000033000
22222222222222222203302200333333333022222203302203300033333330020033002222222003300222220330003333333300200333333002222222033022
22222222222222222203302203333333333022222103302203303003333300220333022222222033002222220330200333333001220033330022222222033022
22222222222222222200002200000000000022221100002200002200000002220000022222222000022222220000220000000022222000000222222222000022
22222222222222222222222222222222222222221101232221012222222222222222222222222222222222222222222222222222222221222222222222202223
22222222222222222222222222222222222222222100122221111222222222222222222222222222222222222222222222222222222222222222222222211223
