20000010000000000000000000000000000000000000000000000000333333210001220001111112210000000000000000000000000000000000000000000000
20333010000033303330000003000300030000000300030003000000333333310001321101111122310000000011100000000000000000000000000000000000
20333010000000300030000030303030303000003030303030300000111333321001202211122222211222211123222222222100000000000000000000000000
20033020000003000300000003003030303000003030303030300000222222123222323322222212211333332123333333333221000000000000000000011100
23033020000003000300000030303030303000003030303030300000333333223333333332222222222123333333333333333333200000000000000011222100
23033020000030003000000030303030303000003030303030300000122223323333333333222221221112333333333333333333321100000000001222222100
23033030000030003000030003000300030003000300030003000000000012323333332112223321111101223333332333333333333320000000012222333200
23033021000000000000000000000000000000000000000000000000000001333333332212222221111100233333333333333333333321012111222222233200
23000021000000112211222222222322110000033333333333333332100000233333333333333111111001232333333333333333333311023333223332223200
23333331000000122212222222223322210000033333333333333332110000122222333333333111111001222223233223333333333320122211113332222200
23333320000000112212222222223322210000033333333333333332200000121122212222222111110002222223222223223333333320112200123222112200
23333320000000112211122222223322210000033333333333333322200000111111111111111111110011222223322222223333333332222210012211111100
23333310000000112211212222223322210000023333333333333322200000111100111111001111110011122222222223333333333333333321112221110000
13333310000000111221222222223322210000013333333333333332200000111111111111101111100001112222222222232333333333333332123322121000
23333210000000111122222222223322210000013333333333333332100000011111111111101111110001112222222222222333333333332321133332232100
23333200000000111121222222223332210000013333333333333332100000011111111111001111111001112222222222222333333331122221123222233200
13332100000000111111112222223322210000013333333333333322100000011111111111001110010001111211222222222333333331111221112221122200
13332000000000112212112222223322221000023333333333333322200000111111111111011101110001111122212222222333333333222332221220000000
13331000000000111111112222223333222111233333333333333332221011111111111100001101110001111222222222222333333333333333332210000000
13321000000000111112122222223333323333333333333333333333333232111111100000001101110000112122121222222333333223333322333200000000
13210000000001111122222222223333333333333333333333333333333332111211100000001011111000122222222222223333333101333321232200000000
12100000000000111112222222223333333333333333333333333333333333112222100000111011101100022222122222233333233210233332133310000000
12000000000001111121222222223333333333333333333333333333333333112222210101101011101110133222221222223333333321123333123331000000
11000000000011111122222222222333333333333333333333333333333333222222221000111111111111233312222222233222333332112333322332000000
00000000000000000000000000000000000000000033233333300033322333322222222110111111000000000000000000000000000000000000001332000000
00000000001033300300000330030003033330333003333333003033332333333322222210111111033303030333033000300000330003003000301211000000
00000000011030030300003003003030030000300303333333033033332233333333222210000000030003030030030303030000303030303000301111111100
00000000111030030300003003000300030000300303333333003033323333333333333320000000030000300030030303030000330030303000301111111100
00000001111033300300003333000300033300333003333333303032333333333333333320000000033000300030033003330000303033303000301111111100
00000111122030000300003003000300030000303003333333303033333333333333333200000000030003030030030303030000303030303000300010011000
00000111122030000333303003000300033330300303333333303033333333333332222100000000033303030030030303030000330030303330333000011000
00011111112000000000000000000000000000000003333322300032222222211110000000000000000000000000000000000000000000000000000000011000
