22222211222222222222222223331000000000000000000000000000000000000000000000000000000333333333333333333333321000000000001110011111
22222222222122222222222222332100000000000000000000000000000000000000000000000000000333333333333333333333331000000000000000110022
22222222222222222222222222233211000000000000000000000000000000000000000000000000001333333333333333333333332000000000000001111012
22222222222222222222222222222322100000000000000000000000000000000000000000000000001333333333333333333333332100000000000001121011
22222222222222222222222222222223110000000000000000000000000000000000000000000000001333333333333333333333332110000000000012121121
22222222222222222222221122222223221000000000000000000000000000000000000000000000002233333333333333333333332210000000000001122221
22222222222222222222222122222222232100000000000000000000000000000000000000000000002233333333333333333333332211000000000001122221
22222222222222222222222222222222232200000000000000000000000000000000000000000000012222333333333333333333332211100000000001122221
22222222222222222222222222222222223320000000000000000000000000000000000000000000022222333333333333333333332111110000001000122220
22222222222222222222222222222222222332000000000000000000000000000000000000000000021222233333333333333333332111110000001110122220
22222222222222222222222222222222222332100000000000000000000000000000000000000000121222233333333333333333332111110000000111222220
22222222222222222222222222222222222223321000000000000000000000000000000000000000121222222333333333333333332211110000000111222221
22222222222222222222222222222222222222322000000000000000000000000000000000000000000002222233320000000033332000000000000012200021
22222222222222222222222222222222222222333200100000000000111111000111111111100000111100222233300111111003330011110000001012001021
22222222222222220011102220011111110022233301100000000001111111000111111111100001111110022232301111111103300111111000001122011022
22222222222222220111102220111000111022223001100000000001100000000000000011000011100111002232001100001100001100001100001220011022
22222222221112220001102220110020011022222011100000000001100000000000000011000110000001102222011003300110011001100110001220111022
11222222222111122201102220110222011022220011102210000001100000000000000110000110211201102223011003300110011011100110111200111022
11222222222111112201102220000222011022200111103221000011111110000000000110000110211201102223011100001110011011110110111001111022
11222222222221212201102222222220011022201101103332100011111110000000001100000110011001102223001111111100011021110110111011011022
11222222222222222201102222222220110022001101102333210011000011000000001100000111000011102223200111111002011011110110110011011022
11122222222222222201102222222200110220011001102233322000000001100000011000000011111111002322001111111100011011110110100110011022
11111122222222222201102222222001100200111001102223333221000001100000011000000001111111022322011110011110011011110110001110011022
11111112222222222201102222220011002201110001100022233332210001100000110000000100001110022222011100001110011011110110011100011000
11111111222211222201102222200110022201111111111022222000321001100000110000000122001100222222011002200110011011110110011111111110
11111111122111222201102222001100222201111111111022220010030011000001100000001220011002212222011002200110011001100110011111111110
11111111112111222201102220011000000000000001100000000111000111010001100000001200110021110000011100001110001100001100000000011000
11111111111112222201102200111111111022222201102201100011111110020011000000002001100222220110001111111100200111111002222222011022
11111111111222222201102201111111111022222201102201103001111100220111000000012011001222210110200111111001220011110022222222011022
11111111112332222200002200000000000022221200002200002300000002220000022110122000022222220000220000000022222000000222222222000022
11111122123332222222222222222222222222212222222222222222222222222222222222222222222222222222221111222222222222222222222222222222
11111122233322222222222222222222222222222222222222222222222222222222222222222221222222222112221122222222222222222222222222222210
