00000000000000000000000000000000000010000000000000000000000000000000000000010000000000000000000000000000000000000000000000000000
00000000000000000000000000000000000000000000000000000000000330000000333330000333333333300000000033333300000000003300000033333300
00000000000000000001000000000000000000000000000000000000003330100003333333000333333333300000000333333300000000033000000333333300
00000000000000000011100000000000000000000000000000001000033330000033300033300000000033000000000330000000000000330000000330000000
00000000000000000001000000000000000000000000000000000000000330000033000003300000000033000000000330000000000003300000000330000000
00000000000000000000000000000000000000000000001000000000100330000033000003300000000330000000000330000000000033000000000330000000
00000000000000000000000000000000000000000000000000000000000330000000000003300000000330000000003333333000000333330000003333333000
00000000000000000000000000000000000000000000000000100000000330000000000003300000103300000000003333333000003333333000003333333000
00000000000000000000000000000000000000000000000000000000000330000000000033000000003300000000003300003300003330033300003300003300
00000000000000000000000000000000000000000000100000000001000330000000000033000000033000000000000000000330033300003330000000000330
00010000000000000000000000000000000000000000000000000000000330000000100330000000033000000000000000000330033000000330000000000330
00111000000000000000000000000000000000000000000000000000000330000000003300000000330000100000000010000330033000000330000000000330
00010000000000000000000000000000010000100000000000000000100330000000033000000000330000000000000000000330033000000330000000000330
00000000000000000000000000000000110000000000000001000000000330001000330000000003300000000000003000003300033300003330003000003300
00000000000000000000000000000000010000000000000000000000000330000003300000000003300000000000033300033300003330033300033300033300
00000000000000000000000000000000000000000000000000000000000330000033333333300033000000000330003333333000000333333000003333333000
00000000000000000000000000000000000000000000000100001000000330000333333333300333000000000330000333330000000033330000000333330000
00000000000000000000000000000000000010000000000000000000000000000000000000000000000000000000000000000000000000000000000000000000
00000000000000000000000000000000000000000100000000000000000000001000100010000000000000000000000000000000000000000000000000000000
00000000000000000000000000000000000000000000000000000000100000000010000000000000000000000000000000000100000000000000000000000000
00000000000000000000000000000000000000000000000000000000000000000000000000000000000100000000000000000000000000000000000000000000
00000000000000000000000000010000000000000000000000000000000000000000000000010010000000000000000000000000000000000000000000000000
00000000000000000000000000111000000000000000001000000000000000010000000000000000000000000000000000000000000000000000000000000000
00000000000000000000000000010000000000001000000000000010000001000000000000000000000000000000000000000000000000000000000000000000
00000000000000000000000000000000000000000000000000000000000000000000100000000000000000000000000000000000000000000000000000000000
00000000000033300300000330030003033330333000000000003000000000000000000000000000003330003300300003000000000030000000000000000000
00000000000030030300003003003030030000300300000000033000000000000000000001000000003003030030300003000000000330000000000000000000
00000000000030030300003003000300030000300300000000003000100001000000000000000000003330030030300003000000000030000000000000000000
00000000000033300300003333000300033300333000001000003000000000000000000000000000003003033330300003000000000030000000000000000000
00000000000030000300003003000300030000303000000000003000000000000000010000000000003003030030300003000000000030000000000000000000
00000000000030000333303003000300033330300300000000003000000000000000000000000010003330030030333303333000000030000000000000000000
00000000000000000000000000000000000000000000000000000000000100000000000000000111000000000000000000000000000000000000000000000000
