00000000011000000002311110000111112332222112100001111101233200011111111111112333333333333333333222332233333333333310000000000000
01000000011100000002321110000111111232222201210012111200111000011111111111111233332333333333333222222233333333333320000000000000
11110000012221110013332110000101111233322210220111122221012220011111111111111123332333333333333322222323333333333331000000000000
12211100012332222223333110000111111123333221120111222100011110010000111111111112333222333333333332223333333333333332000000000000
13322110122223333333333210000111111112333222211100111101011110010000011111011111333222333333333333222223333333333332000000000000
13322322233333333333333322111111111111233333222111111001100001100000000000001111233322222333333333222223333333333333100000000000
13333332333333333333333333221111111111123333332233332211101212310000000000000111123322223333333333222223333333333333100000000000
13332223333333333333333333331011111111112233333333333332212333331000000000000111123332222333333333222223333333333333200000000000
13332233333333333333333333332100111111111123333333333333333333333220000000000111113332222333333333322222233333333333300000000000
13322232223333333332333333332000011111111013333333333333333333333332000000000011112333222333333333322222223333333333310000000000
13322222123233333321133333332000111111111113333333333333333333333333000000000001111333222333333333332222233333333333320000000000
12322211012233333000000000000000000000000000000333333333333333333333100000000001111233222233333333332222233333333333320000000000
12221110011122220033300333330033300333300333330333333332221222233333000000000001111233222223333333332222223333333333320000000000
11111111111112120300030003000300030300030003000333333321122222333333000000000000111233322223333333332222233333333333320000000000
01111111112111120300000003000300030300030003003333333332222233333332000000000000111233312223333333332222333333333333320000000000
01112222222210010033300003000300030333300003001112333333211111111110000000000000111133321222333333333222223333333333320000000000
01222222222110010000030003000333330303000003002223333333111111111100000000000000001123321222333333332222223333333333320000000000
01222222222222220000030003000300030300300003002333333322111111011100000000000000110123311222333333332222233333333333320000000000
12222222222222220300030003000300030300030003003333333321111111111000000000000000111123322222333333332222233333333333320000000000
12222222222222230033300003000300030300003003003333333211111111011000000000000000111123322223333333332222233333333333320000000000
12222222222222233000000000000000000000000000002322222111111111100000000000000000010123311223333333332222223333333333310000000000
12222222222222222232222323322333233332222322222222111111000000000000000000000000010133311223333333332222323333333333310000000000
12222222222222222222222221211323322333322323333332111110000000000000000000000001100133312222333333332222233333333333310000000000
12222222222332111111110110000223333333333333333333221111000000000000000000000000011133222223333333332222233333333333200000000000
12332223333300000000000000000000000000000000003333300012000000000000000000000000011000000000000000000022333000333333200000000000
12332223333000330300300330003300333000330033300333003022100000000000000000000000110333000330030000033002320030333333100000000000
12333222323000030300303003030030300303003030030333033032210000000000000000000000010300303003030000300302220330333332000000000000
13333223333000030300303000030030300303003030030333003033320000000000000000000000110333003003030000300302230030333332000000000000
12333233333000030300303033033330300303003033330333303033331000000000000000000001110300303003030000333302333030333331000000000000
12333223233030030300303003030030300303003030300333303033333100000000000000000000120300303003030000300302223030333320000000000000
13333233333003300033000330030030333000330030030333303033333200000000000000000001120333000330033330300302223030333310000000000000
13333333333300000000000000000000000000000000003333300033333310000000000000000101123000000000000000000022233000333100000000000000
