00010000000000001000000000000000000000000100000000000000000000000000000000000000000000000000000000000000000000000000000000000000
00000000000000011100000010000000000000000000000000000000000000033000000033333300000033330000000000003333000000003333000000033000
00000000000000001000000000000000010000000000000000000000000000333000000333333300000333333000000000033333300000033333300000333000
00000000000000000000000000000000000000000000000000000000000003333000000330000000003300003300010000330000330000330000330003333000
00000000000000000000000000000000000000000000010000000000010000033000000330000000033000000330000003300000033003300000033000033000
00000000000000000000000000000000000000000000000000000000000000033000000330000000033000000330000003300000033003300000033000033000
00000000000000000000000000000000000001000000000000000000000000033000003333333000033000000330000003300000033003300000033000033000
00000010000000000000000000000000000000000000000000100000000000033000003333333000033000000330000003300000033003300000033000033000
00000000000000000000000000010000000000000000000000000000100000033000003300003300033000000330000003300000033003300001033000033000
00000000000000000000000000000000000000000000000000000000000010033000000000000330033000000330000003300000033003300000033000033000
00000000000000000000000000000000000000000000000000000000000000033000001000000330033000000330000003300000033003300000033000033000
00000000000000000000000000000000000000000000000000000000000000033000000000000330033000000330000003300000033003300000033000033000
00000000000000000000000000000000000001000000000000000000001000033000000000000330033000000330000003300000033003300000033000033000
00000000000000001000000000000000000000000000000001000000000001033000003000003300033000000330000003300000033003300000033000033000
00000000000000000000000000000000000000000000000000000000000000033000033300033300003300003300000000330000330000330000330000033000
00000000000000000000000000000000000000000000000000000000000000033000003333333000000333333000033000033333300000033333300000033000
00000000000000000000000000010000000000000000001000000100000100033000000333330000000033330000033000003333000000003333000000033000
00000000100000000000000000000000000100000000000000000000000000000010000000000000000000000000000000000000000000000000000000000000
00010000000000000000000000000000000000000000000000000000000000100000001000100000000000000000000000000000000000000000000000000000
00000000000000000000000000000000000000000100000000000000000000000000000000000000000000000000000000000000000000000000000000000000
00000000000000000000000000000000000000000000000000000100010000000000100000000000000000000000000000000000000000000000000000000000
00000000000000000000000000000000000000000000000000000000000000000000000000000000010000100000000000000000000100000000000000000000
00000000000000000010000000000000000000000000010000000000000000000000000000000100000000000000000000000000000000000000000000000000
00000000000000000000000000000000000000000000000000000000000000000100000000000000000000000000000000000000000000000000000000000000
00000000000000000000000000000000000000000000000000000001000000100000000000000000000000000000000000000000000000000000000000000000
00000000000033300300000330030003033330333000000000003000000000000000001000000000003330003300300003000000000030000000000000000010
00000000000030030300003003003030030000300300000000033000000000000000000000000000003003030030300003000000000330000000000000000000
00000000000030030300003003000300030000300300000000003000000000000010000000010000003330030030300003000000000030000000000000000000
00000000100033300300003333000300033300333000000000003000010000100000000000000000003003033330300003000000000030000000000000000000
00000000000030000300003003000300030000303000000000003000000000000000000000000000003003030030300003000000000030000000100000000000
00000000000030000333303003000300033330300300001000003000000000000000000000000000003330030030333303333001100030000001110000000000
00000000000000000000000000000000000000000000000000000000000000000000000100000000000000000000000000000000000000000000100000000000
