00000000000000000000000000000000000000000000000000000000000000000000000000000000000000000000000000000000000000000000000000000000
00000000000000000000000000000000000000000000330000000000333333000000333300000000000033000000000000003300000000003000000033330000
00000000000000000000000000000000000000000003300000000003333333000003333330000000000330000000000000033000000000033000000333333000
00000000000000000000000000000000000000000033000000000003300000000033300333000000003300000000000000330000000000033000003300003300
00000000000000000000000000000000000000000330000000000003300000000330000003300000033000000000000003300000000000333000033000000330
00000000000000000000000000000000000000003300000000000003300000000330000003300000330000000000000033000000000000333000033000000330
00003333000000333333000033033003333300033333003300033033333330330330033303300003333300333000300333330033330003333033033033000330
00003333000000333333000033333003333330333333300300033033333330030330033003300033333330033300303333333003333033033033033033000330
00003111100000311111100331131103111100333003330010031033000033000333000033300033300333001130003330033300110033033031033011100330
00003111100000311111100331111103111103330000333010031000011003300033333333000333000033301110033300003330100330033031033011100330
00003111100000311111100311111103111103300030033010031111311103301003333333010330000003301111033001100330003330033031033011100330
00000111100000011111100311111100111103300001033010001111011103301100003330010330000003301111033011110330033300033000033011100330
00000111100000011111100311111100111103300000033010001000011003301111003300110330000003301111033001100330033333333330033011100330
00000311000000331111000311001100311003330000333000000030030033000010033000010333000033300311033300003330033333333330033001100330
00000311000000331011000311331100311300333003330000000333000333013300330013010033300333000000003330033300000000033000003300003300
00000311000000311331000311333300311300033333300103300033333330013003300113000003333330000330000333333001133110033000000333333000
00000311033000311331100311011110311111003333003103303003333300110033003111100000333300100330030033330031111100033000030033330000
00000311033000311111100311011110311110000000011100003100000003110000003111130000000001100000031000000031111110000000031000000000
00000311031103311111100311031100311031000331111110003110111103110311003110330000000031100311031103100031100310311000031100000000
00003311331133310033130311331103311031303331003313033110111103113311033113311000000031133311331103130331133313311000331100000000
00003311331133110033110311331103311031303311003311033110311103113311033113311000000031133311331103130331133313311000331100000000
00003111111131111031111311111103111131113111103111131111011103111111031111111000000031111111311113111311111113111100311110000000
00003111111131111031111011111103111131113111103111131111011100111111031111111000000001111111311113111311111113111100311110000000
00003111111131111031111011111103111131113111103111131111031100111111031111111000000001111111311113111311111113111100311110000000
00000111111000000000000000000000000000000011100111100011001100011111001111111000000000000000000000011011111000111100011110000000
00000111111033300300000330030003033330333001100111003011001100011111001111111000003330003300300003011011110030111100011110000000
00000000000030030300003003003030030000300300000000033000000000000000000000000000003003030030300003000000000330000000000000000000
00000000000030030300003003000300030000300300000000003000000000000000000000000000003330030030300003000000000030000000000000000000
00000000000033300300003333000300033300333000000000003000000000000000000000000000003003033330300003000000000030000000000000000000
00000000000030000300003003000300030000303000000000003000000000000000000000000000003003030030300003000000000030000000000000000000
00000000000030000333303003000300033330300300000000003000000000000000000000000000003330030030333303333000000030000000000000000000
00000000000000000000000000000000000000000000000000000000000000000000000000000000000000000000000000000000000000000000000000000000
