11222222222233333333333333222222211233322222233333333333333333333333333333332222222111222332222222222222222221000000001101222222
11222222222333333333333333322222211233322222233333333333333333333333333333332222222221112232222222222222222221000000000111222222
11222222222333333333333333332222211223322211233333333333333333333333333333332222222222002232222222222222222221000000000011222222
11222222222333333333333333333222222222222111233333333333333333333333333333332222222221002232222222222222222221000000000012222222
11222222223333333333333333333322222222222111233333333333333333333333333333332222222221002232222222222222222221000000000011222222
12222222223333333333333333333333222222222222223333333333333333333333333333332222222221002232222222222222222221000000000000222222
12222222223333333333333333333333222222222222223333333333333333333333333333332222222221002232222222222222222221000000000000222222
12222222223333333333333222333333222222222222223333333333333333333333333333332222222221002332222222222222222221000000000001222222
12222222223333333322222101123333322222222222223333333333333333333333333333332222222221112333222222222222222221000000000011222222
12222222233333333222211000012233333322222222223333333333333333333333333333332222222222112223322222222222223321000000000012222222
12222222233333332221110000001233333333322222233333333333333333333333333333333222222222211123322222222222223221000000000112222222
22222222233333322211000000000122333333333333333333333333333333333333333333333222222222221123332222222222223221000000000122222222
22222222233333322210000000000012333333333333333333333333333333333333333333333322222222221122333222222222222210000000000122222222
22222222233333222210011110000002333333333333333333333333333333333333333333333322222222221122333322222222222110000000000122222222
22222222233333222210112211000002333333333333333333333333333333333333333333333332222222222211233332222222222100000000000122222222
22222222333333222210123221111002333333333333333333333333333333333333333333333333222221222211233333222222221000000000001123222222
22222222333333222210123321111002333333333333333333333333333333333333333333333333222221122211233333333322110000000000012223222222
22222222333333222210123331110002333333333333333333333333333333333333333333333333322222122212232222222211100000000000012223222222
22222222333333222210123321100002333333333333333333333333333333333333333333333333332222212222221011110000000000000000122333222222
22222222333333222210123321100002333333333333333333333333333333333333333333333333333222222222221011100000000000000112223333222222
22222222333333222211123321100012333333333333333333333333333333333333333333333333333332222221111111100000000000001122333333222222
22222222333333222211122321100123333333333333333333333333333333333333333333333333333333222221111111100000001000012233333333222222
22222222333333222112222221111233333333333333333333333333333333333333333333333333333333322222221111111111111111122333333333222222
22222222333333322122222110112333333333333333333333333333333333333333333333333333333333333222222222111111122222223333333333222222
22222222233333332222222100123333333333333333333333333333333333333333333333333333333333333333222222222222222333333333333332222222
22222222233333332222222111223333333333333332222211222222333333333333333333333333333333333333332222222222333333333333333332222222
22222222233333333322222222233333333333333222111100111112233333333333333333333333333333333333333333333333333333333333333332222222
12222222233333333333222222233333333333333221111111111122233333333333333333333333333333333333333333333333333333333333333332222222
12222222233333333333332222333333333333332211111111111112233333333333333333333333333333333333333333333333333333333333333332222222
12222222233333333333333333333333333333322110111111111112223333333333333333333333333333333333333333333333333333333333333332222222
12222222233333333333333333333333333333322110111111111112223333333333333333333333333333333333333333333333333333333333333332222222
12222222223333333333333333333333333333322110111222221112223333333333333333333333333333333333333333333333333333333333333322222222
