33333333333333333333333333333333333333333333333333333333333333333333333333333333333333333333333333333333333333333333333333333333
33333333333333333333333333333333333333333333333333333333333333333333333333333333333333333333333333333333333333333333333333333333
33000033333333300001330000033330000333300003333333000000000003330000033330000000033333333330000003333300000333333330000013333333
33000001333333300001330000013330000133300001333333000000000001330000013330000000001333333330000003333300000133333330000013333333
33300001333333300013333000113333001133330001333333001100011001333000113333000110001333333333000133333330001133333333000133333333
33300001333333000013333000113333001133330001333333011300013301333000133333000133000133333333000133333330001333333333000133333333
33300001133333000013333000113333001133330001333333313300013331333000133333000133000133333333000113333330001333333333000133333333
33300000133333000013333000113333001133330001333333333300013333333000133333000133000133333330000013333330331000000000333100000000
00033333100000333310000333110000331100003331000000000033310000000333100000333100333100000003333310000003331000000000333100000000
00033333100003333310000333110000331100003331000000000033310000000333100000333100333100000003333310000003331000000000333100000000
00033333110003333310000333110000331100003331000000000033310000000333100000333100333100000003113310000003331000000000333100000000
00033333310003333310000333110000331100003331000000000033310000000333100000333100333100000033103311000003331000000000333100000000
00033133310003333310000333110000331100003331000000000033310000000333100000333100331100000033103331000003331000000000333100000000
00033133310003333310000333110000331100003331000000000033310000000333100000333103311000000033103331000003331000000000333100000000
00033133310033333310000333110000331100003331000000000033310000000333100000333333311000000033103331000003331000000000333100000000
00033133331033333310000333110000331100003331000000000033310000000333100000333333330000000033103331000003331000000000333100000000
00033103331033333310000333110000331100003331000000000033310000000333100000333103331000000033333331000003331000000000333100000000
00033103331133033310000333110000331100003331000000000033310000000333100000333100333100000333333333000003331000000000333100000000
00033103331333033310000333110000331100003331000000000033310000000333100000333100033100000331111333100003331000000000333100000000
00033103333333033310000333110000331100003331000000000033310000000333100000333100033310000331000333100003331000000000333100000000
00033100333333033310000333110000331100003331000000000033310000000333100000333100033310000331000333100003331000000000333100000000
00033100333311033310000333110000331100003331000000000033310000000333100000333100033310000331000333100003331000000000333100000000
00033100333310033310000333310000331100003331000000000033310000000333100000333100033310003331000033100003331000000000333100000000
00033100333310033310000333310000331000003331003330000033310000000333100000333100033110003331000033110003331003300000333100330000
00033100033310033310000333310003331000003331003330000033310000000333100000333100333110003331000033310003331003310000333100331000
00033100033110033310000033331033311000003331003310000033310000000333100000333100333100003331000033330003331003310000333100331000
00333310033110333330000003333333310000033333333310000033310000003333310003333333331100033333000333333003333333310000333333331000
00333310033100333331000000033331100000033333333310000033310000003333310003333333311000033333100333333103333333310000333333331000
00001110001100001111000000001111000000000111111110000001110000000011110000011111110000001111100001111100111111110000011111111000
00000000000000000000000000000000000000000000000000000000000000000000000000000000000000000000000000000000000000000000000000000000
00000000000000000000000000000000000000000000000000000000000000000000000000000000000000000000000000000000000000000000000000000000
00000000000000000000000000000000000000000000000000000000000000000000000000000000000000000000000000000000000000000000000000000000
