00000000000000000000000000000000000000000010000000000000000000000000000000000000000000000000000000000000000000100000000000000000
00000000001000000000000330000000333330000000333330000000000333333000000330000000333330000000000033333000000000003000033333333330
00000000011100000000003330100003333333000003333333000000003333333300003330000003333333000000000333333300000000033000033333333330
00000000001000000000033330000033300033300033300033300100003300003300033330000033300033300000003330003330000000033000000000003300
00000000000000000000000330000033000003300033000003300000033000000330000330000033000003300001003300000330000000333000000000003300
00000000000000000000000330000033000003300000001003300000033000000330000330000000000003300000000000000330000000333000000000033000
00000000000000000000000330000000000003300000000003300000033300003330100330000000000003300000000000000330000003333000000000033000
00000000001000000000000330000000000003300000000033000000003333333300000330000000000033000000000000003300000033033000000000330000
00000000000000000000000330000000000033000000003333000000000333333000000330001000003333000000000000333300000033033000000000330000
00000000000000000000000330000100000033000000003333000000003333333300000330000000003333000000000000333300000330033000000003300000
00000000000000000000000330000000000330000000000033300000033330033330000330000000000033300000000000003330003330033000000003300000
00000000000000000000000330000000003300000000000003300000033300003330000330000000000003301000000000000330033300033000000033000000
00000000000000000000000330000000033000000000000003300000033000000330000330100000000003300000000000000330033333333330000033000000
00000000000000000001000330000000330000000330000003300000033001000330100330000330010003300000033000000330033333333330000330000000
00000000000000000000000330000003300000000333000033300000033300003330000330000333000033300000033300003330000000033000000330000000
00000000000000000000000330000033333333300033333333000330003333333300000330000033333333000330003333333300000000033000003300000000
00000000000000000000000330000333333333300000333330000330000333333000000330000000333330000330000033333000000000033000033300000000
00000000000000000000000000000000000000000000000000000000000000000000000000000000000000000000000000000000000000000000000000000000
00000000000000000000000000000000000000000010000000000000000000100000001001000000000000000000000000000000000000000000000000000001
00000000000000000000000000000000000000000000000000000000000000000000000000000000000000000000000000000000000000000000000000000000
00000000000000000000000000000000000000000000000000000100000000000000000000000000000001000000000000000000000000000000000000000000
00000000000000000000010000000000000000000000000000000000000000000000000000000100000000000000000000000000000000000000000000000000
00000000000000000000000000000000000000000000000100000000000000000100000000000000000000000000000000000000000000000000000000000000
00000000000000000000000000000000000000000000000000000000100000100000000000000000000000000000000000000000000000000000000000000000
00000000000000000000000000000000000000000000000000000001000000000000001000000000000000000000000000000000000000000000000000000000
00000000000033300300000330030003033330333000000000003000000000000000000000000000003330003300300003000000000330000000000000000000
00000000000030030300003003003030030000300300000000033000000000000100000000100000003003030030300003000000003003000000000000000000
00000000000030030300003003000300030000300300000000003000001000010000000000000000003330030030300003000000000003000000000000000000
00000000000033300300003333000300033300333000000100003000000000000000000000000000003003033330300003000000000330000000000000000000
00000000000030000300003003000300030000303000000000003000000000000000000000000000003003030030300003000000003000000000000000000000
01000000000030000333303003000300033330300300000000003000000000000000000100000000003330030030333303333000003333000000000000000000
11100000000000000000000000000000000000000000000000000000000000000000100000000000000000000000000000000000000000000000000000000000
