00000000000000000000000000000000000000000000000000000000000000000000000000000000000000000000000000000000000000000000000000000000
00000111111101111001111011111110011111111101111111100000111100000111000000011111110111111111101111111000011111110001111111111000
00001133333101331001331013333311013333333101333333110000133100001131100000113333310133331333101333331100113333311001333333331000
00001331111101331001331013311331011331111101133113310000133100011333110001133111310113311311101331133101133111331101311331131000
00001331100001331001331013311331001331000000133113310000133100013333310001331101110013313310001331133101331101133101111331111000
00001333110001331001331013311331001331111000133333110000133100013313310001331000000013313110001331133101331000133100001331000000
00001133311101331001331013333311001333331000133331100000133100113333311001331000000013333100001333331101331000133100001331000000
00000111333101331001331013311110001331111000133133110000133100133333331001331000000013313110001331111001331000133100001331000000
00000001133101331001331013310000001331000000133133310011133100133111331001331101110013313311001331000001331101133100001331000000
00001111133101331111331013310000011331111101133113311013133101133101331101133111310113313331101331000001133111331100001331000000
00001333331101133333311013310000013333333101333113331013331101333101333100113333310133331333101331000000113333311000001331000000
00001111111000111111110011110000011111111101111111111011111001111101111100011111110111111111101111000000011111110000001111000000
00000000000000000000000000000000000000000000000000000000000000000000000000000000000000000000000000000000000000000000000000000000
00000000000000000000000000000000000000000000000000000000000000000000000000000000000000000000000000000000000000000000000000000000
00000000000000000000000000033333300000003333000000000000333300000000333300000000333300000000000033330000000033330000000033330000
00000000000000000000000000333333330000033333300000000003333330000003333330000003333330000000000333333000000333333000000333333000
00000000000000000000000000330000330000330000330000000033000033000033000033000033000033000000003300003300003300003300003300003300
00000000000000000000000003300000033003300000033000000330000003300330000003300330000003300000033000000330033000000330033000000330
00000000000000000000000003300000033003300000033000000330000003300330000003300330000003300000033000000330033000000330033000000330
00000000000000000000000003330000333003300000033000000330000003300330000003300330000003300000033000000330033000000330033000000330
00000000000000000000000000333333330003300000033000000330000003300330000003300330000003300000033000000330033000000330033000000330
00000000000000000000000000033333300003300000033000000330000003300330000003300330000003300000033000000330033000000330033000000330
00000000000000000000000000333333330003300000033000000330000003300330000003300330000003300000033000000330033000000330033000000330
00000000000000000000000003333003333003300000033000000330000003300330000003300330000003300000033000000330033000000330033000000330
00000000000000000000000003330000333003300000033000000330000003300330000003300330000003300000033000000330033000000330033000000330
00000000000000000000000003300000033003300000033000000330000003300330000003300330000003300000033000000330033000000330033000000330
00000000000000000000000003300000033003300000033000000330000003300330000003300330000003300000033000000330033000000330033000000330
00000000000000000000000003330000333000330000330000000033000033000033000033000033000033000000003300003300003300003300003300003300
00000000000000000000000000333333330000033333300003300003333330000003333330000003333330000330000333333000000333333000000333333000
00000000000000000000000000033333300000003333000003300000333300000000333300000000333300000330000033330000000033330000000033330000
00000000000000000000000000000000000000000000000000000000000000000000000000000000000000000000000000000000000000000000000000000000
00000000000000000000000000000000000000000000000000000000000000000000000000000000000000000000000000000000000000000000000000000000
