00000000000000000000000011222212211100000000000000000110000000110000000000000000000000000000000000000112121111200001000000000000
00000000000000000000000111122222222100000000300000001100333330010333333333300000333330000000000033330011221212003301000033330000
00000000000000000000011111222211222100000003300001111003333333000333333333300003333333000000000333333001222110033002100333333000
00000000000000000000011111222211222100000003300111112033300033300000000033000033300033300000003300003300212100330021003330033300
00000000000000000000111111112112221100000033301111111033001003302232100033000033000003300000033000000330222003300211033000000330
00000000000000000000111111112112310000000033302111111033011103302223210330000033000003300000033000000330210033000211033000000330
00000000000000000000111111111122210000000333302101111000021103302112200330000000000003300000033000000330100333330011033000000330
00000000000000000000001111111123100000103303301000111121121003301112203300000000000003300000033000000330003333333000033000000330
00000000000000000000011121111212100000003303301000011111122033002212003300000000000033000000033000000330003330033300033300003330
00000000000000000000011111112321100000033003301000011011110033023222033000000000000033000000033000000330033300003330003333333300
00000000000000000000001111122210000000333003301000011111100330022230033000000000000330000000033000000330033000000330000333333300
00000000000000000000000011122110000103330003300001111111003300222120330010000000003300000000033000000330033000000330000000333000
00000000000000000000000012121000001103333333333011111110033002232100330210000000033000000000033000000330033000000330000000330000
00000000000000000000000001110000001103333333333021111100330012322203300210000000330000000000033000000330033300003330000003300000
00000000000000000000000000000000001100000003300000001003300000003003302100000003300000000000003300003300003330033300000033000000
00000000000000000000000000000000001111110003301103300033333333300033001110000033333333300330000333333000000333333000000330000000
00000000000000000000000000000000010111100103301103300333333333300333021210000333333333300330000033330000000033330000003300000000
00000000000000000000000000000000111111111100000100000000000000000000012210000000000000000000000000000000000000000000000000000000
00000000000000000000000000000000111110111111110111111111111111223233211211000000000000000000000000000000000000000000000000000000
00000000000000000000000000000000111100111111111100000001111111222233212221000000000000000000000000000000000000000000000000000000
00000000000000000000000000000000011001111111011100000011111222321122221110000000000000000000000000000000000000000000000000000000
00000000000000000000000000000000001101111110012110011111111122221111221100000000000000000000000000000000000000000000000000000000
00000000000000000000000000000000001100000111111110111111111111121122222100000000000000000000000000000000000000000000000000000000
00000000000000000000000000000000000000000111100110011011111011112222122100000000000000000000000000000000000000000000000000000000
00000000000000000000000000000000000010000110111110010011000011122221111000000000000000000000000000000000000000000000000000000000
00000000000000000000000000000000000111000010111110110011000011111232111100000000000000000000000000000000000000000000000000000000
00000000000000000000000000000000000010000000111110110011110111111122212110000000000000000000000000000000000000000000000000000000
00000000000000000000000000000000000000000000110110000011100110001122211110000000000000000000000000000000000000000000000000000000
00000000000000000000000000000000000000001001110000000011100011001232222100000000000000000000000000000000000000000000000000000000
00000000000000000000000000000000000000000001100000000000011111112333322100000000000000000000000000000000000000000000000000000000
00000000000000000000000000000000000000000000000000011110011111122333322100000000000000000000000000000000000000000000000000000000
00000000000000000000000000000000000000111000100000011221121112232233221000000000000000000000000000000000000000000000000000000000
