00000000000000000000000000000000000000000000000000000000000000000000000000000000000000000000000000000000000000000000000000000000
00000000000000000000000000000000000000000000000000000000000000000000000000000000000000000000000000000000000000000000000000000000
00000000000000000000000000000000000000000000000000000000000000000000000000000000000000000000000000000000000000000000000000000000
00000000000000000000000000000000000000000000000000000000000000000000000000000000000000000000000000000000000000000000000000000000
00000000000000000000000000000000000000000000000000000000000000000000000000000000000000000000000000000000000000000000000000000000
00000000001111111110000000001111111111111111100000111111111111111000000111111111110111111111111111111111000000111111001111110000
00000000111111111111100000001111111111111111110000111111111111111110000111111111110111111111111111111111000011111111111111110000
00000011111111111111111000001111111111111111111000111111111111111111000111111111110111111111111111111111000111111111111111110000
00000111111111111111111100001111111111111111111100111111111111111111000111111111110111111111111111111111001111111111111111110000
00001111111111111111111110001111111111111111111100111111111111111111100111111111110111111111111111111111011111111111111111110000
00001111111100000111111110000011111110000111111100001111111001111111100001111111000111111011111110111111011111111001111111110000
00011111111000000011111111000011111110000111111100001111111000111111100001111111000111111011111110111111011111110000011111110000
00011111110000000001111111000011111110001111111100001111111000111111100001111111000111111011111110111111011111110000001111110000
00111111100000000000111111100011111111111111111000001111111001111111000001111111000111110011111110011111011111111100000000000000
00111111100000000000111111100011111111111111110000001111111111111111000001111111000000000011111110000000001111111111111100000000
00111111100000000000111111100011111111111111100000001111111111111100000001111111000000000011111110000000001111111111111111000000
00111111100000000000111111100011111111111111110000001111111111111110000001111111000000000011111110000000000011111111111111100000
00111111100000000000111111100011111111111111111000001111111111111111100001111111000000000011111110000000000000111111111111110000
00111111100000000000111111100011111110011111111000001111111000111111100001111111000000000011111110000000000000000000111111111000
00011111110000000001111111000011111110001111111000001111111000011111110001111111000000000011111110000000011111110000001111111000
00011111111000000011111111000011111110001111111000001111111000011111110001111111000000000011111110000000011111111000001111111000
00001111111100000111111110000011111110001111111000001111111000011111110001111111000000000011111110000000011111111100011111111000
00001111111111111111111130003333333333303333333330003333333000333333330333333333330000003333333333300000033333333333333333333000
00000333333333333333333300003333333333303333333330333333333333333333330333333333330000003333333333300000033333333333333333330000
00000033333333333333333000003333333333303333333330333333333333333333300333333333330000003333333333300000033333333333333333330000
00000000333333333333300000003333333333303333333330333333333333333333000333333333330000003333333333300000033333333333333333000000
00000000003333333330000000003333333333303333333330333333333333333300000333333333330000003333333333300000033333300333333330000000
00000000000000000000000000000000000000000000000000000000000000000000000000000000000000000000000000000000000000000000000000000000
00000000000000000000000000000000000000000000000000000000000000000000000000000000000000000000000000000000000000000000000000000000
00000000000000000000000000000000000000000000000000000000000000000000000000000000000000000000000000000000000000000000000000000000
00000000000000000000000000000000000000000000000000000000000000000000000000000000000000000000000000000000000000000000000000000000
00000000000000000000000000000000000000000000000000000000000000000000000000000000000000000000000000000000000000000000000000000000
