00000000000010000000111000000000000000000000000000000000000000010000000000000000000000000000000000000000000000000000000000000000
00000000000000000000010000000001000001111111111000001000111110000111111111100000111110000000000011111000000011111000011111111110
00000000000000000000000000000000000001111111111000000001111111000111111111100001111111000000000111111100000111111100011111111110
00000000000000000000000000000000000000000000110000000011100011100000000011000011100011100000001110001110001110001110000000001100
00000000000000000000000000000000000000000000110000000011000001100000000011010011000001100000001100000110001100000110000000001100
00000000000000000000000000000000000000000001100000000000000001100000010110000011000001100000001100000110000000000110000000011000
00000000000000000000000000000000000100000001100000100000000001101000000110000000000001100000000000000110000001000110000000011000
00100000000000000000000000000000000000000011000000000000000011001000001100000010000001100000000000000330000000003300000100330000
00000000000000000000000010000000000000000033000000000001003333000000003300000000000033000000000000003300000000333300000000330000
00000000000000000000000000000000000000000330000000000000003333000000033000000000000033000000000000003300000000333300000003300000
00000000000000000000000000000000000000000330000000000000000033300000033000000000000330000000100000033000000000003330000003300000
00000000000000000000000000000000000000003300000000000000000003300000330000001000003300000000000000330000000000000330000033000000
00000000000000000000000000000000000100003300000000000000010003300000330000000000033000000000000003300000000000000330000033000000
00000000000010000000000000000000000000033000000010000330000003300003300000000000330001000000000033000000033000000330000330000000
00000000000000000000000000000000000000033000000000000333000033300003300000000003300000000000000330000000033300003330000330000000
00000000000000000000000000000000000000330000000003300033333333000033001000000033333333300330003333333330003333333300003300000000
00000000000000000000000010000000000003330000000003301000333330000333000100000333333333300330033333333330000033333000033300000000
00001000000000000000000000000000000000000000000000000000000000000000000000000000000000000000000000000000000000000000000000000000
00000000000000000000000000000000010000000000000000000000000000100000001000000000000000000000000000000000000000000000000000000000
00000000000000000000000000000000000000010000000000000000001000000010100100010000000000000000000000000000000000000000000000000000
00000000000000000000000000000000000000000000000000000000000000100000000000000000000000000000000000000000000000000000000000000000
00000000000000000000000000000000000000000000000000001000010000000000000000000000000000000000000000000000000000000000000000000000
00000000000000100000000000000000000000000000000000000000000000000000000000000000001000001000000000000000000000010000000000000000
00000000000000000000000000000000000000000000100000000000000000000100000000000000000000000000000000000000000000000000000000000000
00000000000000000000000000000000000000000000000000000000000000000000000000000000000000000000000000000000000000000000000000000000
00000000000033300300000330030003033330333000000000003010000000100000000000000000003330003300300003000000000030000000000000000000
00000000000030030300003003003030030000300300000000033000000000000000000100000000003003030030300003000000000330000000000000000000
00000000000030030300003003000300030000300300000000003000000000000000000000000000003330030030300003000000000030000000000000000000
00000000000033300300003333000300033300333000000000003000000000000001000000001000003003033330300003000000000030000000000000000000
00001000000030000300003003000300030000303000000000003000010000100000000000000000003003030030300003000000000030000000000000000000
00011100000030000333303003000300033330300300000000003000111000000000000000000000003330030030333303333000000030000000000000000000
00001000000000000000000000000000000000000000010000000000010000000000000000000000000000000000000000000000000000000000000000000000
