00000000000000000000000000000000000000000000003322110033000003322200033003300011000000000000000000000000000000000000000000000000
00000000000000000000000000000000000000000000001133220033000003333300033003300000000000000000000000000000000000000000000000000000
00000000000000000000000000000000000000000000002211330033000003311100033003300022000000000000000000000000000000000000000000000000
00000000000000000000000000000000000000000000003322330033222003322220033003322233000000000000000000000000000000000000000000000000
00000000000000000000000000000000000000000000001333310033333003333330033001333331000000000000000000000000000000000000000000000000
00000000000000000000000000000000000000000000000111100011111001111110011000111110000000000000000000000000000000000000000000000000
00000000000000000000000000000000000000000000000000000000000000000000000000000000000000000000000000000000000000000000000000000000
00000000000000000000000220020202220002200000020200220020002220022202000022002220002200222002220002200002200000000000000000000000
00000000000000000000002112030303112021120000030302112030003112031103000211203112021120311203112021120001120000000000000000000000
00000000000000000000003003030303003030030000030303003030003003032003000300303221030030322103221030030000210000000000000000000000
00000000000000000000003223012103003032230000012103223030003003031003000322303110032230311203112032230000120000000000000000000000
00000000000000000000003113003003221031130200003003113032203221032203220311303000031130300303003031130002210000000000000000000000
00000000000000000000001001001001110010010100001001001011101110011101110100101000010010100101001010010001100000000000000000000000
00000000000000000000000000000000000000000000000000000000000000000000000000000000000000000000000000000000000000000000000000000000
00000000000000000000000222000220020000000202002022200000002200200002200022002220022202002022200022000222000000000000000000000000
00000000000000000000000311202112030000000303203031120000021120300021120211203112031103203031120211202111000000000000000000000000
00000000000000000000000322103003030000000303123030030000030030300030010300303221032003123030030300301220000000000000000000000000
00000000000000000000000311003003030000000303013030030000032230300030020300303112031003013030030322300112000000000000000000000000
00000000000000000000000300001221032202000303003032210200031130322012210122103221032203003032210311302221000000000000000000000000
00000000000000000000000100000110011101000101001011100100010010111001100011001110011101001011100100101110000000000000000000000000
00000000000000000000000000000000000000000000000000000000000000000000000000000000000000000000000000000000000000000000000000000000
00000000002200022000200220002200000220020000220002200222002220200202220002200022200002020002002200222002220020222002000000000000
00000000001120211202302112021120002112030002112021120311203110320303112021120211100021032023021120311203112030311201200000000000
00000000000210122101303003030030003003030003001030030322103200312303003030030122000030031213030030300303221030300300300000000000
00000000002100211200303003030030003223030003002030030311203100301303003032230011200030030103032230300303112030300300300000000000
00000000003220122100301221012210003113032201221012210322103220300303221031130222100030030003031130322103003030322100300000000000
00000000001110011000100110001100001001011100110001100111001110100101110010010111000012010001010010111001001010111002100000000000
00000000000000000000000000000000000000000000000000000000000000000000000000000000000001000000000000000000000000000001000000000000
00000000000000022202000222000002200022000200220022200220002200000222002200202000002200022000200220002200222000200000000000000000
00000000000000013103000311000021100211002302112011302112021100000311003300303000021100211002302110021120113002300000000000000000
00000000000000003003000320000032200322001301223002101223032200000320021120121000032200322001303220012230021021300000000000000000
00000000000000003003000310000031120311200300113003000113031120000310032230212000031120311200303112001130030032300000000000000000
