33333333333333333333333333333333333333333333333333333333333333333333333333333333333333333333333333333333333333333333333333333333
33333333333333333333333333333333333333333333333333333333333333333333333333333333333333333333333333333333333333333333333333333333
33333333333333333333333333333333333333333333333333333333333333333333333333333333333333333333333333333333333333333333333333333333
33333333333333333333333333333333333333333333333333333333333333333333333333333333333333333333333333333333333333333333333333333333
33333333333333333333333333333333333333333333333333333333333333333333333333333333333333333333333333333333333333333333333333333333
33333333333333333333333333333333333333333333333333333333333333333333333333333333333333333333333333333333333333333333333333333333
33333333333333333333333333333333333333333333333333333333333333333333333333333333333333333333333333333333333333333333333333333333
33333333000003333333333333330000033333000003300033000333333333000333333333000333333300000033333300033333300033333000003333333333
33333330011111333333333333330111113333011111301113011133333333011133333333011133330001111110333301113333301113300011111033333333
33333300111111133333333333330111113333011111301113011133333333011133333333011133330111111111133301111333301113301111111113333333
33333301113301113333333333330111113330011111301113011133333333011133333333011133300111111111133301111133301113001111111113333333
33333331113301113333333333330111011330110111301113011133333333011133333333011133001111333311113301111133301113011113331111333333
33333333333001113333333333330111011330110111301113011133333333011133333333011133011113333331111301111113301113011133333111333333
33333333300011133333333333330111011300110111301113011133333333011133333333011133011133333330111301110113301113311110033333333333
33333333301111333333333333330111011101110111301113011133333333011133333333011133011133333330111301113111301113331111110333333333
33333333331111133333333333330111311101110111301113011133333333011133333333011133011133333330111301113011301113333111111133333333
33333333333311113333333333330111301101130111301113011133333333011133333333011133011133333330111301113311101113333331111113333333
33333333333301113333333333330111301101130111301113011133333333011133333333011133011133333300111301113301101113000333331111333333
33333300033301113333333333330111301111130111301113011133333333011133333333011133311113333001111301113331111113011133300111333333
33333301113301113333333333330111331111130111301113011100000033011100000033011133331111000011113301113330111113311110001111333333
33333331110001113333333333330111330111330111301113011111111113011111111113011133330111111111133301113333111113301111111113333333
33333333111111133333333333330111330111330111301113011111111113011111111113011133333111111111133301113333311113331111111113333333
33333333311111333333333333333111333111333111331113311111111113311111111113311133333331111113333331113333331113333311111333333333
33333333333333333333333333333333333333333333333333333333333333333333333333333333333333333333333333333333333333333333333333333333
33333333333333333333333333333333333333333333333333333333333333333333333333333333333333333333333333333333333333333333333333333333
33333333333333333333333333333333333333333333333333333333333333333333333333333333333333333333333333333333333333333333333333333333
33333333333333333333333333333333333333333333333333333333333333333333333333333333333333333333333333333333333333333333333333333333
33333333333333333333333333333333333333333333333333333333333333333333333333333333333333333333333333333333333333333333333333333333
33333333333333333333333333333333333333333333333333333333333333333333333333333333333333333333333333333333333333333333333333333333
33333333333333333333333333333333333333333333333333333333333333333333333333333333333333333333333333333333333333333333333333333333
33333333333333333333333333333333333333333333333333333333333333333333333333333333333333333333333333333333333333333333333333333333
33333333333333333333333333333333333333333333333333333333333333333333333333333333333333333333333333333333333333333333333333333333
