22222222222200022222222222222222122222222222222222222222222222222222222222222222222222222222222222222222222222222222222222212222
22222222222200122222222222222221122222222222222222222222222222222222222222222222222222222222222222222222222221122222222222222222
22222222222222222222222222222221112222222222222222222222222222222222222222222222222222222222222222222222222222222222222222222222
22222222222222222222222222222222212222222222222222222222222222222222222222222222222222222222222222222222222222122222222222222222
22222222222222222222222222222222211111222222222222222222223332222222222222222222222222222222222222222222222221122222222222222222
22222222222222222222222222222222111111222222222222222222222232222222222222222222222222222222222222222222222222122222212222222222
22222222222222222222222222222221111111122222222222222222100233222222222222222222222222222222222222222222222222222222112200000222
22200000000000000000000000000000111111220000000000022200000000002220000000000000222222200000000000002200000000000200000000000222
22200000000000000000000000000000021112220000000000022200000000002200000000000000022222000000000000000000000000000000000000000222
22222000000000000000000000000000002211210000000000022000000000002000000000000000002220000000000000000000000000000000000000000222
21122000000000000000000000000000000221210000000000022000000000002000000000000000000200000000000000000000000000000000000000000222
11222000000000000000000000000000000011110000000000022000000000000000000000000000000000000000000000000000000000000000000000000222
12222000000000000000000000000000000001110000000000002000000000000000000000000000000000000000000000000000000000000000000000000222
12222000000000000000000000000000000001110000000000002000000000000000000000000000000000000000000000000000000000000000000000000222
11222000000000000000000000000000000002110000000000002000000000000000000000000000000000000000000000000000000000000000000000000222
21222000000000000000000000000000000001110000000000000000000000000000000000000000000000000000000000000000000000000000000000000221
22222000000000000000000000000000000002110000000000000000000000000000000000000000000000000000000000000000000000000000000000000222
22222000000000000000000000000000000002110000000000000000000000000000000000000000000000000000000000000000000000000000000000000222
22222000000000000000000000000000000001210000000000000000000000000000000000000000000000000000000000000000000000000000000000000222
22222000000000000000000000000000000000110000000000000000000000000000000000000000000000000000000000000000000000000000000000000111
22222000000000000000000000000000000000110000000000000000000000000000000000000000000000000000000000000000000000000000000000000111
22200000000000000000000000000000000000000000000000000000000000000000000000000000000000000000000000000000000000000000000000000111
22200000000000000000000000000000000000000000000000000000000000000000000000000000000100000000000000000000000000000000000000000110
22200000000000000000000000000000000000000000000000000000000000001000000000000000001110000000000000000000000000000000000000000110
11200000000000000000000000000000000000000000000000000000000000001100000000000000022111000000000000000000000000000000000000000110
11200000000000000000000000000000000000100000000000000000000000001110000000000000112111110000000000002000000000000000000000000100
21222000000000000000000000000000000000000000000000000000000000001111100000000001111111111100000000012000000000000000000000000110
22222200000000000000002211100000000000000000000000000000000000011111111111111111111111111111111111222000000000002200000000000100
21123322111232222222222211100000000000000000000000000000000111111111111111111111111111111111111111112000000000002220000000001110
21113332110122222222222211100000000000000000000000000000000010010001101111111111111111111111111111112211112222222211112222111110
11002322210012222222222221110000000000000000000000000000000000000000000001111111111111111111111111112221111222222211122222211100
21001222221112222222222221110000000000000000000000000000000000000000000001111111111111111111111111112221121222222211212222211100
