00000000000000000000000000000000000000000000000000000000000000000000000000000000000100000000000000000000000000000000000000000000
00000000000000000000010000000000000000000000000000000000000000000000000000010000000000000000000000010000000000000000000000000000
00000000000000000000111000000000000000000000100000000000000000000010000000100000000000000000000000100000000000000000000000000000
00000000000000000000010000000000000000000001000000000000000000000001000000000000000000000000000000000000000000000000000000000000
00000000000000000000000000000000000000000000000000000000000000000000000000000000000000001000000000000000000000000000000000000000
00001000000000000000000000000000000000000000000000000100000000000000000000000000000000000100000000000000000000000000000000000000
00011100000000000000000000000001000000000000000000001000000000000000000000000000000000000000000000000000000000000000000000000000
00001000000000000000000000000000100000000000000000000000000001000000000000000000000000000000000000000000000000000000000000000000
00000000000000000000000000000000000000000000000000000000000010000000000000000100000000000000000000000000000000000000000000000000
00000000000000000000000000000000000000000000000000000000000000000000000000001000000000000000000000000000000000100000000000000000
00000000000000000000000000000000000000000000000000000000000000000000000000000000000000000000000000000000000001000000000000000000
00000000000000000000010000000000000000000000000000000001000000000000000000000000000001000000000000000000000000000000000000000000
00000000000000000000000000000000000000000100000000000010001000000000000000000000000000000000000000000000000000000000000000000000
00000000000000000000000000000000000000000010000000000000000001000100100001000000000000000000000000100000000000000000000000000000
00000000000000000000000000000000000000000000000000000000000000100000000000000000000000000000000000010000000000000000000000000000
00000000000000000000000000000000000000000000000000000000000100000000001000000000000000000000000000000000000000000000000000000000
00000000000000000000000000000000000000000000000000000000000000000000000000000000000000000000000000000000000000000000000000010000
00000000000000000000000000000000000000000000000000000000000000000000000010000100000000001000000000000000000000000000000000111000
00010000000000000000000000000000000001000000000100000000010000100010001000000010000000000000000000000000000000000000000000010000
00001000000000000000000000000000000000000000000010000000001000000000100000000000000000000000000000000000000000000000000000000000
00000000000000000000000000000000000000000000000000000000000000000000000000000000000000000000000000000000000000000000000000000000
00000000000000000100000000000000000000000000000000000000000000000000000000000000000000000000000000000000000000000000000000000000
00000000000000000010000000000000000000000000000000000000000000000000001000000100000100000000000000000000000000000000000000000000
00000000000000000000000000100000000000000000000000000000000000010000000000001000000010000000000000000000000000000000000000000000
00000000000000000000000000000000000000000000000000000000000000100000000000000000000000000000000000000000000000000000000000000000
00000000000033300300000330030003033330333000000010003000100000000000000001000000003330003300300003000000000030000000000000000000
00000000000030030300003003003030030000300300000100033001000000000000000010000000003003030030300003000000100330000000000000000000
00000000000030030300003003000300030000300300000000003000000000000000000000000000003330030030300003000001110030000000000000000000
00000000000033300300003333000300033300333000000000003000000000000000000000000000003003033330300003000000100030000000000000000000
00000000000030000300003003000300030000303000000000003000000000000000100000000000003003030030300003000000000030000000000000000000
00000000000030000333303003000300033330300300000000003000000000000001000000000000003330030030333303333000000030000000000000000000
00000000000000000000000000000000000000000000000000000000000000000000000000000000000000000000000000000000000000000000000000000000
