00000000000000000000000000000000000000000000000000000000000000000000000000000000000000000000000000000000000000000000000000000000
00000000000000000000000000000000000000000000000000000000000000000000000000000000000000000000000000000000000000000000000000000000
00000000000000000000000000000000000000000000000000000000000000000000000000000000000000000000000000000000000000000000000000000000
00000000000000000000000000000000000000000000000000000000000000000000000000000000000000000000000000000000000000000000000000000000
00000000000330000003300003333000000333000003300000333300000000000000000000000000000000000000000000000000000000000000000000000000
00000000003333000033330003333300003333300033330003333330000000000000000000000000000000000000000000000000000000000000000000000000
00000000003333000033330003303300033303300033330003300330000000000000000000000000000000000000000000000000000000000000000000000000
00000000003303000033030003303330033000000033030003300330000000000000000000000000000000000000000000000000000000000000000000000000
00000000003303000033030003300330033000000033030000333300000000000000000000000000000000000000000000000000000000000000000000000000
00000000003303000033030003300330033000000033030000333300000000000000000000000000000000000000000000000000000000000000000000000000
00000000003303000033030003303330033000000033030003300330000000000000000000000000000000000000000000000000000000000000000000000000
00000000033333300333333003303300033303300333333003300330000000000000000000000000000000000000000000000000000000000000000000000000
00000000033333300333333003333300003333300333333003333330000000000000000000000000000000000000000000000000000000000000000000000000
00000000033003300330033003333000000333000330033000333300000000000000000000000000000000000000000000000000000000000000000000000000
00000000000000000000000000000000000000000000000000000000000000000000000000000000000000000000000000000000000000000000000000000000
00000000011111100111111001111110011111100111111001111110000000000000000000000000000000000000000000000000000000000000000000000000
00000000011111100111111001111110011111100111111001111110000000000000000000000000000000000000000000000000000000000000000000000000
00000000000000000000000000000000000000000000000000000000000000000000000000000000000000000000000000000000000000000000000000000000
00000000000000000000000000000000000000000000000000000000000000000000000000000000000000000000000000000000000000000000000000000000
00000000000000000000000000000000000000000000000000000000000000000000000000000000000000000000000000000000000000000000000000000000
00000000000000000000000000000000000000000000000000000000000000000000000000000000000000000000000000000000000000000000000000000000
00000000000000000000000000000000000000000000000000000000000000000000000000000000000000000000000000000000000000000000000000000000
00000000000000000000000000000000000000000000000000000000000000000000000000000000000000000000000000000000000000000000000000000000
00000000000000000000000000000000000000000000000000000000000000000000000000000000000000000000000000000000000000000000000000000000
00000000000000000000000000000000000000000000000000000000000000000000000000000000000000000000000000000000000000000000000000000000
00000000000000000000000000000000000000000000000000000000000000000000000000000000000000000000000000000000000000000000000000000000
00000000000000000000000000000000000000000000000000000000000000000000000000000000000000000000000000000000000000000000000000000000
00000000000000000000000000000000000000000000000000000000000000000000000000000000000000000000000000000000000000000000000000000000
00000000000000000000000000000000000000000000000000000000000000000000000000000000000000000000000000000000000000000000000000000000
00000000000000000000000000000000000000000000000000000000000000000000000000000000000000000000000000000000000000000000000000000000
00000000000000000000000000000000000000000000000000000000000000000000000000000000000000000000000000000000000000000000000000000000
00000000000000000000000000000000000000000000000000000000000000000000000000000000000000000000000000000000000000000000000000000000
