00000000000000000000000000000000000000000000000000000000000100000000100000000000000000000000000000000000000000000000000000000000
00000000000000000000000000000000000000000000000000000000000000000000000000000000333300000000000033330000000033330000000033330000
00000000000010000000000000000000000000000000100000000000000000000000000000000003333330000000000333333000000333333000000333333000
00000000000000000000000000000100000000000000000000000000000000010000000000000033000033000000003300003300003300003300003300003300
00000001000000000000000000000000000000000000000000000000000000000000000000000330000003301000033000000330033000100330033000000330
00000000000000000000000000000000000000000000000000000000000000000000000000000330000003300000033000000330033000000330033000000330
00000000000000000000000000000000000000000000000000000000000000000000000010000330000003300000033000000330033000000330033000000330
00000000000000000000000000000000000000001000000000000000000000000001000000000330000003300000033000000330033000000330033000000330
00000000000000010000000000000000000000000000000000001000000000010000000000000330000003300000033000100330033000000330033000000330
00000000000000000000000000000000100000000000001000000000100000000000000000000330000003300000033000000330033000000330033000000330
00000000000000000000000000000000000000000000000000000000000010000000100000000330000003300000033000000330033000000330033000000330
00000000000000000000000000000000000000000000000000000000000000000000000000000330000003300000033000000330011000021110000000000000
00000000000031111111000000000000003111311003113111031110311100000000311100000000311100311110000001111031111110031110000000000000
00000000000001113111000000000000003111311033113111031110311100000000311100000000311100311100000003111031113110031110000000000000
00000000000000003111000000000000003111311131113111031110311100000000311100000000311100311100000003111031110111031110000000000000
00000000000000003111000000000000003111011131113111031110311100000000311100000000311100311100000003111031110311031110000000000000
00000000000000003111000000000000003111031131103111031110311100000000311100000000311100311100000003111031110011131110000000000000
00000000000000003111000000000000003111031131103111031110311100000000311100000000311100311100000033111031110031131110000000000000
00000000000000003111000000000000003111031111103111031110311100000000311100000000311100011110000331111031110001111110000000000000
00000000000000003111000000000000003111001111103111031110311133333300311133333300311100001111333311110031110003111110000000000000
00000000000000003111000000000000003111003111003111031110311111111110311111111110311100003111111111100031110000111110000000000000
00000000000000003111000000000000003111003111003111031110311111111110311111111110311100000111111111100031110000011110000000000000
00000000000000000111000000000000000111000111000111001110011111111110011111111110011100000001111110000001110000001110000000000000
00000000000000000000000000000000000000000000000000000000000000000000000000000000000000000000000000000000000000000000000000000000
00000000000000000000000000000000000000000000000000000000000000000000000000000000000000000000000000000000000000000000000000000000
00000000000000000000000000000000000000000000000000000000000000000000000000000000000000000000000000000000000000000000000000000000
00000000000000000000000000000000000000000000000000000000000000000000000000000000000000000000000000000000000000000000000000000000
00000000000000000000000000000000000000000000000000000000000000000000000000000000000000000000000000000000000000000000000000000000
00000000000000000000000000000000000000000000000000000000000000000000000000000000000000000000000000000000000000000000000000000000
00000000000000000000000000000000000000000000000000000000000000000000000000000000000000000000000000000000000000000000000000000000
00000000000000000000000000000000000000000000000000000000000000000000000000000000000000000000000000000000000000000000000000000000
00000000000000000000000000000000000000000000000000000000000000000000000000000000000000000000000000000000000000000000000000000000
