22222222222222222322222222222222333333333333333333333333333333333333333333221000000000000000000000000000111111101111122222221100
22222222222222222222211111222222222232233333333333333333333333333333333333332111000000000000000000000000011101211111112222221110
22222222222222222222111111122222222222222223333333333333333333333333333333333211000000000000000000000000011110121111111222112110
22222222222222222222111111122222222222222222333333333333333333333333333333333322210000000000000000000000001110021111122222122110
22200000000000000011111111112122222222220000000000333330000000003333333333333333211000000000000000000000000000001111100000000110
23203333333333333101110000000012221112220333333320111102333333303333330000000033222100000000000000000000033333301111023333330110
22203133133313313200100122221001111111110313313320000003331331303333300122221003322110000001222210000000231331310110223133130110
22203333333333333220013333333310000000000333333331000003333333302330013333333310333211100133333333100002233333330102223333330110
22201133333333311222233333333333100000000333333332000013333333301202233333333333133321022333333333331022233333331022213333330210
22222131333331311122233333333333300000000333333332000023333333300022233333333333303320222333333333333022133333332222113333330212
22222033333333321122223333333333320000000333333333000033333333300122223333333333320301222233333333333221133333333221113333330223
11222033333333321122223333333333331000000313333313100131333331300122223333333333331001222233333333333321131333313311113133130222
11222033333333321122222233333333333100000333333333100233333333301122222233333333333101222222333333333331133333333331113333330211
11122033333333321122222233333333333100000333333333200333333333301122222233333333333101222222333333333333133333333333113333330210
11112031333331321122222223333333333100000333333333200333333333301122222223333333333301222222233333333333133333333333313333330200
11122033333333231122222222333333333100000333333233311333323333301122222222333333333301222222223333333333133333333331323333330100
11122033333332231112222223333333333200000333333222211333223333301112222223333333333301122222233333333332133333332333333333320100
22122033333322231111122222223333333200000313312221222313222131301111122222223333333201111222222233333332133333322333333333220100
22221033333222231111122222222322322100000333322122222332212333201111122222222322322201111222222223223222131333121331333332120100
22222031332221231111111222222222222000000333222112222222112332201111111222222222222001111112222222222221133332221133333322220200
12222033322222233111111222222222222000000332222112222231112322200111111222222222222000111112222222222221133322221113333222220200
12200033222222233311111111222222221000000222222102222231012222200111111111222222221000111111112222222211133222221113332222220200
21202222222222222211111111112122210000000222222102232221012222200011111111112122210300011111111121222111122222221111322222220200
22202122122221221231111111111111100000000212212102122121012121200001111111111111103330001111111111111011122222221111132222220200
12202222222222222233111111111110000000000222222102222221012222200000111111111110033333000111111111100011121222120111112122120200
11200111111111111113311111111100000000000111111101111111011111100000001111111100333333330001111111001011122222220011112222220200
11122011111111111111300000000000000000000011111100111111011111000000000000000000233333333300000000032011111111100001111111110200
21222200000000000000000000000000000000000000000000000000000000000000000000000000233333333333333333332011111111000000111111100211
22222222222222223221000000000000000000000000000000000000000000000000000000000000133333333333333333333000000000000000000000002222
22222222222222222221000000000000000000000000000000000000000000000000000000000000023333333333333333333321000000000000000000122222
22222222222222222332000000000000000000000000000000000000000000000000000000000000013333333333333333333321110000000000000000222222
22222222222222222332100000000000000000000000000000000000000000000000000000000000013333333333333333333322110000000000000000222222
