21212222111222222222222222322222222110000000000000000000000000000000000000000000000000000000111111111111111111111112111100111000
22222222222222222222222222222222222211111110000000000000000000000000000000000000000000000000001101111111111121111221111100111100
12222222222222222222222222222222222222111111101011000000000000000000000000000000000000000000000100111111111121111111111101111100
12222111222222222222222223232322232222222222111111111000000000000000000000000000000000000000000010010111111122222211111111111100
22200000000000000023232232233333333333330000000000221100000000000000000000000000000000000000000010000011000000001211100000000100
22203333333333333102320000000033333333330333333320222102333333300000000000000000000000000000000000000011033333301211023333330100
22203133133313313200200122221003333333330313313320333203331331300000000122221000000000000001222210000000231331310120223133130111
22203333333333333220013333333310333333330333333331033303333333300000013333333310000000000133333333100002233333330102223333330122
22201133333333311222233333333333133333330333333332033313333333300002233333333333100000022333333333331022233333331022213333330122
22222131333331311122233333333333303333330333333332033023333333301022233333333333300000222333333333333022133333332222113333330222
22222033333333321122223333333333320333330333333333033033333333302122223333333333320001222233333333333221133333333221113333330222
22222033333333321122223333333333331033330313333313133131333331300122223333333333331001222233333333333321131333313311113133130222
22222033333333321122222233333333333103330333333333103233333333301122222233333333333101222222333333333331133333333331113333330222
22222033333333321122222233333333333103330333333333203333333333301122222233333333333101222222333333333333133333333333113333330222
22222031333331321122222223333333333103330333333333203333333333301122222223333333333301222222233333333333133333333333313333330211
22222033333333231122222222333333333103330333333233311333323333301122222222333333333301222222223333333333133333333331323333330100
22222033333332231112222223333333333202230333333222211333223333301112222223333333333301122222233333333332133333332333333333320110
22222033333322231111122222223333333202220313312221222313222131301111122222223333333201111222222233333332133333322333333333220110
22222033333222231111122222222322322102220333322122222332212333201111122222222322322201111222222223223222131333121331333332120110
22222031332221231111111222222222222022220333222112222222112332201111111222222222222001111112222222222221133332221133333322220110
23222033322222233111111222222222222012220332222112222231112322200111111222222222222000111112222222222221133322221113333222220110
22200033222222233311111111222222221111110222222102222231012222200111111111222222221000111111112222222211133222221113332222220110
22202222222222222211111111112122210000000222222102232221012222200011111111112122210200011111111121222111122222221111322222220110
22202122122221221231111111111111100000000212212102122121012121201001111111111111103320001111111111111011122222221111132222220210
22202222222222222233111111111110000000000222222102222221012222200000111111111110033322000111111111100011121222120111112122120212
22200111111111111113311111111100000000000111111101111111011111100000001111111100333333220001111111000011122222220011112222220223
11222011111111111111300000000000000000000011111100111111011111000000000000000003333333321100000000000011111111100001111111110222
11222200000000000000000000000000000000000000000000000000000000000000000233333333333333322110000000000011111111000000111111100211
11122222222332210000000000000000000000000000000000000000000000000000000012333333333333333221000000000000000000000000000000002210
11112222222332310000000000000000000000000000000000000000000000000000000001233333333333333322100000000000000000000000111112322200
11122222222333310000000000000000000000000000000000000000000000000000000000123333333333333333111000000000000000000000111233111100
11122222222233320000000000000000000000000000000000000000000000000000000000013333333333333333221000000000000000000000001222000100
