00000000000000000000000000000000000000000000000000000000000000000000000000000000000000000000000000000000000000000000000000000000
00000000000000000000000000000033330000033300000003333333033333333330333333300003333333000333333333300000000000000000000000000000
00000000000000000000000000000031130000331330000033111113031111311130311111330033111113300311111111300000000000000000000000000000
00000000000000000000000000000031130003311133000331133313033113313330311331130331133311330313311331300000000000000000000000000000
00000000000000000000000000000031130003111113000311330333003113113000311331130311330331130333311333300000000000000000000000000000
00000000000000000000000000000031130003113113000311300000003113133000311331130311300031130000311300000000000000000000000000000000
00000000000000000000000000000031130033111113300311300000003111130000311111330311300031130000311300000000000000000000000000000000
00000000000000000000000000000031130031111111300311300000003113133000311333300311300031130000311300000000000000000000000000000000
00000000000000000000000000003331130031133311300311330333003113113300311300000311330331130000311300000000000000000000000000000000
00000000000000000000000000003131130331130311330331133313033113111330311300000331133311330000311300000000000000000000000000000000
00000000000000000000000000003111330311130311130033111113031111311130311300000033111113300000311300000000000000000000000000000000
00000000000000000000000000003333300333330333330003333333033333333330333300000003333333000000333300000000000000000000000000000000
00000000000000000000000000000000000000000000000000000000000000000000000000000000000000000000000000000000000000000000000000000000
00000000000000000000000000000000000000000000000000000000000000000000000000000000000000000000000000000000000000000000000000000000
00000000000000000000000000000000300000003333000000000000333300000000333300000000333300000000000033330000000033330000000033330000
00000000000000000000000000000003300000033333300000000003333330000003333330000003333330000000000333333000000333333000000333333000
00000000000000000000000000000003300000330000330000000033000033000033000033000033000033000000003300003300003300003300003300003300
00000000000000000000000000000033300003300000033000000330000003300330000003300330000003300000033000000330033000000330033000000330
00000000000000000000000000000033300003300000033000000330000003300330000003300330000003300000033000000330033000000330033000000330
00000000000000000000000000000333300003300000033000000330000003300330000003300330000003300000033000000330033000000330033000000330
00000000000000000000000000003303300003300000033000000330000003300330000003300330000003300000033000000330033000000330033000000330
00000000000000000000000000003303300003300000033000000330000003300330000003300330000003300000033000000330033000000330033000000330
00000000000000000000000000033003300003300000033000000330000003300330000003300330000003300000033000000330033000000330033000000330
00000000000000000000000000333003300003300000033000000330000003300330000003300330000003300000033000000330033000000330033000000330
00000000000000000000000003330003300003300000033000000330000003300330000003300330000003300000033000000330033000000330033000000330
00000000000000000000000003333333333003300000033000000330000003300330000003300330000003300000033000000330033000000330033000000330
00000000000000000000000003333333333003300000033000000330000003300330000003300330000003300000033000000330033000000330033000000330
00000000000000000000000000000003300000330000330000000033000033000033000033000033000033000000003300003300003300003300003300003300
00000000000000000000000000000003300000033333300003300003333330000003333330000003333330000330000333333000000333333000000333333000
00000000000000000000000000000003300000003333000003300000333300000000333300000000333300000330000033330000000033330000000033330000
00000000000000000000000000000000000000000000000000000000000000000000000000000000000000000000000000000000000000000000000000000000
00000000000000000000000000000000000000000000000000000000000000000000000000000000000000000000000000000000000000000000000000000000
