00000000000000000000000000000000000000000000000000000000000000000000000000000000000000000000000000000000000000000000000000000000
00000000000000000000000000000000000000000000000000000000000000000000000000000000000000000000000000000000000000000000000000000000
00000000000000000000000000000000000000000000000000000000000000000000000000000000000000000000000000000000000000000000000000000000
00000000000000000000000000000000000000000000000000000000000000000000000000000000000000000000000000000000000000000000000000000000
00000000000330000003300003333000033330000003300000033000000000000000000000000000000000000000000000000000000000000000000000000000
00000000003333000033330003333300033333000033330000333300000000000000000000000000000000000000000000000000000000000000000000000000
00000000003333000033330003303300033033000033330000333300000000000000000000000000000000000000000000000000000000000000000000000000
00000000003303000033030003303330033033300033030000330300000000000000000000000000000000000000000000000000000000000000000000000000
00000000003303000033030003300330033003300033030000330300000000000000000000000000000000000000000000000000000000000000000000000000
00000000003303000033030003300330033003300033030000330300000000000000000000000000000000000000000000000000000000000000000000000000
00000000003303000033030003303330033033300033030000330300000000000000000000000000000000000000000000000000000000000000000000000000
00000000033333300333333003303300033033000333333003333330000000000000000000000000000000000000000000000000000000000000000000000000
00000000033333300333333003333300033333000333333003333330000000000000000000000000000000000000000000000000000000000000000000000000
00000000033003300330033003333000033330000330033003300330000000000000000000000000000000000000000000000000000000000000000000000000
00000000000000000000000000000000000000000000000000000000000000000000000000000000000000000000000000000000000000000000000000000000
00000000011111100111111001111110011111100111111001111110000000000000000000000000000000000000000000000000000000000000000000000000
00000000011111100111111001111110011111100111111001111110000000000000000000000000000000000000000000000000000000000000000000000000
00000000000000000000000000000000000000000000000000000000000000000000000000000000000000000000000000000000000000000000000000000000
00000000000000000000000000000000000000000000000000000000000000000000000000000000000000000000000000000000000000000000000000000000
00000000000000000000000000000000000000000000000000000000000000000000000000000000000000000000000000000000000000000000000000000000
00000000000000000000000000000000000000000000000000000000000000000000000000000000000000000000000000000000000000000000000000000000
00000000000000000000000000000000000000000000000000000000000000000000000000000000000000000000000000000000000000000000000000000000
00000000000000000000000000000000000000000000000000000000000000000000000000000000000000000000000000000000000000000000000000000000
00000000000000000000000000000000000000000000000000000000000000000000000000000000000000000000000000000000000000000000000000000000
00000000000000000000000000000000000000000000000000000000000000000000000000000000000000000000000000000000000000000000000000000000
00000000000000000000000000000000000000000000000000000000000000000000000000000000000000000000000000000000000000000000000000000000
00000000000000000000000000000000000000000000000000000000000000000000000000000000000000000000000000000000000000000000000000000000
00000000000000000000000000000000000000000000000000000000000000000000000000000000000000000000000000000000000000000000000000000000
00000000000000000000000000000000000000000000000000000000000000000000000000000000000000000000000000000000000000000000000000000000
00000000000000000000000000000000000000000000000000000000000000000000000000000000000000000000000000000000000000000000000000000000
00000000000000000000000000000000000000000000000000000000000000000000000000000000000000000000000000000000000000000000000000000000
00000000000000000000000000000000000000000000000000000000000000000000000000000000000000000000000000000000000000000000000000000000
