00000000000000000000000000000000000000000000000000000000000000000000000000000000000000000000000000000000000000000000000000000000
00000000000000000000000000000000000000000000000000000000000000000000000000000000000000000000000000000000000000000000000000000000
00000000000000000000000000000000000000000000000000000000000000000000000000000000000000000000000000000000000000000000000000000000
00000000000000000000000000000000000000000000000000000000000000000000000000000000000000000000000000000000000000000000000000000000
00333333333333330000000000000000000000000000000000000333330000000000000000000000000000000000000000000000030000000000000000000000
00011333311111333300000000000000000000000000000000000033331000000000000000000000000000000000000000000000331000000000000030000000
00000333310000033330000000000000000000000000000000000033331000000000000000000000000000000000000000000000333000000000000331000000
00000333310000003333000000000000000000000000000000000033331000000000000000000000000000000000000000000003333100000000000331000000
00000333310000003333100000000000000000000000000000000033331000000000000000000000000000000000000000000003333300000000003331000000
00000333310000003333100000000000000000000000000000000033331000000000000000000000000000000000000000000030333310000000333331000000
00000333310000003333100000003333000003333300333300000033331000003333330000333333300033330000000000000031333310000003333333330000
00000333310000033331100000333113330000333333333330000033331000330111333000033333110003311000000000000031033330000000133331111000
00000333310000333311000003331100331000333331113333000033331003333000333300003333100003110000000000000301033331000000033331000000
00000333333333333110000003331000333000333311000333100033331003333100333310003333300003100000000000000310033333000000033331000000
00000333311333331100000033331000333100333310000333300033331000331103333310000333310030100000000000003010003333100000033331000000
00000333310033331000000033333333333100333310000333310033331000011030333310000333330031000000000000003100003333100000033331000000
00000333310033333000000033331111111100333310000333310033331000003301333310000033331301000000000000030100000333300000033331000000
00000333310003333300000033331000000000333310000333310033331000033110333310000033333310000000000000033333333333310000033331000000
00000333310000333330000033331000000000333310000333310033331000333100333310000003333310000000000000031111111333330000033331000000
00000333310000033331000033333000000000033000000330000003331003333000000310000003300000000000000000000000000000031000000331000000
00000333310000033333000003333300003333000033330000333300331003330033330000333300003333000000000000333300003333000033330031033000
00000333310000003333300000333333033333300333333003333330331003330333333003333330033333300000000003333330033333300333333033331100
00333333333300000333333000033333033003300330033003300330333000330330033003300330033003300000000303300330033003300330033033311000
00011111111110000011111100001111000003300330033003300330111100010330033003300330033003300000000003300330033003300330033011110000
00000000000000000000000000000000000003300333333003300330000000000330033003300330033003300000000003300330033003300330033000000000
00000000000000000000000000000000000033300033333003300330000000000330033003300330033003300000000003300330033003300330033000000000
00000000000000000000000000000000000333003000033003300330000000000330033003300330033003300000000003300330033003300330033000000000
00000000000000000000000000000000003300003000333003300330000000000330033003300330033003300000000003300330033003300330033000000000
00000000000000000000000000000000033333303033330003333330000330000333333003333330033333300003300003333330033333300333333000000000
00000000000000000000000000000000033333301033300000333300000330000033330000333300003333000003300000333300003333000033330000000000
00000000000000000000000000000000000000000000000000000000000000000000000000000000000000000000000000000000000000000000000000000000
00000000000000000000000000000000000000000000000000000000000000000000000000000000000000000000000000000000000000000000000000000000
