00000000000000000000000000000000000000000000000000000000000000000000000000000000000000000000000000000000000000000000000000000000
00000000000000000000000000000000000000000000000000000000000000000000000000000000000000000000000000000000000000000000000000000000
00000000000000000000000000000000000000000000000000000000000000000000000000000000000000000000000000000000000000000000000000000000
00000000000003333333300000333000033300000333000000000003330000000333333300003333330033300003333333333333000000000000000000000000
00000000000000111111000000010000001000000010000000000000100000000011111000000111100001000000100111111100111111000000000000000000
00000000000000100000100000101000001000000010000000000000100000000100000100001000010001000001000100000000100000100000000000000000
00000000000000100000100000101000001000000010000000000000100000001000000010010000001001000010000100000000100000010000000000000000
00000000000000100000100000101000001000000010000000000000100000001000000010010000000001000100000100000000100000010000000000000000
00000000000000111111000001000100001000000010000000000000100000001000000010010000000001001000000111111100100000010000000000000000
00000000000000100000100001000100001000000010000000000000100000001000000010010000000001010100000100000000100000010000000000000000
00000000000000100000100011111110001000000010000000000000100000001000000010010000000001100010000100000000100000010000000000000000
00000000000000100000100010000010001000000010000000000000100000001000000010010000001001000010000100000000100000010000000000000000
00000000000000100000100100000001001000000010000000000000100000000100000100001000010001000001000100000000100000100000000000000000
00000000000000111111000100000001001111110011111100000000111111000011111000000111100001000000100111111100111111000000000000000000
00000000000000000000000000000000000000000000000000000000000000000000000000000000000000000000000000000000000000000000000000000000
00000000000000000000000000000000000000000000000000000000000000000000000000000000000000000000000000000000000000000000000000000000
00000000000000000000000000000000000000000000000000000000000000000000000000000000000000000000000000000000000000000000000000000000
00000000000000000000000000000000000000000000000000000000000000000000000000000000000000000000000000000000000000000000000000000000
00000000000000000000000000000000000000000000000000000000000000000000000000000000000000000000000000000000000000000000000000000000
00000000011111110001111100001111111000000000001000000010010000010010000111111100100111111000000010000001000000010000000000000000
00000000010000000010000010001000000100000000001100000110010000010010000000100000100100000100000101000001000000010000000000000000
00000000010000000100000001001000000100000000001100000110010000010010000000100000100100000100000101000001000000010000000000000000
00000000010000000100000001001000000100000000001010001010010000010010000000100000100100000100000101000001000000010000000000000000
00000000011111100100000001001000000100000000001010001010010000010010000000100000100111111000001000100001000000010000000000000000
00000000010000000100000001001111111000000000001001010010010000010010000000100000100100000100001000100001000000010000000000000000
00000000010000000100000001001000100000000000001001010010010000010010000000100000100100000100011111110001000000010000000000000000
00000000010000000100000001001000010000000000001001010010010000010010000000100000100100000100010000010001000000010000000000000000
00000000010000000010000010001000001000000000001000100010001000100010000000100000100100000100100000001001000000010000000000000000
00000000010000000001111100001000000100000000001000100010000111000011111100100000100111111000100000001001111110011111100000000000
00000000000000000000000000000000000000000000000000000000000000000000000000000000000000000000000000000000000000000000000000000000
00000000000000000000000000000000000000000000000000000000000000000000000000000000000000000000000000000000000000000000000000000000
00000000000000000000000000000000000000000000000000000000000000000000000000000000000000000000000000000000000000000000000000000000
