01000000000000100000000000000000000000000000000000000000000000000000000000000000000000000000000000000000000000000000000000000000
00000000000000000000001000000000100000003333300000001000333333010333333333300000333300000000033333333330000033330000000033333300
00000000000000000000000000000000000000033333330000000003333333000333333333300003333330000000033333333330000333333000000333333300
00000000000000000000000000000000000000333000333000000003300000000000000033000033300333000000000000003300003330033300000330000000
00000000000000000000000000000000000000330000033000000003300000000000000033010330000003300000000000003300033000000330000330000000
00000000000000000000000000000000000000330000033000000003300000000000010330000330000003300000000000033000033000000330000330000000
00000000000000000000000000000000000010000000033000100033333330000000000330000330000003300000000000033000033000000330003333333000
00001000000000000000000000000000000000000000033000000033333330001000003300000330000003300000000000330000033000000330003333333000
00000000000000000000000000100000000000000000330000000033000033000000003300000333000033300000000000330000033300003330003300003300
00000000000000000000000000000000000000000000330000000000000003300000033000000033333333000000000003300000003333333300000000000330
00000000000000000000000000000000000000000003300000000000000003300000033000000003333333000010000003300000000333333300000000000330
00000000000000000000000000000000000000000033000000000000000003300000330000000000003330000000000033000000000000333000000000000330
00000000000000000000000000000000000010000330000000000000001003300000330000010000003300000000000033000000000000330000000000000330
00000000000000100000000000000000000000003300000001000030000033000103300000000000033000000000000330000000000003300000003000003300
00000000000000000000000000000000000000033000000000000333000333000003300000000000330000000000000330000000000033000000033300033300
00000000000000000000000000000000000000333333333003300033333330000033001000000003300000000330003300000000000330000001003333333000
00000000000000000000000000100000000003333333333003301003333300000333000000000033000000000330033300000000003300000000000333330000
00000010000000000000000000000000000000000000000000000000000000000000000000000000000000000000000000000000000000000000000000000000
01000000000000000000000000000000001000000000000000000000000000000010001000000000000000000000000000000000000000000000000000000000
00000000000000000000000000000000000000001000000000000000000000100000000100000000000000000000000000000000000000000000000000000000
00000000000000000000000000000000000000000000000000000100010000000000100000000000000000000000000000000000000000000000000000000000
00000000000000000000000000000000000000000000000000000000000000000000000000000000010000010000000000000000000001000000000000000000
00000000000000001000000000000000000000000000000000000000000000000000000000000010000000000000000000000000000000000000000000000000
00000000000000000000000000000000000000000000010000000000000000000100000000000000000000000000000000000000000000000000000000000000
00000000000000000000000000000000000000000000000000000000000000000000000000000000000000000000000000000000000000000000000000000000
00000000000033300300000330030003033330333000000000003001000000100000000000000000003330003300300003000000000330000000000000000000
00000000000030030300003003003030030000300300000000033000000000000000000000000000003003030030300003000000003003000000000000000000
00000000000030030300003003000300030000300300000000003000000000000010000000000000003330030030300003000000000003000000000000000000
00000010000033300300003333000300033300333000000000003000000000000000000000010000003003033330300003000000000330000000000000000000
00000111000030000300003003000300030000303000000000003000010000000000000000000000003003030030300003000000003000000000000000000000
00000010000030000333303003000300033330300300010000003000000000000000000000000000003330030030333303333000003333000000000000000000
00000000000000000000000000000000000000000000000000000000000000000000000010000000000000000000000000000000000000000000001000000000
