13322221011000001222222210000220010001111111111111111111111233322222333333333333332222223333233333333333332000000000000000000000
13322222111000000112222210000110010001111111010111111111111123332322323333333333332222223322333333333333332000000000000000000000
13333222111100000001000000001021000000111210000011111101111112333222233333333333333322323322233333333333333100000000000000000000
13333322222111100001000000100120000011000000000000111100111112333222233333333333333322322233333333333333333100000000000000000000
13333332222222200222221100010121101232000000000000000000011111233322232233333333333323323223333333333333333200000000000000000000
12333333333222322333332211110133222333200000000000000000001111233332222233333333333333222233333333333333333300000000000000000000
01223333333333332333333322221233232333320000000000000000001111123332222223333333333333222333333333333333333310000000000000000000
01112333333333333333333333333333333333332200000000000000001111123332222222333333333333222223333333333333333320000000000000000000
01102333333333333333333333333333333333333331000000000000000111112333222222333333333333222223333333333333333320000000000000000000
01102333333333333333333333333333333333333332000000000000000011112333222222333333333333222223333333333333333320000000000000000000
01012333233333333333333333333333333333333332000000000000000011112333322222233333333333222223233333333333333330000000000000000000
00002323333333333333333333333333333332333332000000000000000011112233322222333333333333222223323333333333333331000000000000000000
01002333333333333333333222221222223332333332000000000000000011111233322222233333333333322222333333333333333331000000000000000000
00002333333333333333333111111112222333333331000000000000000001111233322122233333333333322222323333333333333331000000000000000000
00002333333333333333332112212223332333333321000000000000000001111233332222233333333333322222323333333333333332000000000000000000
00001222222222222222222222333322222222222111000000000000000000111233322222223333333333322222223333333333333332000000000000000000
00001111111111111112222333333321111111011000000000000000000000011223322222233333333333322222233333333333333331000000000000000000
00000110011111112122222222233321111111111011000000000000000011111223332222223333333333322222232333333333333331000000000000000000
01221111122211222222222222222111111111100000000000000000000001111133332222233333333333322222232333333333333331000000000000000000
12221222222222222222222222222111111111100000000000000000000001111133332222233333333333332222223333333333333331000000000000000000
12222222222222222222222222221112100111100000000000000000000000111133331122233333333333322222222333333333333330000000000000000000
12222122222222222222222222211111111011000100000000000000000001000233331122233333333333322222233333333333333330000000000000000000
12222222222222222222222221111111111011100000000000000000000000110233321122223333333333322222333333333333333320000000000000000000
12222222222222222222221110111111110000000000000000000000000000011133322122233333333333322222333333333333333310000000000000000000
13322222233200000000000000000000000000000000000000000000000000001233322122233333333000000000000000000033333000000000000000000000
13332222233000330300300330003300333000330033300000003000000000011233322222233333330333000330030000033003330030000000000000000000
13332322222000030300303003030030300303003030030000033000000000001233321122223333330300303003030000300303330330000000000000000000
12332322222000030300303000030030300303003030030000003000000000111233221222233333330333003003030000300303330030000000000000000000
13233332222000030300303033033330300303003033330000003000000000011233211222233333330300303003030000333303332030000000000000000000
13333322223030030300303003030030300303003030300000003000000000112333211222333333330300303003030000300303332030000000000000000000
13333333323003300033000330030030333000330030030000003000000000112332212222333333330333000330033330300303331030000000000000000000
13333333333300000000000000000000000000000000000000000000000000112332112222333333333000000000000000000033320000000000000000000000
