00000000000000000000000011222212211100000000000000000111000000000000000000000000000000000000000000000000001111000021000000000000
00000000000000000000000111122222222100000000333330001111033333333330100033330000000033330000000000033333300210033021033333333330
00000000000000000000011111222211222100000003333333001122033333333330200333333000000333333000000000333333330100333022033333333330
00000000000000000000011111222211222100000033300033302222000000003300003330033300003330033300000000330000330003333021000000003300
00000000000000000000111111112112221100000033001003301122211101003302033000000330033000000330000003300110033000033011000000003300
00000000000000000000111111112112310000000000012103301111111111033003033010000330033000000330000003300110033011033011000000033000
00000000000000000000111111111122210000012221222003301110121120033012033010000330033000000330000003330000333011033011000000033000
00000000000000000000001111111123100000122121200033001121121110330012033000000330033000000330000000333333330011033000000000330000
00000000000000000000011121111212100000121221203333011111122100330212033300003330033300003330000000033333300001033000000000330000
00000000000000000000011111112321100000012112203333001011111103300222003333333300003333333300000000333333330000033000000003300000
00000000000000000000001111122210000000112112100033301111111003302233300333333300000333333300000003333003333000033000000003300000
00000000000000000000000011122110000111111112111003301111112033002122330000333000000000333000000003330000333000033000000033000000
00000000000000000000000012121000001122110000211103301112110033032122232200330000000000330000000003300000033000033000000033000000
00000000000000000000000001110000001121110330011003301112110330022223222003300000000003300000000003300000033000033000000330000000
00000000000000000000000000000000001121110333000033300000100330333233230033000000000033000000000003330000333000033000000330000000
00000000000000000000000000000000001111110033333333000330003300223333200330000000000330000000033000333333330000033000003300000000
00000000000000000000000000000000010111100000333330010330033301222223203300000000003300000000033000033333300000033000033300000000
00000000000000000000000000000000111111111110000000110000000002222233200000000000000000000000000000000000000000000000000000000000
00000000000000000000000000000000111110111111110111111111111111223233211211000000000000000000000000000000000000000000000000000000
00000000000000000000000000000000111100111111111100000001111111222233212221000000000000000000000000000000000000000000000000000000
00000000000000000000000000000000011001111111011100000011111222321122221110000000000000000000000000000000000000000000000000000000
00000000000000000000000000000000001101111110012110011111111122221111221100000000000000000000000000000000000000000000000000000000
00000000000000000000000000000000001100000111111110111111111111121122222100000000000000000000000000000000000000000000000000000000
00000000000000000000000000000000000000000111100110011011111011112222122100000000000000000000000000000000000000000000000000000000
00000000000000000000000000000000000010000110111110010011000011122221111000000000000000000000000000000000000000000000000000000000
00000000000000000000000000000000000111000010111110110011000011111232111100000000000000000000000000000000000000000000000000000000
00000000000000000000000000000000000010000000111110110011110111111122212110000000000000000000000000000000000000000000000000000000
00000000000000000000000000000000000000000000110110000011100110001122211110000000000000000000000000000000000000000000000000000000
00000000000000000000000000000000000000001001110000000011100011001232222100000000000000000000000000000000000000000000000000000000
00000000000000000000000000000000000000000001100000000000011111112333322100000000000000000000000000000000000000000000000000000000
00000000000000000000000000000000000000000000000000011110011111122333322100000000000000000000000000000000000000000000000000000000
00000000000000000000000000000000000000111000100000011221121112232233221000000000000000000000000000000000000000000000000000000000
