00000000000000000000000000000000000000000000000000000000000000013233200000000000000000000000001111111210000000000000000000000000
00000000000000000000000000000000000000000000000000000000000000013332200000000000000000000000001111111211000000000000000000000000
00000000000000000000000000000000000000000000000000000000000000112333210000000000000000000000001111112221000000000000000000000000
00000000000000000000000000000000000000011100000000000000000011111233211000000000000000000000001111112221000000000000000000000000
00000000000000000000000000000000000000111111000000000000111122211233221000000000000000000000001111112221000000000000000000000000
00000000000000000000000000000000000001111121100000000001111123312333221100000000000000000000000111112210000000000000000000000000
00000000000000000000000000000000000001111122100000000001112123323333332100000000000000000000000111112110000000000000000000000000
00000000000000000000000000000000000001111112210000001101112123333333332200000000000000000000000011122100000000000000000000000000
00000000000000000000000000000000000001111111210000111111001222233333321210000000000000000000000000111000000000000000000000000000
00000000000000000000000000000000000001111111221001111111111232333222321211000000000000000000000000000000000000000000000000000000
00000000000000000000000000000000000000121111232101111111122222323122332121000000000000000000000000000000000000000000000000000000
00000000000000000000000000000000000000111122232100011111121223323232332232000000000000000000000000000000000000000000000000000000
00000000000000000000000000000000000000011222223210011112221122222233322332000000000000000000000000000000000000000000000000000000
00000000000000000000000000000000000000011122222111111123221112321122311331000000000000000000000000000000000000000000000000000000
00000000000000000000000000000000000000001122221111111122222112212222211221000000000000000000000000000000000000000000000000000000
00000000000000000000000000000000000000000112210111212122222222123223211112100000000000000000000000000000000000000000000000000000
00000000000000000000000000000000000000000011110111212222222221222333211112221000000000000000000000000000000000000000000000000000
00000000000000000000000000000000000000000000000111111222223321222333222112222000000000000000000000000000000000000000000000000000
00000000000000000000000000000000000000000000000111111221222121222322222212222000000000000000000000000000000000000000000000000000
00000000000000000000000000000000000000000000001111221211221121222221212222111000000000000000000000000000000000000000000000000000
00000000000000000000000000000000000000000000001111221121212121221121212222112100000000000000000000000000000000000000000000000000
00000000000000000000000000000000000000000000001111222111122121121211222222112210000000000000000000000000000000000000000000000000
00000000000000000000000000000000000000000000001111222100122122122222222222222210000000000000000000000000000000000000000000000000
00000000000000000000000000000000000000000000000122232110122112122322222223222110000000000000000000000000000000000000000000000000
00000000000000000000000000000000000000000000000122232211132212223222221222122110000000000000000000000000000000000000000000000000
00000000000000000000000000000000000000000000001222122222232212222111122222111121000000000000000000000000000000000000000000000000
00000000000000000000000000000000000000000000000122122211211211121221221222122222100000000000000000000000000000000000000000000000
00000000000000000000000000000000000000000000000132221101212212112222222222223222000000000000000000000000000000000000000000000000
00000000000000000000000000000000000000000000000233221111112222122122211221122111000000000000000000000000000000000000000000000000
00000000000000000000000000000000000000000000000121111111222212112112111121122100000000000000000000000000000000000000000000000000
00000000000000000000000000000000000000000000000000000112222212112101111121132000000000000000000000000000000000000000000000000000
00000000000000000000000000000000000000000000000000000001222111111111101111232100000000000000000000000000000000000000000000000000
