00000000000000000000000000000000000000000000000000000000000000000000000000000000000000000000000000000000000000000000000000000000
00000000000000000000000000000000000000000000000000000000000000000000000000000000000000000000000000000000000000000000000000000000
00000000000000000000000000000000000000000000000000000000000000000000000000000000000000000000000000000000000000000000000000000000
00000000000000000000000000000000000000000000000000000000000000000000000000000000000000000000000000000000000000000000000000000000
00000000000000000000000000000000003330000333333033333330330003300033330000333300033333003300033000000000000000000000000000000000
00000000000000000000000000000000033333000333333033333330333003300333333000333300333333303330033000000000000000000000000000000000
00000000000000000000000000000000333033300003300033000000333303303300033000033000330003303333033000000000000000000000000000000000
00000000000000000000000000000000330003300003300033333000333333303300000000033000330003303333333000000000000000000000000000000000
00000000000000000000000000000000333333300003300033000000330333303330033000033000330003303303333000000000000000000000000000000000
00000000000000000000000000000000330003300003300033333330330033300333333000333300333333303300333000000000000000000000000000000000
00000000000000000000000000000000330003300003300033333330330003300033330000333300033333003300033000000000000000000000000000000000
00000000000000000000000000000000000000000000000000000000000000000000000000000000000000000000000000000000000000000000000000000000
00000000000000000000000000000000000000000000000000000000000000000000000000000000000000000000000000000000000000000000000000000000
00000000000000000000000000000000000000000000000000000000000000000000000000000000000000000000000000000000000000000000000000000000
00000000000000000000000000000000000000000000000000000000000000000000000000000000000000000000000000000000000000000000000000000000
00000000000000000000000000000000000000000000000000000000000000000000000000000000000000000000000000000000000000000000000000000000
00000000000000000000000033333000033333000333330000000000333333300033300033000000033333300033300003333300000000000000000000000000
00000000000000000000000033333300333333303333333000000000333333300333330033000000033333300333330033333330000000000000000000000000
00000000000000000000000033003330330003303330000000000000330000003330333033000000000330003330333033300000000000000000000000000000
00000000000000000000000033000330330003300333330000000000333330003300033033000000000330003300033003333300000000000000000000000000
00000000000000000000000033003330330003300000333000000000333330003333333033000000000330003333333000003330000000000000000000000000
00000000000000000000000033333300333333303333333000000000330000003300033033333300000330003300033033333330000000000000000000000000
00000000000000000000000033333000033333000333330000000000330000003300033033333300000330003300033003333300000000000000000000000000
00000000000000000000000000000000000000000000000000000000000000000000000000000000000000000000000000000000000000000000000000000000
00000000000000000000000000000000000000000000000000000000000000000000000000000000000000000000000000000000000000000000000000000000
00000000000000000000000000000000000000000000000000000000000000000000000000000000000000000000000000000000000000000000000000000000
00000000000000000000000000000000000000000000000000000000000000000000000000000000000000000000000000000000000000000000000000000000
00000000000000000000000000000000000000000000000000000000000000000000000000000000000000000000000000000000000000000000000000000000
00000000000000000000000000000000000000000000000000000000000000000000000000000000000000000000000000000000000000000000000000000000
00000000000000000000000000000000000000000000000000000000000000000000000000000000000000000000000000000000000000000000000000000000
00000000000000000000000000000000000000000000000000000000000000000000000000000000000000000000000000000000000000000000000000000000
00000000000000000000000000000000000000000000000000000000000000000000000000000000000000000000000000000000000000000000000000000000
