00000000000000000000000000000000000000000000000000000000000000000000000000000000000000000000000000000000100000000000000000000000
00000000000000000000000000000000000000001000000000000000000033000000333300000000333300000000000033330000000033330000000033330000
00000000000000000000000000000000000000000000000000000000100330000003333330000003333330000000000333333000000333333000000333333000
00000000000000000000000000000000000000000000000000000000003300000033000033000033000033000001003300003300003300003300003300003300
00000000000000000000000000000100000000000000000000000000033000000330000003300330000003300000033000000330033000000330033001100330
00000000000000000000000000000000000000000000000100000000330000000330000003300330000003300000033000000330033000000330033001000330
00000000000000000000000000000000000000000000000000000003333300000330000003300330000103300000033000000330033000000330033000000330
00000000000000010000000000000000000001000000000000000033333330000330000003300330000003300000033000000330033000000330033000000330
00000000000000000000000000000000000000000000000000000033300333000330000003300330000003300000033000000330033000000330033000000330
00000000000000000000000000000000000000000000000000000333000033300330000003300330000003300000033000000330033000000330033000000330
00000000000000000000000000000000000000000000000000000330000003300330000003300330000003300000033000010330033000000330033000000330
00000000000000000000000000000000000000000000000000000330000003300330000003300330100003300000033000000330033000000330033000000330
00000000000000000000000000000100000000000000000000000330001003300330100003300330000003300000033000000330033000000330033000000330
10000000000000000000000000000000000000000000010000000333000033300330001003300330000003300010033000000330033000000330033000000330
00000000000000000000000000000000000000000000000000000033300333000033000033000033000033000000003300003300003300003300003300003300
00000000000000000000000000000000000000000000000000000003333330000003333330000003333330000330000333333000000333333000000333333000
00000000000000000000000000000000000000000000000000000000333300000000333300000000333300000330000033330000000033330000000033330000
00000000000000010000000000000000000000000010000000000000000000000010000000100000000000000000000000000000000000000000000000000000
00000000000000000000000000000000000000000000000000100000001000000000001000000000000000000000000000000000000000000000000000000000
00000000000000000000000000000000000000000000000000000000000000100000100000000000000000000000000000000000000000000000000000000000
00000000000000000000000000100000000000000000000000000000000000000001000000100000000000000000000000000000000000000000000000000000
00000000000000000000000000000000010000000000000000000000000000000000000001000001000000000000000000000000000000000000000000000000
00000000000000000000000000000000000000000000000000000000100000100000001000000000000000000000000000000000000000000000000000000000
00000000000000000000000000000000000000000000000000010000000000000000000000000000000000000000000000000000000000000000000000001000
00010000000000000000000000000000000000000000000000000000000000000000000000000000000000000000000000000000000000000000000000011100
00111000000033300300000330030003033330333000000000003000000000000000000000000000003330003300300003000000000030000000000000001000
00010000000030030300003003003030030000300300000000033000000000000010000000000000003003030030300003000000000330000000000000000000
00000000000030030300003003000300030000300300000000003000000000000000000000000000003330030030300003000000000030000000000000000000
00000000000033300300003333000300033300333000000000003000000000100000000000100000003003033330300003000000000030000000000000000000
00000000000030000300003003000300030000303000000100003000000000000000000001110000003003030030300003000000000030000000000000000000
00000000000030000333303003000300033330300300000000003000000000000000000000100000003330030030333303333000000030000000000000000000
00000000000000000000000000000000000000000000000000000000000000000000000000000000000000000000000000000000000000000000000000000000
