00000000000000000000000000000000000000000000000000000000000100000000000000010000000000000000000000000000000000000000000000000000
00000000000000000000000000000000000000000001000033333000000000003333300000000000300000033000000000033000010033333000000033330000
00000000000100000000010000000000000000000000000333333300000000033333330000000003300000333000000000333000000333333300000333333000
00000000000000000000000000000000000001000000003330003330000000333000333000000003300003333000000003333000003330003330003300003300
00000100000000000000000000000000000000000000003300000330000000330000033000000033300000033000000000033000003300000330033000000330
00000000000000000000000000000000000000000000000000000330001000330000033000000033300000033000000000033000003300000330033000000330
00000000000000000000000000000000000000000000000000000330000000000000033010000333300000033000000000033000000000000330033000000330
00000000000000000000000000000000000000001000000000003300000000000000033000003303300000033000000000033000000000000330033010000330
00000000000001000000000000000000000000000000000000333300000000000000330000003303300000033000000000033000000010003300033000000330
00000000000000000000000000000001000000000000001000333300100000000000330000033003300000033000000000033000000000003300033000000330
00000100000000000000000000000000000000000000000000003330000010000003300000333003300000033000000000033000000000033000033000000330
00000000000000000000000000000000000000000000000000000330000000000033000003330003300001033000000000033000000000330000033000000330
00000000000000000000000000000000000000001000000000000330010000000330000003333333333000033000000000033000000003300000033000000330
00000000000000000000010000000000000000000000033000000330000001003300000003333333333000033000000000033000000033000000033000000330
00000000000000000000000000000000000000000000033300003330000000033000000000000003300000033000000000033000000330000000003300003300
00000000000000000000000000000001000000000000003333333300033000333333333000000003300000033000033000033000003333333330000333333000
00000000000000010000000000000000000000000000000033333000033003333333333000000003300000033000033000033000033333333330000033330000
00000000001000000000000000000000000000100000000000000000000000000000000000000000000000000000000000000000000000000000000000000000
00000000000000000000000000000000000000000001000000000000000000100000010000000000000000000000000000000000000000000000000000100000
00000000000000000000000000000000000000000000000000000010001000000001000000000000000000000000000000000000000000000000000000000000
00000000000000000000000100000000000000000000000000000000000000000000000000000010000100000000000000000100000000000000000000000000
00100000000000000000000000000000000000000000000100000000000000001000000000010000000000000000000000000000000000000000000000000000
00000000000000000000000000000000000000000000000000000000000000000000000000000000000000000000000000000000000000000000000000000000
00000000000000000000000000000000010000000000000000001000000000000000010000000000000000000010000000000000000000000000000000000000
00000000000000000000000000000000000000000000000000000000000000000000000000000000000000000000000000000000000000000000000000000000
00000000000000330300300330003300333000330033300000003000000000000100000001000000000333000330030000033000000030000000000000000000
00000000000000030300303003030030300303003030030000033000001000100000000000000000000300303003030000300300000330000000000000000000
00000000000000030300303000030030300303003030030010003000000000000000000000000000000333003003030000300300000030000000000000000000
00000010000000030300303033033330300303003033330000003000000000000000001000000000000300303003030000333300000030000000000000000000
00000111000030030300303003030030300303003030300000003000000000000000000000000010000300303003030000300300000030000000000000000000
10000010000003300033000330030030333000330030030000003001000010000001000000000000000333000330033330300300000030000000100000000001
00000000000000000000000000000000000000000000000000000000000000000000000000000000000000000000000000000000000000000000000000000000
