00000000000000000000000000000000000000000000000000000000000000000000000000000000000000000000000000000000000000000000000000000000
00000000000333330000300000000000000000000000000000000000000000000000000000000000033300000000000000000000000003333333000000000000
00000000033001113300301000000000000000000000000000000000000000000000000000000000333331000000000000000000000000033333110000000000
00000000330110000333301000000000000000000000000000000000000000000000000000000000333331100000000000000000000000033333110000000000
00000000331100000033311000000000000000000000000000000000000000000000000000000000333331100000000000000000000000033333110000000000
00000003331100000003311000000000000000000000000000000000000000000000000000000000033311100000000000000000000000033333110000000000
00000003333100000000311000000000000000000000000000000000000000000000000000000000000111000000000000000000000000033333110000000000
00000003333310000000301000000000000000000000000000000000000000000000000000000000000000000000000000000000000000033333110000000000
00000003333333000000001003333333033333000000000003333300000000000003333330000033333330000000003333330000000000033333110000000000
00000000333333330000000000033333333333310000000033311333000000000333013333100000333331100000330013333300000000033333110000000000
00000000333333333300000000033333311333331000000333311033310000003331110333310000333331100003331100333331000000033333110000000000
00000000033333333333000000033333111033331100003333111033311000033331100333311000333331100033331100333331100000033333110000000000
00000000003333333333310000033333110033333100003333110033331000033331100333111000333331100033331100333331100000033333110000000000
00000000000033333333311000033333110033333110033333110033331100333331100001110000333331100003331100333331100000033333110000000000
00000000000000333333331000033333110033333110033333333333331100333331100000000000333331100000011133333331100000033333110000000000
00000003000000003333331100033333110033333110033333111111111100333331100000000000333331100000003300333331122222210000113333333333
33333330313333333300001133300000113300000113300000113333333333000001133333333333000001133333000311000001133333300000113333333333
33333330013333333330001133300000113300000113300000113333333333000000133333333333000001133330000113000001133333300000113333333333
33333330011333333330001133300000113300000113300000013333333333000000113333333333000001133300000113000001133333300000113333333333
33333330001333333330011133300000113300001113330000011333303333300000013333033333000001133300000113000001133333300000113333333333
33333330000133333300311333300000113300001133330000001333033133330000001330331333000001133300000110000001133333300000113333333333
33333330011003333003113333300000013000011133333000000000331333333000000003313333000001133300000003000000033333300000113333333333
33333330311330000031133333300000100000111333333330000011113333333300000111133300000000033330000111100001111330000000003333333333
33333333313333311111333333300000113111113333333333311111333333333333111113333333111111111333311113333111133333311111111133333333
33333333333333333333333333300000113333333333333333333333333333333333333333333333333333333333333333333333333333333333333333333333
33333333333333333333333333300000113333333333333333333333333333333333333333333333333333333333333333333333333333333333333333333333
33333333333333333333333333300000113333333333333333333333333333333333333333333333333333333333333333333333333333333333333333333333
33333333333333333333333333300000113333333333333333333333333333333333333333333333333333333333333333333333333333333333333333333333
33333333333333333333333333300000113333333333333333333333333333333333333333333333333333333333333333333333333333333333333333333333
33333333333333333333333330000000003333333333333333333333333333333333333333333333333333333333333333333333333333333333333333333333
33333333333333333333333333311111111133333333333333333333333333333333333333333333333333333333333333333333333333333333333333333333
33333333333333333333333333333333333333333333333333333333333333333333333333333333333333333333333333333333333333333333333333333333
