11123200000000000000000000000000000000000000000000000000000000000000000000000000000000000000011111111000000000000000000000000000
11223210000000000000000000000000000000000000000000000000000000001110000000000000000000000000111111121000000000000000000000000000
11233200000000000000000000000000000000000000000000000000000000012320000000000000000000000000111111221100000000000000000000000000
11122100000000000000000000000000000000000000000000000000000000122320000000000000000000000000111111222100000000000000000000000000
12122000000000000000000000000000000000000011000000000000000001233221100000000000000000000000111111222100000000000000000000000000
12121000000000000000000000000000000000001111100000000000001111233332210000000000000000000000111111221100000000000000000000000000
12232000000000000000000000000000000000001111111000000000001101222332111000000000000000000000111112221000000000000000000000000000
11232100000000000000000000000000000000011111221100000011111111112323221000000000000000000000012122210000000000000000000000000000
21232100000000000000000000000000000000011111222100000011111111212333321100000000000000000000011122100000000000000000000000000000
21121000000000000000000000000000000000011111122110001111111112113333222100000000000000000000000111000000000000000000000000000000
11000000000000000000000000000000000000001111112210011111111223123333221210000000000000000000000000000000000000000000000000000000
00000000000000000000000000000000000000001111112321111111112233233323321210000000000000000000000000000000000000000000000000000000
00000000000000000000000000000000000000000111222332111111121233333222322320000000000000000000000000000000000000000000000000000000
00000000000000000000000000000000000000000111222222101111111222332122213320000000000000000000000000000000000000000000000000000000
00000000000000000000000000000000000000000011222211111111111222332222212220000000000000000000000000000000000000000000000000000000
00000000000000000000000000000000000000000001122211111111111223232233211111110000000000000000000000000000000000000000000000000000
00000000000000000000000000000000000000000000111100001111122233221223200112221000000000000000000000000000000000000000000000000000
00000000000000000000000000000000000000000000001010011112221222321222111112221000000000000000000000000000000000000000000000000000
00000000000000000000000000000000000000000000000010111112221112212233211112221000000000000000000000000000000000000000000000000000
00000000000000000000000000000000000000000000000011111112222212223333222222211000000000000000000000000000000000000000000000000000
00000000000000000000000000000000000000000000000011111212222222222332222222112100000000000000000000000000000000000000000000000000
00000000000000000000000000000000000000000000000011121222222322222331212222112200000000000000000000000000000000000000000000000000
00000000000000000000000000000000000000000000000011111122122122222221222222122210000000000000000000000000000000000000000000000000
00000000000000000000000000000000000000000000000011112222122122122121222223222111000000000000000000000000000000000000000000000000
00000000000000000000000000000000000000000000000011113221122222122222222222222121100000000000000000000000000000000000000000000000
00000000000000000000000000000000000000000000000011013221112222212233222122111222100000000000000000000000000000000000000000000000
00000000000000000000000000000000000000000000000011112321112321221221122222222222000000000000000000000000000000000000000000000000
00000000000000000000000000000000000000000000000001223322223322222212122222222211000000000000000000000000000000000000000000000000
00000000000000000000000000000000000000000000000001222223222222121222222122112100000000000000000000000000000000000000000000000000
00000000000000000000000000000000000000000000000001222222112122121221121122113200000000000000000000000000000000000000000000000000
00000000000000000000000000000000000000000000000001232221112122122121111112122100000000000000000000000000000000000000000000000000
00000000000000000000000000000000000000000000000000221111112211111111011112122100000000000000000000000000000000000000000000000000
