00000000000000000000000000000000000000000000000000000000000000000000000000000000000000000000000000000000000000000000000000000000
00000000000000000000000000000000000000000000300000000000000033000003333330000000333333000000000000003000000033333000000033333300
00000000000000000000000000000000000000000003300000000000000330000033333333000003333333000000000000033000000333333300000333333300
00000000000000000000000000000000000000000003300000000000003300000033000033000003300000000000000000033000003330003330000330000000
00000000000000000000000000000000000000000033300000000000033000000330000003300003300000000000000000333000003300000330000330000000
00000000000000000000000000000000000000000033300000000000330000000330000003300003300000000000000000333000003300000330000330000000
00003333000000333333000033033003333300000333303300033003333300330333000033300033333330333000333003333033300003330330303333333000
00003333000000333333000033333003333330003303303300033033333330030033333333000033333330033300333033033033333003300330303333333000
00003111100000311111100331131103111110003303301110030033300333001003333330011033000033001130310033033011111303103300103300003300
00003111100000311111100331111103111110033003301110030333000033300033333333001000000003301110300330033011111103003301100001100330
00003111100000311111100311111103111100333003301110030330011003300333300333301000000003301111003330033011111110033001111111100330
00000111100000011111100311111100111103330003300010000330011103300333000033301000000003301111033300033000111100330031111111100330
00000111100000011111100311111100111103333333333010000330011003300330001003301000000003301111033333333330111003300131100011100330
00000311000000331111000311001100311003333333333000000333000033300330003003300030000033000311033333333330100033001001003001003300
00000311000000331011000311331100311300000003300000000033300333000333000033300333000333000000000000033000100330000000033300033300
00000311000000311331000311333300311301000003303103303003333330010033333333000033333330000330031130033031003333333330003333333000
00000311033000311331100311011110311111000003303103303100333300110003333330000003333300100330031111033031033333333330000333330000
00000311033000311111100311011110311110000000001100003110000003110100000000130000000001100000031111000031000000000000030000000000
00000311031103311111100311031100311031000331111110003110111103110311003110330000000031100311031103100031100310311000031100000000
00003311331133310033130311331103311031303331003313033110111103113311033113311000000031133311331103130331133313311000331100000000
00003311331133110033110311331103311031303311003311033110311103113311033113311000000031133311331103130331133313311000331100000000
00003111111131111031111311111103111131113111103111131111011103111111031111111000000031111111311113111311111113111100311110000000
00003111111131111031111011111103111131113111103111131111011100111111031111111000000001111111311113111311111113111100311110000000
00003111111131111031111011111103111131113111103111131111031100111111031111111000000001111111311113111311111113111100311110000000
00000111111000000000000000000000000000000011100111100011001100011111001111111000000000000000000000011011111000111100011110000000
00000111111033300300000330030003033330333001100111003011001100011111001111111000003330003300300003011011110030111100011110000000
00000000000030030300003003003030030000300300000000033000000000000000000000000000003003030030300003000000000330000000000000000000
00000000000030030300003003000300030000300300000000003000000000000000000000000000003330030030300003000000000030000000000000000000
00000000000033300300003333000300033300333000000000003000000000000000000000000000003003033330300003000000000030000000000000000000
00000000000030000300003003000300030000303000000000003000000000000000000000000000003003030030300003000000000030000000000000000000
00000000000030000333303003000300033330300300000000003000000000000000000000000000003330030030333303333000000030000000000000000000
00000000000000000000000000000000000000000000000000000000000000000000000000000000000000000000000000000000000000000000000000000000
