00000000000000000000000000000000000000000000000000000000000000000000000000000333000000000000000000000000000000000000000000000000
00000000000000000000000000000000000000000000000033000000000000003300000033330033033333333330200003333333333000003333330000033000
00000000000000000000000000000000000000000000000330000000000000033000000333333003033333333330330003333333333000033333330000333000
00000000000000000000000000000000000000000000003300000000000000330000003300003300000000003300333100000000330000033000000003333000
00000000000000000000000000000000000000000000033000000000000003300000033003300330333333003303333310000000330000033000000000033000
00000000000000000000000000000000000000122100330000000000000033000000033033330330333333033003333320000003300000033000000000033000
00000000000000000000000000000000000001333003333300000000000333330000033033330330311120033033333332000003300000333333300000033000
00000000000000000000000000000000000013333033333330000000003333333002033033330330300000330011122333100033000000333333300000033000
00000000000000000000000000000000000023330033300333000000003330033300033033330330211100330000000212200033000000330000330000033000
00000000000000000000000000000000000023320333000033300000033300003330033033330330333203300222211000000330000000000000033000033000
00000000000000000000000000000000000022220330000003300000033000000330033033330330333003303333333222200330000000000000033000033000
00000000000000000000000000000000000022220330200003300000033011220330033033330330333033002333333333303300000000000000033000033000
00000000000000000000000000000000000012110330000003300111033001300330033033330330330033022333333333003300000000000000033000033000
00000000000000000000000000000000000001110333000033302233033300003330033003300330330330032233333333033000000000300000330000033000
00000000000000000000000000000000000000010033300333000000003330033300003300003300300330222233000030033000000003330003330000033000
00000000000000000000000000001122211111011003333330010330200333333003300333333003003300222222033000330000000000333333300000033000
00000000000000000000000000002323333311110100333300120330230033330022330033330023033303222223033003330000000000033333000000033000
00000000000000000000000000113213333321211220000002220000122000000223333000000222000002222222000000000000000000000000000000000000
00000000000000000000000001232023332221112111111111110000011001333222332222233222223322222222332133331000000000000000000000000000
00000000000000000000000001221022222211111000010000110000011001333222332233333322223222222233333213331000000000000000000000000000
00000000000000000000000000221012222100100000000000100000111011232222322233332332222222222233333313330000000000000000000000000000
00000000000000000000000000221001121100110000111111111111211111222222222223322232222222222233333312320000000000000000000000000000
00000000000000000000000000111000111100111111111112121112222221222222222223332222222222222233333212310000000000000000000000000000
00000000000000000000000000011000011100111212222222222222223222222222222223322332222222222333333213300000000000000000000000000000
00000000000000000000000000000000000000000011111111100022122222222222222223222322200000000000000000000000000000000000000000000000
00000000000033300300000330030003033330333000000000003000000000001222222222232222203330003300300003000000000030000000000000000000
00000000000030030300003003003030030000300300000000033000000000000122222222222222203003030030300003000000000330000000000000000000
00000000000030030300003003000300030000300300000000003000000000000012222222222222203330030030300003000000000030000000000000000000
00000000000033300300003333000300033300333000000000003000000000000001122222222222203003033330300003000000000030000000000000000000
00000000000030000300003003000300030000303000000000003000000000000000012222222222203003030030300003000000000030000000000000000000
00000000000030000333303003000300033330300300000000003000000000000000001222222222203330030030333303333000000030000000000000000000
00000000000000000000000000000000000000000000000000000000000000000000000122222122200000000000000000000000000000000000000000000000
