00000000000000000000000000000000000000000000000000000000000000000000000000000000000000000000000000000000000000000000000000000000
00000000000000000000000000000000000000000000000000000000000000000000000000000000000000000000000000000000000000000000000000000000
00000000000000000000000000000000000000000000000000000000000000000000000000000000000000000000000000000000000000000000000000000000
00000000000000000000000000000000000000000000000000000000000000000000000000000000000000000000000000000000000000000000000000000000
00000000000000000000000000000000000000000000000000003333000300000000333330000000000000000000000000000000000000000000000000000000
00000000000000333333333330000033333333333330000000333111333310000003311133300000033333333330000003333333333300000000000000000000
00000000000000133331113333000001333311111331000003331100133310000333110013330000013333111333300000133331113333000000000000000000
00000000000000033331000333300000333310000131000033310000003310003331100003333000003333100033330000033331000333000000000000000000
00000000000000033331000333310000333310000031000333310000003310003331000000333000003333100033330000033330000033300000000000000000
00000000000000033331000333310000333310000001000333110000000310033331000000333300003333100033331000033330000033330000000000000000
00000000000000033331000333310000333310030000003333100000000310033331000000333300003333100033331000033330000033331000000000000000
00000000000000033331000333310000333310031000003333100000000010033331000000333310003333100033331000033330000033331000000000000000
00000000000000033331000333310000333310031000003333100000000000333331000000333330003333100033331000033330000033333000000000000000
00000000000000033331000333110000333310331000003333100000000000333330000000333330003333100333311000033330000033333000000000000000
00000000000000033333333331100000333333331000003333100000000000333310000000033331003333333333110000033330000033333100000000000000
00000000000000033331333311000000333311331000003333100000000000333310000000033331003333133331100000033330000033333100000000000000
00000000000000033331333330000000333310131000003333100000000000333330000000033331003333133331000000033330000033333100000000000000
00000000000000033331033330000000333310031000003333100000000000333330000000033311003333103333000000033330000033333100000000000000
00000000000000033331033333000000333310031000003333100000000000033330000000333310003333103333100000033330000033331000000000000000
00000000000000033331003333000000333310001003003333100000000000033331000000333310003333100333300000033330000033331000000000000000
00000000000000033331003333300000333310001003100333300000000300033331000000333110003333100333310000033330000033331000000000000000
00000000000000033331000333310000333310000033100333310000000310003331000000333100003333100033330000033330000333311000000000000000
00000000000000033331000333330000333310000333100033330000033110000333000003331100003333100033333000033330000333110000000000000000
00000000000000033333000033331000333310033333100003333300331100000033300033311000003333100003333000333330033331100000000000000000
00000000000003333333300033333033333333333333100000133333311000000003333333110000333333330003333303333333333111000000000000000000
00000000000000111111110001111001111111111111000000001111110000000000111111100000011111111000111100111111111100000000000000000000
00000000000000000000000000000000000000000000000000000000000000000000000000000000000000000000000000000000000000000000000000000000
00000000000000000000000000000000000000000000000000000000000000000000000000000000000000000000000000000000000000000000000000000000
00000000000000000000000000000000000000000000000000000000000000000000000000000000000000000000000000000000000000000000000000000000
00000000000000000000000000000000000000000000000000000000000000000000000000000000000000000000000000000000000000000000000000000000
00000000000000000000000000000000000000000000000000000000000000000000000000000000000000000000000000000000000000000000000000000000
00000000000000000000000000000000000000000000000000000000000000000000000000000000000000000000000000000000000000000000000000000000
