00000100000000000000000000000000000000000000000000000000000000000000000000000000000000000000000000000000000000000000000000000000
00001110000000000100000001000000000000003333300000000000333333010000000030000000333300000000000333333000000033330000033333333330
00000100000000000000000000000000001000033333330000000103333333000000000330000003333330000000003333333300000333333000033333333330
00000000000000000000000000000000000000333000333000000003300000000000000330000033300333000000003300003300003300003300000000003300
00000000000000000000000000000000000000330000033000000003300000000000003330000330000003300000033000000330033000000330001000003300
00000000000000000000000000000000000000000000033000000003300000000000003330000330000003300000033000000330033000000330000000033000
00000000000000000000000000000000000000000000033000000033333330000000033330000330001003300000033300003330033000000330000000033000
00000000100000000000000000000000000000000000330000010033333330001000330330000330000003300000003333333300033000000330000000330000
00000000000000000000000000000000000000000033330000000033000033000000330330000333000033300000000333333000033000000330000000330000
00000000000000000000000000001000000000000033330000000000000003300003300330000033333333000000003333333300033000000330000003300000
00000000000000000000000000000000000000000000333000000000000003300033300330000003333333000000033330033330033000000330000003300000
00000000000000000000000000000000000000000000033000000000000003300333000330000000003330000000033300003330033000000330000033000000
00000000000000000000000000000000000000000000033000000000001003300333333333300000003300000000033000000330033000000330000033000000
00000000000000000100000000000000000003300000033000000030000033000333333333300000033000000000033000000330033000000330000330000000
00000000000000000000000000000000000003330000333000000333000333000000000330000000330000000000033300003330003300003300000330000000
00000000000000000000000000000000000000333333330003300033333330000000000330001003300000000330003333333300000333333000003300000000
00000000000000000000000000001000000000003333300103300003333300000000000330000033000000000330000333333000000033330000033300000000
00000000001000000000000000000000000010000000000000000000000000000100010000000000000000000000000000000000000000000000000000000000
00000100000000000000000000000000000000000100000000000000000000100000000000100000000000000000000000000000000000000000000000000000
00000000000000000000000000000000000000000000000000000000000000000000000000000000000000000000000000000000000000000000000000000000
00000000000000000000000000000000000000000000000000000100010000000001000000000000000000000000000000000000000000000000000000000000
00000000000000000001000000000000000000000000000000000000000000000000000000000000100000000000000000000000000000000000000000000000
00000000000000000000000000000000000000000000001000000000000000000100000000000000000000000000000000000000000000000000000000000000
00000000000000000000000000000000000000000000000000000000000000000000000000000000000000000000000000000000000000000000000000000000
00000000000000000000000000000000000000000000000000000001000000100000000000000000000000000000000000000000000000000000000000000000
00000000000033300300000330030003033330333000000000003000000000000000001000000000003330003300300003000000000030000000000000001000
00000000000030030300003003003030030000300300000000033000000000000010000000000000003003030030300003000000000330000000000000000000
00000000000030030300003003000300030000300300000000003000000000100000000000000000003330030030300003000000000030000000000000000000
00000000001033300300003333000300033300333000000000003000010000000000000000000000003003033330300003000000000030000000000000000000
00000000000030000300003003000300030000303000001000003000000000000000000000000000003003030030300003000010000030000000000000000000
10000000000030000333303003000300033330300300000000003000000000000000000100000000003330030030333303333011000030000010000000000000
00000000000000000000000000000000000000000000000000000000000000000000100000000000100000000000000000000010000000000000000000100000
