00000011000000000000000000000000000000000000000000000000333333333333333322233333223333333333333333333000000000000000000000000000
00333000000000000300000003003330030000000300030003000000223333333333333332222333233333333333333333333100000000000000000000000000
00333000000000003030000030003000303000003030303030300000223333333333333333233333223333333333333333333200000000000000000000000000
00033011000000000030000030303300003000000030030030300000232333333333333333222322222233333333333333333300000000000000000000000000
00033022000000000300000033300030030000000300003030300000232333333333333333322222322233333333333333333310000000000000000000000000
11033023000000003000000000303030300000003000303030300000232333333333333333322222222233333333333333333320000000000000000000000000
12033023000000003330030000300300333003003330030003000000223333333333333333322323332333333333333333333320000000000000000000000000
13033033000000000000000000000000000000000000000000000000223233333333333333322222222223333333333333333330000000000000000000000000
13000033333333333333200000000000000000000001111223333222222233333333333333332222222223333333333333333330000000000000000000000000
13333333233333333333210000000000000000000001111123333222222223333333333333332322222223333333333333333331000000000000000000000000
13333233232222333333310000001000000000000001111122333222222323333333333333332222222232233333333333333331000000000000000000000000
13333333333323333333310000000000000000000001111122333322222223333333333333332222223333233333333333333332000000000000000000000000
12232333223333333333210000000000000000000001111122333322222223333333333333333222223333333333333333333332000000000000000000000000
01122222233333333333210000000000000000000000111112333322222223333333333333333222223333233333333333333332000000000000000000000000
12222222233333333333210000000000000000000000111112333332222223333333333333333222222232233333333333333332000000000000000000000000
13223322333333333322200000000000000000000000111111333322222223333333333333333222222233333333333333333332000000000000000000000000
13333332222221211111100000000000000000000000101111333332222222333333333333333222222223333333333333333332000000000000000000000000
13333321111110100110000011000000000000000000001112233332222223333333333333333222222223333333333333333332000000000000000000000000
12222221110011100110000000000000000000000000001112233332212223333333333333333222222222333333333333333332000000000000000000000000
12222110000000000000000000000000000000000000110112233332222223333333333333333222222222223333333333333331000000000000000000000000
12221100011101111111000000000000000000000000101111233332122222333333333333333222222223333333333333333331000000000000000000000000
12221100111000000000000000000000000000000000001111233332112222333333333333333222222223333333333333333331000000000000000000000000
12210000111111010000100000000000000000000000000111333332222223333333333333333222222223333333333333333331000000000000000000000000
12110001111111110011100000000000000000000000000012333322122222333333333333333222222223333333333333333320000000000000000000000000
11000001111000000000000000000000000000000000001011200032222122333333333333333222200000000000000000033320000000000000000000000000
00001111000033300300000330030003033330333000000012003022212222333333333333332222203330003300300003033310000330000000000000000000
01111110000030030300003003003030030000300300000112033022112223333333333333332222203003030030300003033310003003000000000000000000
00000000000030030300003003000300030000300300001012003021122223333333333333332222203330030030300003033200000030000000000000000000
01111111100033300300003333000300033300333000000112303021122223333333333333322222203003033330300003033200000003000000000000000000
12211111100030000300003003000300030000303000000012303021122223333333333333222222203003030030300003000000003003000000000000000000
13221111100030000333303003000300033330300300000012303021112223333333333333222222203330030030333303333000000330000000000000000000
13322211110000000000000000000000000000000000000112300021222223333333333332122222200000000000000000000000000000000000000000000000
