00000000000000000000000000000000000000000111110001111100110001101100011011111000000000000000000000000000000000000000000000000000
00000000000000000000000000000000000000001111111011111110110001101110011011111100000000000000000000000000000000000000000000000000
00000000000000000000000000000000000000001110000011000110110001101111011011001110000000000000000000000000000000000000000000000000
00000000000000000000000000000000000000000111110011000110110001101111111011000110000000000000000000000000000000000000000000000000
00000000000000000000000001111100000000000000111011000110111011101101111011001110000000000111110000000000000000000000000000000000
00000000000000000000000000000000000000001111111011111110111111101100111011111100000000000000000000000000000000000000000000000000
00000000000000000000000000000000000000000111110001111100011111001100011011111000000000000000000000000000000000000000000000000000
00000000000000000000000000000000000000000000000000000000000000000000000000000000000000000000000000000000000000000000000000000000
33000330033333003300000033000330330003303333333000000000000000000000000000000000000000000000000000000000000000000000000000000000
33000330333333303300000033000330333033303333333000000000000000000000000000000000000000000000000000000000000000000000000000000000
33000330330003303300000033000330333333303300000000000000000000000000000000000000000000000000000000000000000000000000000000000000
33303330330003303300000033000330333333303333300000000000000000000000000000000000000000000000000000000000000000000000000000000000
03333300330003303300000033303330330303303300000000000000000000000000000000000000000000000000000000000000000000000000000000000000
00333000333333303333330033333330330003303333333000000000000000000000000000000000000000000000000000000000000000000000000000000000
00030000033333003333330003333300330003303333333000000000000000000000000000000000000000000000000000000000000000000000000000000000
00000000000000000000000000000000000000000000000000000000000000000000000000000000000000000000000000000000000000000000000000000000
00111100110001100111110001111110011111001100011000000000110001101111111001111100011111000011100000111110111111100000000000000000
01111110110001101111111001111110111111101110111000000000111011101111111011111110111111100111110001111110111111100000000000000000
11000110110001101110000000011000110001101111111000000000111111101100000011100000111000001110111011100000110000000000000000000000
11000000110001100111110000011000110001101111111000000000111111101111100001111100011111001100011011001110111110000000000000000000
11100110111011100000111000011000110001101101011000000000110101101100000000001110000011101111111011100110110000000000000000000000
01111110111111101111111000011000111111101100011000000000110001101111111011111110111111101100011001111110111111100000000000000000
00111100011111000111110000011000011111001100011000000000110001101111111001111100011111001100011000111110111111100000000000000000
00000000000000000000000000000000000000000000000000000000000000000000000000000000000000000000000000000000000000000000000000000000
00000000000000000000000000000000000000000000000000000000000000000000000000000000000000000000000000000000000000000000000000000000
00000000000000000000000000000000000000000000000000000000000000000000000000000000000000000000000000000000000000000000000000000000
00000000000000000000000000000000000000000000000000000000000000000000000000000000000000000000000000000000000000000000000000000000
00000000000000000000000000000000000000000000000000000000000000000000000000000000000000000000000000000000000000000000000000000000
00000000000000000000000000000000000000000000000000000000000000000000000000000000000000000000000000000000000000000000000000000000
00000000000000000000000000000000000000000000000000000000000000000000000000000000000000000000000000000000000000000000000000000000
00000000000000000000000000000000000000000000000000000000000000000000000000000000000000000000000000000000000000000000000000000000
00000000000000000000000000000000000000000000000000000000000000000000000000000000000000000000000000000000000000000000000000000000
