00000000000000000000000000000000000000000000000000000000000000000000000000001000010000000000000000000000000000000000000000000000
00000000000000000000000000000000000000000001000000000000000000000000000000000000000000000000000000010000000000000000000033330001
00000000010000000000100000000000000000000000000000000000000000010000000000000000000000000000000000000000000000000000000333333000
00000000000000000000000000000000000010000000000000000100000000000000000000000000000000000000000000000000000000000000003300003300
00010000000000000000000000000000000000000000000000000000000000000000000000000000000000000100000000000000000000000010033000000330
00000000000000000000000000000000000000000000000100000000010000000000000000000000000000000000000000000000000000000000033000000330
00000000000000000000000000000000000000000000000000000000000000000000100000000000000000000000000000000000000000000000033000000330
00000000000000000000000000000000000000010000000000000000000000000000000000000000000000000000000000000100000000000000033000100330
00000000000000000000000000000000000000000000000000000000000000000000000000010000000000000000000000000000000001000000033000000330
00000000000000000000000000000010000000000000010000000000100000000000000000000000000000000000000000000000000000000000033000000330
00010000000000000000000000000000000000000000000000000000000000000000010000000000000000000000000000000000000000000000033000000330
00000000000000000000000000000000000000000000000000000000000000000000000000000000000000100000000000000000000000000000033000000330
00000000000000000000000000000000000000010000000000000000010000000000000001000000000000000000000000000000000000000000033000000330
00000000000000000000100000000000000000000000000000100000000001000101000000000000010000000000000000000000000000000000033000000330
00000000000000000000000000000000000000000000000000000000000000000000000000000000000000000000000000000000000000000000003300003300
00000000000000000000000000000010000000000000000000000000000000000000010000010000000000000000010000000000000010000000000333333000
00000000000000000000000000000000000000000000000010000000000100000000000000000000000000000000000000000000000000000000000033330000
00000000010000000000000000000000000000100000000000000000000000000100000000000000000000000000000000000000000000000000000000000100
00000000000000000000000000000000000000000001000000000000000000000000010001000000000000000000000000000000000000000000000000001110
00000000000000000000000000000000000000000000000000000010001000000001000000000000000000000000000000000000000000000000000000000100
00000000000000000000000000000000000000000000000000000000000000000000000000000001000010000000000000000010000000000000000000000000
00000000000000000000001000000000000000000000000100000000000000000000000000010000000000000000000000000000000000000000000000000000
00000000000000000000000000000000000000000000000000000000000000000000000000000000000000000000000000000000000000000000000000000000
00000000000000000000000000000000000000000010000000001001000000100000000000000000000000000001000000000000000000000000000000000000
00000000000000000000000000000000000000000000000000000000000000000000010000000000000000000000000000000000000000000000000100000000
00000000000000330300300330003300333000330033300000003000000000000100000000000000000333000330030000033000000030000000000000000000
00000000000000030300303003030030300303003030030000033000000000100000000000000000000300303003030000300300000330000000000000000000
00000000000000030300303000030030300303003030030000003000000000000000000000000000000333003003030000300300000030000000000000000000
00000000000000030300303033033330300303003033330100003000000000000000000000000000000300303003030000333300000030000000000000000000
00001000000030030300303003030030300303003030300000003000000000000000001000000000000300303003030000300300000030000000000000000000
00000000000003300033000330030030333000330030030000003000000000000001000000000000000333000330033330300300000030000000001000000000
00000000000000000000000000000000000000000000000000000000000010000000000000000000000000000000000000000000000000000000000000000000
