00000000000000000000000000000000000000000000000000000000000000000000000000000000000000000000000000000000000000000000000000000000
00000000000000000000000000000000000000000000300000000000000030010333333333300000000030000000000033333000000033330000000000003000
00000000000000000000000000000000000000000003300000000000000330330333333333300000000330000000000333333300000333333000000000033000
00000000000000000000000000000000000000000003300000000000000330330000000033000000000330000000003330003330003330033300000000033000
00000000000000000000000000000000000000000033300000000000103330333333330033000000003330000000003300000330033000000330000000333000
00000000000000000000000000000000000000000033300000000001003330333333330330010000003330000000003300000330033000000330000000333000
00000000000000000000000000000000000000000333300000000000033330333333300330332000033330000000000000000330033000000330000003333000
00000000000000000000000000000000000000003303300000000020330330333333303300333100330330000000000000000330033000000330000033033000
00000000000000000000000000000000012210003303300000000200330330311112003303333200330330000000000000003300033300003330000033033000
00000000000000000000000000000000133330033003300000000003300330300000033000121003300330000000000000003300003333333300000330033000
00000000000000000000000000000000233300333003300000000033300330322220033021100033300330000000000000033000000333333300003330033000
00000000000000000000000000000001332203330003300000000333000330003330330033320333000330000000000000330000000000333000033300033000
00000000000000000000000000000001222103333333333000120333333333303300330333330333333333300000000003300000000000330000033333333330
00000000000000000000000000000000221103333333333012230333333333303303300333330333333333300000000033000000000003300000033333333330
00000000000000000000000000000000111100000003300000000000000330003003303333330000000330000000000330000000000033000000000000033000
00000000000000000000000000000000000112211203302003302333320330330033003333333333000330000330003333333330000330000000000000033000
00000000000000000000000000000000000122101203302203302333220330330333033332333333000330000330033333333330003300000000000000033000
00000000000000000000000000122221110112112200002200002332230000230000033332233333000000000000000000000000000000000000000000000000
00000000000000000000000012223332111122111111110110322222333333233333333333313332000000000000000000000000000000000000000000000000
00000000000000000000000122123322111111000001000010222322333333323333223333322332000000000000000000000000000000000000000000000000
00000000000000000000000221122221010000000000000000222222333333323333233333322331000000000000000000000000000000000000000000000000
00000000000000000000000120012211010000000001001211122222333333323333233333322330000000000000000000000000000000000000000000000000
00000000000000000000000110001110011000111122112221122222333333323333233333322310000000000000000000000000000000000000000000000000
00000000000000000000000110000000011111211211122222212222233333323323333333323300000000000000000000000000000000000000000000000000
00000000000000000000000000000000000000000011111010100022223333332223323333223200000000000000000000000000000000000000000000000000
00000000000033300300000330030003033330333000000000003022232233332222323332233000003330003300300003000000000030000000000000000000
00000000000030030300003003003030030000300300000000033012222332222222233322332000003003030030300003000000000330000000000000000000
00000000000030030300003003000300030000300300000000003001222222222222233333330000003330030030300003000000000030000000000000000000
00000000000033300300003333000300033300333000000000003000122212222222223333210000003003033330300003000000000030000000000000000000
00000000000030000300003003000300030000303000000000003000012212222222222221000000003003030030300003000000000030000000000000000000
00000000000030000333303003000300033330300300000000003000001122222222222210000000003330030030333303333000000030000000000000000000
00000000000000000000000000000000000000000000000000000000000001122211110000000000000000000000000000000000000000000000000000000000
