10000023000000000000000000000000000000000000000000000000333333333333333333111112333322210000000000000000000000000122323333332100
10333022030033303330000003000300030000000300030003000000333333333333333332001111333333332110000000000000000000012233333333233200
10333023330030003000000030003030303000003030303030300000333333333333333331210111332112332332100000000000000001233333333333333200
10033033030033003300000033003030303000003030303030300000333333333333333333210111232101111233211122110000000012333333333333333200
13033022030000300030000030303030303000003030303030300000333333333333333333201111122211011022111133332211000223333333333333333200
13033021030030303030000030303030303000003030303030300000333333333333333333222211113221111121011223222333112333333333333333333200
12033021030003000300030003000300030003000300030003000000333333333333333333333321112332211010121123210122212333332233333333333200
01033011000000000000000000000000000000000000000000000000333333333333333333333332221123321100121122210001112332332122233333333200
00000000010011111110011111111100122223233333333322233333333333333333333333333333333111233322232111320001112221221111122333333200
00000000001111111100001111111100112222223333333322222333333333333333333333333333333111123333333322222000001121110101112233333200
00000000001101101000001111111100122222222333333223332222333333333333333333332223333101113333333333212222102122210101111123223200
00000000001111111111101111111100122222222233223233322232333333333333333333332222333201113333333333321123323223322110000123323200
00000000000001110111001101111100122222222333323323322232333333333333333333331212222111113333332223321113333333212322110112323200
00000000011111101111001111111110022222223232222222233333333333333333333333321111111111222322232233201113333233212333320001332200
00000000001000000000001101111110022211222222222222223323333333333333333333322222211111233321111111111213332122233332322101232200
00011111111111010100011111111000012222222222222222222222233333333333333333333333333223333322221011112311211112222221210001232200
01111010000110100000000110111100011222222221222222222223333333333333333333333333333333333333332223333332222223310000000000232100
01111110001111100100000110011100012222222222222222223223333333333333333333333333333333333333333333333333333333210000000011132100
01111111111111110000011010110100001221222222222222222223333333333333233333333333333333333322333333333222333332110000000010132200
11111111111111110000010010000000001222222222222222222222333333333333333332112333333333332111233333333111333332000000000010132200
11111110111111000000000000000000001122222222222222222222333333333333333331001233333333332100023333333210233333100000000001232200
01111111111110000001000000100000000122222222222222222223333333333333333321000133333333333210002333333320123333200000000001222200
01111111111110110001000011000000000112222222222122222223333333333333333320101013333333333320001233333332012333320000000001322200
01112111111111100001100011111001001112222222222222222233333333333333333332001112333333333332100133333333101333332000000012222200
12112121121100000000000000000000000000000000002222200033333333333333333332100111233000000000000000000033310000332000000012223200
11122222221000330300300330003300333000330033300222003033333333333333333333310111120333000330030000033003300330022000000122223200
02222222221000030300303003030030300303003030030222033022333333333333333333321011110300303003030000300303203003010000001222233100
01222222322000030300303000030030300303003030030332003032333333333333333333332101110333003003030000300301000003011111112222222100
12222210121000030300303033033330300303003033330222303033333333333333333333333100120300303003030000333300000330011122222222222100
12222210001030030300303003030030300303003030300333303033332223333333333333331000120300303003030000300300003000022222222222222100
12222221000003300033000330030030333000330030030322203021111123333333333333210000010333000330033330300300003333021112222221222200
12222221000000000000000000000000000000000000002211100010011233333332222211100000000000000000000000000000000000021002222222212100
