00000100000000000000000000000000000000000100000000000000000000000000000000000000000000000000000000000100000000100000000000000000
00001110000000000100000001000000000000000000000000000000000000010000000000000000000000000000000000000000000000000000000000000000
00000100000000000000000000000000001000000000000000000100000000000000000000000000000000000000000000000000000000000000001000000000
00000000000000000000000000000000000000000000000000000000000000000000000000000000000000000000100000000000000000000000011100000000
00000000000000000000000000000000000000000000000000000000010000000000000000000000000000000000000000000000000000000000001000000000
00000000000000000000000000000000000000000000001000000000000000000000000001000000000000000000000000000000000000000000000000000000
00000000000000000000000000000000000000000000000000000000000000000000100000000000001000000000000000000000000000000000000000000000
00000000100000000000000000000000000000000000000000010000000000001000000000000000000000000000000000000000100000000000000000000000
00000000000000000000000000000000000000000000000000000000000000000000000000001000000000000000000000000000000000000100000000000000
00000000000000000000000000001000000000000000100000000000100010000000000000000000000000000000000000000000000000000000000000000000
00000000000000000000000000000000000000000000000000000000000000000000010000000000000000000000000000000000000000000000000000000000
00000000000000000000000000000000000000000000000000000000000000000000000000000000000000000000000000000000000000000000000000000000
00000000000000000000000000000000000000100000000000000000001000000000000000100000000000000000000000000000000000000000000000000000
00000000000000000100000000000000000000000000000000000000000001000101000000000000001000000000000000000000000000000000000000100000
00000000000000000000000000000000000000000000000000000000000000000000000000000000000000000000000000000000000000000000000000000000
00000000000000000000000000000000000000000000000000000000000000000000001000001000000000000000000010000000000000010000000000000000
00000000000000000000000000001000000000000000000100000100000100000000000000000000000000000000000000000000000000000000000000000000
00000000001000000000000000000000000010000000000000000000000000000100010000000000000000000000000000000000000000000000000000000000
00000100000000000000000000000000000000000100000000000000000000100000000000100000000000000000000000000000000000000000000000000000
00000000000000000000000000000000000000000000000000000000000000000000000000000000000000000000000000000000000000000000000000000000
00000000000000000000000000000000000000000000000000000100010000000001000000000000000000000000000000000000000000000000000000000000
00000000000000000001000000000000000000000000000000000000000000000000000000000000100000000000000000000000000000000000000000000000
00000000000000000000000000000000000000000000001000000000000000000100000000000000000000000000000000000000000000000000000000000000
00000000000000000000000000000000000000000000000000000000000000000000000000000000000000000000000000000000000000000000000000000000
00000000000000000000000000000000000000001000000000010001000000100000000000000000000000000000010000000000000000000000000000000000
00000000000000000000000000000000000000000000000000000000000000000000001000000000000001000000000000000000000000000000000000001000
00000000000000000000000000000000000000000000000000000000000000000010000000000000000000000000000000000000000000000000000000000000
00000000000000000000000000000000000000000000000000000000000000100000000000000000000000000000000000000000000000000000000000000000
00000000001000000000000010000000000000000000000000000000010000000000000000000000000000000000000000000000000000000000000000000000
00000000000000000000000111000000000010000000001000000000000000000000000000000000000000000000000000000010000000000000000000000000
10000000000000000000000010000000000000000000000000000000000000000000000100000000000000000000000000000111000000000010000000000000
00000000000000000000000000000000000000000000000000000000000000000000100000000000100000000000000000000010000000000000000000100000
