00000000000000000000000000000000000000000000000000000000000000000000000000000000000000000000000000000000000000000000000000000000
00333000000000000000000000000000000000000300000000000000000000000000000003333300000000000000000000000000000000000300000000000000
00333000000000000000000000000000000000003030000000000000000000000000000033333330000000000000000000000000000000003030000000000000
00033000000000000000000000000000000000003030000000000000010000000000000033003330000000000000000000000000000000003030000000000000
00033000000000000000000000000000000000003030000000000000000000000000001000033300000000000000000000000000000000003030000000000000
00033000000000000000000000000000000000003030000000000000000000000000000003333000000000000000000000000000000000003030000000000000
00033000000000000000000000000000000000000300000000000000000000001000000033333330000000000000000000000000000000000300000000000000
00033000000000000000000000000000000000000000000000000000000000000000000033333330000000000000000000000000000000000000000000000000
00000000000000000000010000000000000000001000000000000001000000000000000000000000000000000000000000000000000000000000000000001000
00000000000000000000000000000000000000000000000000000000000010000000000010000000000000000000000000000000000000000000000000000000
00000000000000000000000000000000000000000000000000000000000000000000000000000000000000000000001000000000000000000000000000000000
00000000000000000000000000000000000000000000000000000000000000000000000000000000000000000000000000000000000000000000000000000000
03333300000000000000000000000000000000000300000000000000100000000000000000333300000000000000000000000000000000000300000000000000
03333330000000000000000000000000000000003030000000000000000001000010010003333300000000000000000000000000000000003030000000000000
00003330000000000000000000000000000000003030000000000000000000000000000033303300000000000000000000000000000000003030000000000000
00033300000000000000000000000000000000003030000000000000000010000000000033033330000000000000000000000000000000003030000000000000
33000330000000000000000000000000000000003030000000000000000000000000000033333330000000000000000000000000000000003030000000000000
33333330000000000000000000000000000000000300000000000000000000000100010000003300000000000000000000000000000000000300000000000000
03333300000000000000000000000000000000000000000000000000001000100000000000003300000000000000000000000000000000000000000000000000
00000000000000000000000000000000000000000000000000000000000000000001000000000000000000000000000000000000000000000000000000000000
00000000000000000000000000000000000001000000000000000000000000100000000010000000000000000000000000000000000000000000000000000000
00000000000000000000000000000000000000000000000000000000100000000000000000000000000000000000000000000000000000000000000000000000
00000000000000000000000000000000000000000000000000010000000000000000010000000000000010000000000000000000000000000001000000000000
00000000001000000000000000000000000000000000000000000000000000000000000000000000000000000001000000000000000000000000000000000000
00000000000000000000000000000000000000000001000000000000000000000010000000000000100000000000000000000000000000000000000000000000
00000000000033300300000330030003033330333000000000003000000000000000000000000000003330003300300003000000000030000000000000000000
00000000000030030300003003003030030000300300000000033010000000100000000000000000003003030030300003000000000330000000000000000000
00000000000030030300003003000300030000300300000001003000000000000000000010000000003330030030300003001000000030000000000000000000
00000000000033300300003333000300033300333000000000003000000000000000000000000000003003033330300003000000000030000000000000000000
00000000000030000300003003000300030000303000000000003000000000000001000000000000003003030030300003000000000030000000000000000000
00000000000030000333303003000300033330300300000000003000000000000000000000000100003330030030333303333000000030000000000000000000
10000000000000000000000000000000000000000000000000000000100000010000000000000000000000000000000000000000000000000000000000000000
