00000000000000000000000000000000000000000000000000000000000300000000000000000000000000000000000000000000000000000000000000000000
00333333333300000000003333333333333333300000000003333333300300000000033333333000000003333333333333300000003333333333333300000000
00033333333333330000000033333333333333300000000333311113333310000000333111133330000000033333333333330000000333333333333330000000
00013333311133333000000133333311111333310000003333111111333310000003331111113333000000013333311133333000000133333311113333000000
00003333310003333300000003333310000113310000033331100000133310000033331100000333300000003333310003333300000003333110001333300000
00003333310000333330000003333310000003310000333331000000033310000333311000000333300000003333310000333330000003333110000333330000
00003333310000333330000003333310000000310000333311000000003310000333311000000333330000003333310000333330000003333110000033330000
00003333310000333331000003333310000000310000333311000000003310003333310000000033330000003333310000333331000003333110000033333000
00003333310000333331000003333310003000310003333310000000000310003333310000000033331000003333310000333331000003333110000033333000
00003333310000333331000003333310003000310003333310000000000310003333110000000033333000003333310000333331000003333110000003333100
00003333310000333331000003333310003100000003333310000000000010033333110000000033333100003333310000333331000003333110000003333300
00003333310000333331000003333310003100000033333110000000000010033333100000000033333100003333310000333331000003333110000003333310
00003333310003333311000003333310033100000033333110000000000000033333100000000033333100003333310003333311000003333110000003333310
00003333310003333311000003333310333100000033333110000000000000033333100000000033333300003333310003333310000003333110000003333310
00003333310033333110000003333333333100000033333110000000000000033333100000000033333300003333310033333110000003333110000003333310
00003333333333311110000003333333333100000033333100000000000000033333100000000033333310003333333333311100000003333110000003333310
00003333333333311000000003333311333100000033333100000000000000033333100000000033333310003333333333311000000003333110000003333310
00003333313333330000000003333310033100000033333100000000000000033333100000000033333310003333313333310000000003333110000003333310
00003333313333330000000003333310003100000033333110000000000000033333100000000033333110003333313333330000000003333110000003333310
00003333310333331000000003333310003100000033333310000000000000033333100000000033333100003333310333331000000003333110000003333310
00003333310333333000000003333310003100000003333310000000000000033333100000000033333100003333310333333000000003333110000003333310
00003333310033333100000003333310003100030003333310000000000000003333300000000033333100003333310033333100000003333110000033333110
00003333310033333300000003333310000100030103333310000000000000003333300000000033331100003333310033333300000003333110000033333110
00003333310003333310000003333310000100331000333310000000000300003333310000000033331100003333310003333310000003333110000033333100
00003333310003333330000003333310000000331000333330000000000300000333310000000333311000003333310003333330000003333110000033331100
00003333310000333331000003333310000003331000033331000000003311000333310000000333311000003333310003333330000003333110000333331100
00003333310000333333000003333310000033331000033333000000033110000033330000003333110000003333310000333333000003333110003333311000
00003333310000033333100003333310003333331000003333330003331100000003333000003331110000003333310000333333000033333310033333111000
00333333333300033333330333333333333333311000000333333333311100000000333300033311100003333333333000033333300333333333333311110000
00333333333300003333330033333333333333311000000013333331111000000000013333331111000003333333333000033333330033333333331111100000
00011111111110001111110111111111111111111000000001111111100000000000001111111100000000011111111110001111110111111111111110000000
00000000000000000000000000000000000000000000000000000000000000000000000000000000000000000000000000000000000000000000000000000000
