00000000000000000000000000000000000000000000000000000000000000000000000000000000000000000000000000000000000000000000000000000000
00000000000000000000000000000000000000000000000000000000000000000000000000000000000000000000000000000000000000000000000000000000
00000002222212000000000000000000000000022220000000000000233230003330000000000000000000000000000000000000000000000000000000000000
00000002003122300000000000000000000000020030000000000003132232002032000000000000000000000000000000000000000000000000000000000000
00000002002030210000000000000000000000020020000000000033020303202002000000000000000000000000000000000000000000000000000000000000
00000002003020020000000000000000000000020020000000000020010300202002000000000000000000000000000000000000000000000000000000000000
00000002002030010000000000000000000000020020000000000020030200202003000000000000000000000000000000000000000000000000000000000000
00000001003030010000000000000000000000020010000000000030030300103002000000000000000000000000000000000000000000000000000000000000
00000002002030020000000000000000000000010010000000000020030300303003000000000000000000000000000000000000000000000000000000000000
00000002002020030002133100000323232102320023230000000030020300101002000221321300223302211000323310000032222220002222222000000000
00000001002020030032313130001332200203220023120000000030020200103002002232100200300201002001332331000322220020022222003000000000
00000001001020330320302023023030300300030030000000000030020200203003000000200200300203002022020202201202020010320202002000000000
00000002002230100300302003020030233200010030000000000030020200302001000000300300200201003020030200301002010020200302222000000000
00000002002230300200301002020020000000010020000000000020030200302003000000300100200301003020010100202002012120200200000000000000
00000002001030230100102003021020000000010030000000000020010103202003000322200300300203003020010200203002000000120100000000000000
00000003001020030200212002002232320000020030000000000030023233003001002232300200200202001020023200203001000000022211100000000000
00000002002030020100212322000133313000010010000000000020033320003003033020200200100202002020023121202002000000002211120000000000
00000001003030010300300000000000302200020010000000000030030000003002020030300100300202003020020000002001000000000001022000000000
00000002002030010300200000000000300200020020000000000020030000002003020030300200200202003030030000003002000000000002002000000000
00000002003020020200100000000000300200020020000000000020010000002002010030200300300202002030020000002003000000000001001000000000
00000002002030010200202122011220200200020020000000000030020000002002030030200100200102003020030133301002000000222102001000000000
00000002003020310330301022020020202200023030000000000030030000002002022010200200220303002023010302303002000000200201021000000000
00000002002212100011222120020022222000002223313200000030030000003003002331300330032222002002112322003002000000200221220000000000
00000002212131000002311200031222220000000211122200000022120000002233000222123230002222002000322210003321000000222221200000000000
00000000000000000000000000000000000000000000000000000000000000000000000000000000000002002000000000000000000000000000000000000000
00000000000000000000000000000000000000000000000000000000000000000000000000000000000002003000000000000000000000000000000000000000
00000000000000000000000000000000000000000000000000000000000000000000000000000000233202002000000000000000000000000000000000000000
00000000000000000000000000000000000000000000000000000000000000000000000000000000300301002000000000000000000000000000000000000000
00000000000000000000000000000000000000000000000000000000000000000000000000000000300203023000000000000000000000000000000000000000
00000000000000000000000000000000000000000000000000000000000000000000000000000000200332320000000000000000000000000000000000000000
00000000000000000000000000000000000000000000000000000000000000000000000000000000322331300000000000000000000000000000000000000000
00000000000000000000000000000000000000000000000000000000000000000000000000000000000000000000000000000000000000000000000000000000
