00000000000000000000000000000000000000000000000000000000000000000000000000000000000000000000000000000000000000000000000000000000
00000000000000000000000000000000000000000000000000000000000000000000000000000000000000000000000000000000000000000000000000000000
00000000000000000000000000000000000000000000000000000000000000000000000000000000000000000000000000000000000000000000000000000000
00000000000000000000000000000000000000000000000000000000000000000000000000000000000000000000000000000000000000000000000000000000
00000000000000000000000000000000000000000000000000000000000000000000000000000000000000000000000000000000000000000000000000000000
00000000000000000000000000000000000000000000000000000000000000000000000000000000000000000000000000000000000000000000000000000000
00000000000000000000000000000000000000000000000000000000000000000000000000000000000000000000000000000000000000000000000000000000
00000000000000000000000000000000000000000000000000000000000000000000000000000000000000000000000000000000000000000000000000000000
00000000000000000000000000000000000000000000000000000000000000000000000000000000000000000000000000000000000000000000000000000000
00000000000000000000000000000000000000000000000000000000000000000000000000000000000000000000000000000000000000000000000000000000
00000000000000000000000000000000000000000000000000000000000000000000000000000000000000000000000000000000000000000000000000000000
00000000000000000000000000000000000000000000000000000000000000000000000000000000000000000000000000000000000000000000000000000000
00000000000000000000000000000000000000000000000000000000000000000000000000000000000000000000000000000000000000000000000000000000
00000000000000000000000000000000000000000000000000000000000000000000000000000000000000000000000000000000000000000000000000000000
00000000000000000000000000000000000000000000000000000000000000000000000000000000000000000000000000000000000000000000000000000000
00000000000000000000000000000000000000000000000000000000000000000000000000000000000000000000000000000000000000000000000000000000
00111110001110001100011000000000000000000000000000000000000000000000000000000000000000000000000000000000000000000000000000000000
01111110011111001110111000000000000000000000000000000000000000000000000000000000000000000000000000000000000000000000000000000000
11100000111011101111111000000000000000000000000000000000000000000000000000000000000000000000000000000000000000000000000000000000
11001110110001101111111000000000000000000000000000000000000000000000000000000000000000000000000000000000000000000000000000000000
11100110111111101101011000000000000000000000000000000000000000000000000000000000000000000000000000000000000000000000000000000000
01111110110001101100011000000000000000000000000000000000000000000000000000000000000000000000000000000000000000000000000000000000
00111110110001100000000000000000000000000000000000000000000000000000000000000000000000000000000000000000000000000000000000000000
00000000000000000000000000000000000000000000000000000000000000000000000000000000000000000000000000000000022002203330033333300000
00001111111111111110001111101111110000001110000111111000000001110333330003300330111111110330033003300330033003301111001111110000
00000000000000000000000000000000000000000000000000000000000000000333333003300330000000000330033003300330033003300000000000000000
00000000000000000000000000000000000000000000000000000000000000000000033003300330000000000330033003300330033003300000000000000000
00000000000000000000000000000000000000000000000000000000000000000330033003300330000000000330033003300330033003300000000000000000
00000000000000000000000000000000000000000000000000000000000000000333333003333330000330000333333003333330033333300003300000000000
00000000000000000000000000000000000000000000000000000000000000000033330000333300000330000033330000333300003333000003300000000000
00000000000000000000000000000000000000000000000000000000000000000000000000000000000000000000000000000000000000000000000000000000
00000000000000000000000000000000000000000000000000000000000000000000000000000000000000000000000000000000000000000000000000000000
