00000000000000000000000000000000000000000000000000000000000000000000000000000000000000000000000000000000000000000000000000000000
00000000000000000000000000000000000000000000000000000000000000000000000000000000000000000000000000000000000000000000000000000000
00000000000000000000000000000000000000000000000000000000000000000000000000000000000000000000000000000000000000000000000000000000
00000000000000000000000000000000000000000000000000000000000000000000000000000000000000000000000000000000000000000000000000000000
00000000000000000000000000000000300000300033300033333300330003300033330033000330003333300000000000000000000000000000000000000000
00000000000000000000000000000000330303300333330033333330333003300033330033300330033333300000000000000000000000000000000000000000
00000000000000000000000000000000330303303330333033000330333303300003300033330330333000000000000000000000000000000000000000000000
00000000000000000000000000000000333333303300033033003330333333300003300033333330330033300000000000000000000000000000000000000000
00000000000000000000000000000000033333003333333033333000330333300003300033033330333003300000000000000000000000000000000000000000
00000000000000000000000000000000033033003300033033033300330033300033330033003330033333300000000000000000000000000000000000000000
00000000000000000000000000000000030003003300033033003330330003300033330033000330003333300000000000000000000000000000000000000000
00000000000000000000000000000000000000000000000000000000000000000000000000000000000000000000000000000000000000000000000000000000
00000000000000000000000000000000000000000000000000000000000000000000000000000000000000000000000000000000000000000000000000000000
00000000000000000000000000000000000000000000000000000000000000000000000000000000000000000000000000000000000000000000000000000000
00000000000000000000000000000000000000000000000000000000000000000000000000000000000000000000000000000000000000000000000000000000
00000000000000000000000000000000000000000000000000000000000000000000000000000000000000000000000000000000000000000000000000000000
00000000000000000000000003333330300000300333330000000000033333300033330033000000033333300333330000000000000000000000000000000000
00000000000000000000000003333330330303303333333000000000033333300033330033000000033333303333333000000000000000000000000000000000
00000000000000000000000000033000330303303300033000000000000330000003300033000000000330003330000000000000000000000000000000000000
00000000000000000000000000033000333333303300033000000000000330000003300033000000000330000333330000000000000000000000000000000000
00000000000000000000000000033000033333003300033000000000000330000003300033000000000330000000333000000000000000000000000000000000
00000000000000000000000000033000033033003333333000000000000330000033330033333300000330003333333000000000000000000000000000000000
00000000000000000000000000033000030003000333330000000000000330000033330033333300000330000333330000000000000000000000000000000000
00000000000000000000000000000000000000000000000000000000000000000000000000000000000000000000000000000000000000000000000000000000
00000000000000000000000000000000000000000000000000000000000000000000000000000000000000000000000000000000000000000000000000000000
00000000000000000000000000000000000000000000000000000000000000000000000000000000000000000000000000000000000000000000000000000000
00000000000000000000000000000000000000000000000000000000000000000000000000000000000000000000000000000000000000000000000000000000
00000000000000000000000000000000000000000000000000000000000000000000000000000000000000000000000000000000000000000000000000000000
00000000000000000000000000000000000000000000000000000000000000000000000000000000000000000000000000000000000000000000000000000000
00000000000000000000000000000000000000000000000000000000000000000000000000000000000000000000000000000000000000000000000000000000
00000000000000000000000000000000000000000000000000000000000000000000000000000000000000000000000000000000000000000000000000000000
00000000000000000000000000000000000000000000000000000000000000000000000000000000000000000000000000000000000000000000000000000000
