00000000000000000000000000000000000000000000000000000000000000000000000000000000000000000000000000000000000000000000000000000000
00000000000000000000000000000000000000000000000000000000000000000000000000000000000000000000000000000000000000000000000000000000
00000000000000000000000000000000000000000000000000000000000000000000000000000000000000000000000000000000000000000000000000000000
00000000000000000000000000000000000000000000011111000011111110001111111000110011111100000000000000000000000000000000000000000000
00000000000000000000000000000000000000000000333331100333333311033333331103310333333100000000000000000000000000000000000000000000
00000000000000000000000000000000000000000003333333110333333331033333333103310333333000000000000000000000000000000000000000000000
00000000000000000000000000000000000000000033300033310331000331033100033103310003310000000000000000000000000000000000000000000000
00000000000000000000000000000000000000000033100003310331111330033111133003310003310000000000000000000000000000000000000000000000
00000000000000000000000000000000000000000033100003310333333300033333331103310003310000000000000000000000000000000000000000000000
00000000000000000000000000000000000000000033100003310333333110033333333103310003310000000000000000000000000000000000000000000000
00000000000000000000000000000000000000000033110003310331033310033100033103310003310000000000000000000000000000000000000000000000
00000000000000000000000000000000000000000033311133300331003311033111133103310003310000000000000000000000000000000000000000000000
00000000000000000000000000000000000000000003333333000331003331033333333003310003310000000000000000000000000000000000000000000000
00000000000000000000000000000000000000000000333330000330000330033333330003300003300000000000000000000000000000000000000000000000
00000000000000000000000000000000000000000000000000000000000000000000000000000000000000000000000000000000000000000000000000000000
00000000000000000000000000000000000000000000000000000000000000000000000000000000000000000000000000000000000000000000000000000000
00000000000000000000000000000000000000000000000000000000000000000000000000000000000000000000000000000000000000000000000000000000
00000000000000000000000000000000000000000000000001111111001100000011001111110000000000000000000000000000000000000000000000000000
00000000000000000000000000000000000000000000000033333331033100000331033333311000000000000000000000000000000000000000000000000000
00000000000000000000000000000000000000000000000033333330033100000331033333331000000000000000000000000000000000000000000000000000
00000000000000000000000000000000000000000000000033100000033100000331033100331000000000000000000000000000000000000000000000000000
00000000000000000000000000000000000000000000000033111110033100000331033111331000000000000000000000000000000000000000000000000000
00000000000000000000000000000000000000000000000033333310033100000331033333330000000000000000000000000000000000000000000000000000
00000000000000000000000000000000000000000000000033333300033100000331033333300000000000000000000000000000000000000000000000000000
00000000000000000000000000000000000000000000000033100000033100000331033100000000000000000000000000000000000000000000000000000000
00000000000000000000000000000000000000000000000033100000033111110331033100000000000000000000000000000000000000000000000000000000
00000000000000000000000000000000000000000000000033100000033333310331033100000000000000000000000000000000000000000000000000000000
00000000000000000000000000000000000000000000000033000000033333300330033000000000000000000000000000000000000000000000000000000000
00000000000000000000000000000000000000000000000000000000000000000000000000000000000000000000000000000000000000000000000000000000
00000000000000000000000000000000000000000000000000000000000000000000000000000000000000000000000000000000000000000000000000000000
00000000000000000000000000000000000000000000000000000000000000000000000000000000000000000000000000000000000000000000000000000000
00000000000000000000000000000000000000000000000000000000000000000000000000000000000000000000000000000000000000000000000000000000
