11111111111100011111110000111110000000111111111000111111111000000001111000000001111111100011111111100000001110000000011111000011
11111111111111111111100330111100333330011111110030111111110033333301110033333301111111003011111111003333300111003333001110033011
11111111111111111111003330111003333333001111110330111111110333333301110333333301111111033011111110033333330010033333300100333011
11111111111111111111033330111033300033301111100330111111110330000001110330000001111110033011111110333000333000333003330003333011
11111111111111111111000330111033000003301111103330111111110330111111110330111111111110333011111110330010033003300000033000033011
11111111111111111110010330111033000003301111003330111111000330000011100330000011111100333011111110330111033003301111033011033011
11111111111111111102210330111000000003301110033330111111003333333011103333333011111003333011111110000111033003301110033011033011
11111111111111111033330330111111110003301110330330111111003333333001103333333001111033033011111101111110033003300110033011033011
11111111101111111133320330111111111033001100330330111111103300003300103300003300110033033011111001111110330003330000333011033011
10011111101110110233330330111111110033001003300330111111100001100330100001100330100330033011111101111100330100333333330011033011
00111111111110001332330330301111100330000033300330111111111111110330101111110330003330033011111101111003300110033333330111033011
01111111112110011231230330320111003300000333000330001111111111110330111111110330033300033000111100120033001211000033300111033011
01111111112211001231230330331110033000000333333333301111000011100330100011100330033333333330111100100330000111110033001111033011
00111111001111000133330330332000330011000333333333301100003000003300003001003300033333333330111100003300000111100330011111033011
10111111001111000023330330333003300000000000000330000000033300033301033300033301000000033000000000033000000011003300111110033010
11111111111111000013320330230033333333300000100330110330003333333001003333333000011111033001033000333333333010033001111100033011
11111111111110100012310330220333333333300000100330100330000333330011100333330011111111033000033003333333333010330011111000033011
11111111111110100000230000220000000000000000000000110000000000000001110000000001111111000000000000000000000010000111111101000011
11111111111101110000033333323200000000000000000000100001000000000000000111111111100111111110111111111111111111111111111101111000
11111111111100111010022333333100000000000000000000010000100000000000000001111111100001111110111111111111111111111110110001101000
11111111111100022110022333221000000000000000000000000000000000000000000001111111100000011110001111111111111111011100100000010000
11111111110012112210023332000000000000000000000000000000000000000000000000111111100000001010000100111111001110001100100000000000
11111111101122110110022320000000000000000000000000000000010000000000000000001111110000000000000101011110000111001100000000000000
00111111012221001111000000000000000000000000000000000000000000000000000000000100011000000000000001101111111111011100000000000000
00111111022200000000000000000000000000000000000000000000000000000000000000000000000000000000000000000000000000000000000000000000
10111111022000330300300330003300333000330033300000003000000000000000000000000000033000300300003000033303030333033000300000000000
11111111101000030300303003030030300303003030030000033000000000000000000000000000030303030300030300030003030030030303030000000000
10012211000000030300303000030030300303003030030000003000000000000000000000000000033003030300030300030000300030030303030000000000
10002221000000030300303033033330300303003033330000003000000000000000000000000000030303030300033300033000300030033303330111000000
00001211100030030300303003030030300303003030300000003000000000000000000000000000030303030300030300030003030030033003030111100000
10000111110003300033000330030030333000330030030000003000000000000000000000000000033300300333030300033303030030030303030111100000
10000111111000000000000000000000000000000000000000000000000000000000000000000000000000000000000000000000000000000000000010000001
