00000000000000000000000000000000000000000000000000000000100000000000000000000000000000000000000000000000000000000000000000000000
00000000000000000000000000000000000000010000000000000001110000000000000000000000100000000000000000000000000000000000000000000000
00000000000000000000000000000000000000000000000000000000100000000000000000000000000000000000100000000000000000000000000000000000
00000000000000000000000000010000000000000000001000000000000000000000000010000000000000000001110000000000000000000000000000001000
00000000000000000000000000000000000000000000011100000000000000000010000000000000000000000000100000000000000000000000000000011100
00000000000000000000000000000000000000000000001000000000000000000100000000000000000010000000000000000000000000000000000000001000
00000000000000000000000000000000000000000000000000000000000000000000000000000000000000000000000000000000000000000000000000000000
00000000000001000000000000000000000001000000000000000010000000000000000000000000000000000000000000000000000000000000000000000000
00000000000000000000000000000000000000000000000000000000000010000000000000100000000000000000000000000000000000000000000000000000
00000000000000000000000000000000000000000000000000000000000000000000000000000000000000000000000000000010000000000000000000000000
00000000000000000000000000000000000000000000000000000000000000000000000000000000000000000000000000000100000000000000000000000000
00000000000000000000000000010000000000000000000000000000000000000000000000000000100000000000000000000000000000000000000000000000
00000000000000000000000000000000000000000000100000000000100000100000000000000000010000000000000000000000000000000000000000000000
00000000000000000000000000000000000000000000010000000000000001000010100100000000000000000000100000000000000000000000000000000000
00000000000000000000000000000000000000000000000000000000000000000001000000000000000000000000000000000000000000000000000000000000
00000000000000000000000000000000000000000000000000000000000000000000000100000000000000000000000000000000000000000000000000000000
00000000000000000000000000000000000000000000000000000000000100000000000000000000000010000000000000000000000000000100000000000000
00000000000001000000000000000000000000000100000000100000000000000000000000100000000000000000000000000000000000001110000000000000
00000000000010000000000000000000000000001000000001000000001000000010000100000000000000000000000000000000000000000100000000000000
00000000000000000000000000000000000000000000000000000000000000100000000000000000000000000000000000000000000000000000000000000000
00000000000000000000000010000000000000000000000000000000001000000000000000000000000000000000000000000000000000000000000000000000
00000000000000000000000000000000100000000000000000000000000000000000100000100001000000000000000000000000000000000000000000000000
00000000000000000000000000000000000000000000000000000000000000100000000000000000000000000000000000000000000000000000000000000000
00000000000000000000000000000000000000000000000000000000100000000000000100000000000000000000000000000000000000000000000000000000
10000000000000000000000000000000000000000000000000100000000000000000000000000000000000000100000000100000000000000000000000000000
11000000000000000000000000000000000000000000000000000000000000000000000000000000000010000010000001000000000000000000000000000001
10000000000000000000000000000000000000010000000000000000000000000000000000000000000001000000000000000000000000000000000000000000
00000000000000000000000000000000000000001000000000000000000000000010000000000000000000000000000000000000000000000000000000000000
00000000000000000000000000000000000000000000000000000000000000000000000000000000000000000000000000000000000001000000000000000000
00000000000000001000000000000001000000000000000000001000000000010000000000000000000000000000000000000000000011100000000000000000
00000000000000011100000000000000000000000000000100000000000000000000000000010000000000000000000000000000000001000000000000000000
00000000000000001000000000000000000000000000000000000000000000000000000000100000000000000000000001000000000000000000000000000000
