33333333333333333333333333333333333333333333333333333333333333333333333333333333333333333333333333333333333333333333333333333333
33333333333333333333333333333333333333333333333333333333333333333333333333333333333333333333333333333333333333333333333333333333
33000033333333300001330000033330000333300003333333000000000003330000033330000000033333333330000003333300000333333330000013333333
33000001333333300001330000013330000133300001333333000000000001330000013330000000001333333330000003333300000133333330000013333333
33300001333333300013333000113333001133330001333333001100011001333000113333000110001333333333000133333330001133333333000133333333
33300001333333000013333000113333001133330001333333011300013301333000133333000133000133333333000133333330001333333333000133333333
33300001133333000013333000113333001133330001333333313300013331333000133333000133000133333333000113333330001333333333000133333333
33300000133333000013333000113333001133330001333333333300013333333000133333000133000133333330000013333330001333333333000133333333
33300000133333000013333000113333001133330001333333333300013333333000133333000133000133333330000013333330001333333333000133333333
33300000133330000013333000113333001133330001333333333300013333333000133333000133000133333330000013333330001333333333000133333333
33300000113330000013333000113333001133330001333333333300013333333000133333000133000133333330110013333330001333333333000133333333
33300000013330000013333000113333001133330001333333333300013333333000133333000133000133333300130011333330001333333333000133333333
33300100013330000013333000113333001133330001333333333300013333333000133333000133001133333300130001333330001333333333000133333333
33300100013330000013333000113333001133330001333333333300013333333000133333000130011333333300130001333330001333333333000133333333
33300100013300000013333000113333001133330001333333333300013333333000133333000000011333333300130001333330001333333333000133333333
33300100001300000013333000113333001133330001333333333300013333333000133333000000003333333300130001333330001333333333000133333333
33300130001300000013333000113333001133330001333333333300013333333000133333000130001333333300000001333330001333333333000133333333
33300130001100300013333000113333001133330001333333333300013333333000133333000133000133333000000000333330001333333333000133333333
33300130001000300013333000113333001133330001333333333300013333333000133333000133300133333001111000133330001333333333000133333333
33300130000000300013333000113333001133330001333333333300013333333000133333000133300013333001333000133330221111110000333100000000
00033100333333033310000333110000331100003331000000000033310000000333100000333100033310000331000333100003331000000000333100000000
00033100333311033310000333110000331100003331000000000033310000000333100000333100033310000331000333100003331000000000333100000000
00033100333310033310000333310000331100003331000000000033310000000333100000333100033310003331000033100003331000000000333100000000
00033100333310033310000333310000331000003331003330000033310000000333100000333100033110003331000033110003331003300000333100330000
00033100033310033310000333310003331000003331003330000033310000000333100000333100333110003331000033310003331003310000333100331000
00033100033110033310000033331033311000003331003310000033310000000333100000333100333100003331000033330003331003310000333100331000
00333310033110333330000003333333310000033333333310000033310000003333310003333333331100033333000333333003333333310000333333331000
00333310033100333331000000033331100000033333333310000033310000003333310003333333311000033333100333333103333333310000333333331000
00001110001100001111000000001111000000000111111110000001110000000011110000011111110000001111100001111100111111110000011111111000
00000000000000000000000000000000000000000000000000000000000000000000000000000000000000000000000000000000000000000000000000000000
00000000000000000000000000000000000000000000000000000000000000000000000000000000000000000000000000000000000000000000000000000000
00000000000000000000000000000000000000000000000000000000000000000000000000000000000000000000000000000000000000000000000000000000
