00000000000000000000000000000000000000000000000000000000000000000000000000000000000000000000000000000000000000000000000000000000
00000000000000000000000000000000000000000000300000000000000033000000333300000000000033000000000033333300000033333000000000003300
00000000000000000000000000000000000000000003300000000000100330000003333330000000000330000000000333333300000333333300000000033000
00000000000000000000000000000000000000000003300000000000003300000033300333000100003300000000000330000000003330003330000000330000
00000000000000000000000000000000100000000033300000000000033000000330000003300000033000000000000330000000003300000330000003300000
00000000000000000000000000000001110000000033300000000000330000000330000003300000330000001000000330000000000000000330000033000000
00000000000000000000000000000000100000000333300010000003333300000330000003300003333300000000003333333000000000000330000333330000
00000000000000000000000000000000000000003303300000000033333330000330000003300033333330000000003333333000000000003300003333333001
00000000000000000000100000000000000000003303300000000033300333000333000033300033300333000000003300003300000000333300003330033300
00000000000000000000000000000000000000033003300000000333000033300033333333000333000033300000000000000330000000333300033300003330
00000000000000000000000000000000000000333003300000000330000003300003333333000330000003300000000010000330000000003330033000000330
00000000000000000000000000000000000003330003300000000330000003300000003330000330000003300000000000000330000000000330033000000330
00000000000000000000000000000001000003333333333000000330001003300000003300000330000003300000000000000330000000000330033000000330
00000100000000000000000000000000000003333333333000000333000033300010033000000333000033301000003000003300033000000330033300003330
00000000000000000000000000000000000000000003300000000033300333000000330000000033300333000000033300033300033300003330003330033300
00000000000000000000000000000000000000000003300003300003333330000003300000000003333330000330003333333000003333333300000333333000
00000000000000000000000000000000000000000003300003300000333300000033000001000000333300000330000333330000000033333000000033330000
00000000000000000001000000000000000000000000000000000000000000000000000000000000000000000000000000000000000000000000000000000000
00000000000000000000000000000000000000000000000000000000000000100000000000000000000000000000000000000000000000000000000000000000
00000000000000000000000000000100000000000000000000000000001000000001000000000000000000000000000000000000000000000000000000000000
00000000000000000000000000000000000010000000000000000000000000000000000001000100000000000000000000000000000000000000000000000000
00000000000000000000000000000000000000000000000000000000000000100000000000000000000000000000000000000000000000000000000000000000
00000000000000000000000000000000000000000000000000010000010000000000010000000000000000000000000000000000000000000000000000000000
00000000000000000000000000000000000000000000000000000000000000000000000000000000000000100000100000000000000000000000001000000000
00000000100000000000000000000000000000000010000000000000000000000000000000000000000000000000000000000000000000000000000000000000
00000000000033300300000330030003033330333000000000003000000000000010000000000000003330003300300003000000000030000000000000000000
00000000000030030300003003003030030000300300000000033000000000000000000000000000003003030030300003000000000330000000000000000000
00000000000030030300003003000300030000300300000000003000000000100000000000000000003330030030300003000000000030000000000000000000
00000000000033300300003333000300033300333000000001003000000000000000000010000000003003033330300003000010000030000000000000000000
00000000000030000300003003000300030000303000000000003000000000000000000000000000003003030030300003000000000030000000000000000000
00000000000030000333303003000300033330300300000000003000000000000000100000000000003330030030333303333000000030000000000000000000
00000000000000000000000000000000000000000000000000000000000000010000000000000010000000000000000000000000000000000000000000000000
