00000000000000000000000000000000000000000000000000000000000000000000000000000000000000000000000000000000000000000000000000000000
00000000000000000000000000000000000000000000000000000000000000000000000000000000000000000000000000000000000000000000000000000000
00000000000000000000000000000000000000000000000000000000000000000000000000000000000000000000000000000000000000000000000000000000
00000000000000000000000000000000000000000000000000000000000000000000000000000000000000000000000000000000000000000000000000000000
00000000000000000000000000000000000000000000000000000000000000000000000000000000000000000000000000000000000000000000000000000000
00000000000000000000000000000000000000000000000000000000000000000000000000000000000000000000000000000000000000000000000000000000
00000000000000000000000000000000000000000000000000000000000000000000000000000000000000000000000000000000000000000000000000000000
00000000000000000000000000000000000000000000000000000000000000000000000000000000000000000000000000000000000000000000000000000000
00000000000000000000000000000000000000000000000000000000000000000000000000000010000000000000000000000000000000000000000000000000
00000000000000000000000000000000000000000000000000000000000000000000000000000000000000000000000000000000000000000100000000000000
00000000000000000000000000000000000000000000000000000000000000000000000000000000000000100000000000000000000000000000000000000000
00000000000000000010000000000000000000000000000000000010000000000000000000000000000001110000000000000000000000000000000000000000
00000000000000000001000000000000000000001000000000000001000000100000000000000000000000100000000000000000000000000000000000000000
00000000000000000000000000000000000000000100000000000000000001000010000001000000000000000000000000000100000000000000000000000000
00000000000000000000000000000000000000000000000000000000000000000000100000100000000000000000000000001000000000000000000000000000
00000000000000000000000000000000000000000000000000000000000100000000000100000000000000000000000000000000000000000000000000000000
00000000000000000000000000000000000000000000000000000000000000000000000000000000000000000000000000000000000000000000000000000000
00000000000000000000000000000000000000000000000000000000000000000000000000000010000000000010000000000000000000000000000000000001
10000000000000000000000000000000000000000000000100000000000000000001000100000001000000000000000000000000000000000000000000000011
00000000000000000000000000000000000100000000001000000000010000100000000000000010000000000000000000000000000000000000000000000001
00000000000000000000000000000000000000000000000000000000001000000000100000000000000000000000000000000000000000000000000000000000
00000000000000010000000000000000000000000000000000000000000000000000000000000000000000000000000000000000000000000000000000000000
00000000000000100000000000000000000000000000000000000000000000000000001000000000000000000000000000000000000000000000000000000000
00000000000000000000000001000000000000000000000000000000000000000000000000000101000010100000000000000000000000000000000000000000
00000000000000000000000000000000000000000000000000000000000000010000000000000010000000000000000000000000000000000000000000000000
00000000000000330300300330003300333000330033300000003001000000000000000000000000000333000330030000033000000030000000000000000000
00000000000000030300303003030030300303003030030100033000000000000000000000100000000300303003030000300300000330000000000000000000
00000000000000030300303000030030300303003030030000003001000000000000000001000000000333003003030000300300000030000000000000000000
00000000000000030300303033033330300303003033330000003000000000000000000000000000000300303003030000333300001030000000000000000000
00000000000030030300303003030030300303003030300000003000000000000000000000000000000300303003030000300300000030000000000000000000
00000000000003300033000330030030333000330030030000003000000000000000100000000000000333000330033330300300000030000000000000000000
00000000000000000000000000000000000000000000000000000000000000000000010000000000000000000000000000000000000000000000000000000000
