00000000000000000000000000000000000000000000000000000000000000000000000000000000000000000000000000000000000000000000000000000000
00000000000000000000000000000000000000000000000000000000000000000000000000000000000000000000000000000000000000000000000000000000
00000000000000000033333300033000033003300003303333333303300003300003330000003333000033000033333000033000033000000000000000000000
00000000000000000031111110031100031103110003113111111113110003110003111000033111100031100331111100031100000000000000000000000000
00333333333333100000000000000333000000000000000003333100000000003333100000000000000000000000000000000000000000000000000000000000
00333333333333100000000000000333100000000000000003333100000000003333100000000000000000000000000000000000000000000000000000000000
00333333333333100033333000003333330000333330000000333100000000000333133300000000333330000033330333000000003333300000003333033300
00333333333333100333333300033333330003333333300000333100000000000333333333000003333333000033333333300000033333330000033333333300
00333333333333103333333330033333331033333333300000333100000000000333333333000033333333300033333333330000333333333000033333333310
00333133313333103333333331033333331033333333330000333100000000000333333333100033333333310033333333331000333333333100333333333310
00333133313333133333333331033333331033333333331000333100000000000333333333100333333333310033333333331000333333333310333333333310
00333133313333133333333331133333331033333333331000333100000000000333333333310333333333311033333333331100333333333310333333333310
00011133311011133331113331100333111033311113331000333100000000000333111133310333311133311003331113331100333111333310333111133310
00011133311011133311111331100333111033311003331000333100000000000330000003310330000003311003331000000100331000000310333000000310
00000033311000033311000331100333100033310003331000333100000330000300333300310300333300311003330033330000330033330010330033330010
00000033311000033311000331100333100001110003331000333100003330000003333330010003333330011003300333333000300333333000300333333000
00000033311000033311000331100333100003333333331000333100033330000033000033000033000033001003003300003300003300003300003300003300
00000033311000033311000331100333100033333333331000333100000330000330000003300330010003301003033000300330033000000330033003300330
00000033311000033311000331100333100033333333331000333100000330000330100003300330110003301003033000330330033000030330033033330330
00000033311000033311000331100333100033311113331000333100000330000330100003300330110003301003033000330330033000030330033011130330
00000033311000033311000331100333100033310003331000333100000330000330100003300330110003301003033000330330033000030330033000030330
00003333333000033311000331100333100033310003331000333100000330000330100003300330110003301003033000330330033000030330033000030330
00003333333110033331003331100333100033310003331000333100000330000330100003300330310003301003033000330330033000330330033000030330
00003333333110033333333331100333330033333333333003333300000330000330333303300330333303301033033033330330033033330330033033330330
00003333333110033333333331100333331133333333333103333310000330000330333303300330333303301033033033330330033033330330033033330330
00003333333110003333333331100333331133333333333103333310000330000330333303300330333303301033033033330330033033330330033033330330
00003333333110003333333331100333331133333333333103333310000330000330033003300330033003301033033003300330033003300330033003300330
00003333333110000333333311000033331103333333333103333310000330000033000033000033000033000000003300003300003300003300003300003300
00003333333110000033333111000001331100133311333103333310000330000003333330000003333330010330300333333000000333333000300333333000
00000011111110000001111110000000111100011110111100111110000330000000333300000000333300100330110033330010000033330000000033330000
00000000000000000000000000000000000000000000000000000000000000000000000000000000000000000000000000000000000000000000000000000000
00000000000000000000000000000000000000000000000000000000000000000000000000000000000000000000000000000000000000000000000000000000
