00000000000000000111110010000010001111000111111000111100110001100000000001111110111111100111110001111110000000000000000000000000
00000000000000001111111011010110001111000111111001111110110001100000000001111110111111101111111001111110000000000000000000000000
00000000000000001110000011010110000110000001100011000110110001100000000000011000110000001110000000011000000000000000000000000000
00000000000000000111110011111110000110000001100011000000111111100000000000011000111110000111110000011000000000000000000000000000
01111100000000000000111001111100000110000001100011100110111111100000000000011000110000000000111000011000000000000111110000000000
00000000000000001111111001101100001111000001100001111110110001100000000000011000111111101111111000011000000000000000000000000000
00000000000000000111110001000100001111000001100000111100110001100000000000011000111111100111110000011000000000000000000000000000
00000000000000000000000000000000000000000000000000000000000000000000000000000000000000000000000000000000000000000000000000000000
00000000000000000000000000000000000000000000000000000000000000000000000000000000000000000000000000000000000000000000000000000000
00111100011111001100011000110000000000000011110033333300003330000000000000000000000000000000000000000000000000000000000000000000
01111110111111101110011000110000000000000111111033333300033333000000000000000000000000000000000000000000000000000000000000000000
11000110110001101111011000000000000000001100011033000000330033300000000000000000000000000000000000000000000000000000000000000000
11000000110001101111111000000000000000001100000033333300330003300000000000000000000000000000000000000000000000000000000000000000
11100110110001101101111000000000000000001110011000033330333003300000000000000000000000000000000000000000000000000000000000000000
01111110111111101100111000110000000000000111111000033330033333000000000000000000000000000000000000000000000000000000000000000000
00111100011111001100011000110000000000000011110033333300003330000000000000000000000000000000000000000000000000000000000000000000
00000000000000000000000000000000000000000000000000000000000000000000000000000000000000000000000000000000000000000000000000000000
00000000000000000000000000000000000000000000000000000000000000000000000000000000000000000000000000000000000000000000000000000000
00000000000000000000000000000000000000000000000000000000000000000000000000000000000000000000000000000000000000000000000000000000
33333330330003300333333033333300003330003333300000333000000000000333333033000330333333000033330003333330333333303333330000000000
33333330333003300333333033333330033333003333330003333300000000000333333033000330333333300033330003333330333333303333333000000000
33000000333303300003300033000330333033303300333033303330000000000000033033000330330003300003300000033000330000003300033000000000
33333000333333300003300033003330330003303300033033000330000000000000033033000330333333300003300000033000333330003300333000000000
33000000330333300003300033333000333333303300333033333330000000003300333033303330333333000003300000033000330000003333300000000000
33333330330033300003300033033300330003303333330033000330000000003333333033333330330000000033330000033000333333303303330000000000
33333330330003300003300033003330330003303333300033000330000000000333330003333300330000000033330000033000333333303300333000000000
00000000000000000000000000000000000000000000000000000000000000000000000000000000000000000000000000000000000000000000000000000000
00000000000000000000000000000000000000000000000000000000000000000000000000000000000000000000000000000000000000000000000000000000
00000000000000000000000000000000000000000000000000000000000000000000000000000000000000000000000000000000000000000000000000000000
00000000000000000000000000000000000000000000000000000000000000000000000000000000000000000000000000000000000000000000000000000000
00000000000000000000000000000000000000000000000000000000000000000000000000000000000000000000000000000000000000000000000000000000
00000000000000000000000000000000000000000000000000000000000000000000000000000000000000000000000000000000000000000000000000000000
