00000000000000000000000000000000000000000000000000000000000000000000000000000000000000000000000000000000000000000000000000000000
00000000000000000000000000000000000000000000000000000000000000000000000000000000000000000000000000000000000000000000000000000000
00000000000000000000000000000000000000000000000000000000000000000000000000000000000000000000000000000000000000000000000000000000
00000000000000000000000000000000000000000000000000000000000000000000000000000000000000000000000000000000000000000000000000000000
00000000000000000000000000000000000000000000000000000000000000000000000000000000000000000000000000000000000000000000000000000000
00000000000000000000000000000000000000000000000000000000000000000000000000000000000000000000000000000000000000000000000000000000
00003333000000333333000033033003333300000033333300033330333300330330033333330000000000333000333330000333330003333033333333000000
00003333000000333333000033333003333330000033333300033330333300333330033333330000000003333300333333000333333003333033333333000000
00003111100000311111100331131103111110000031111110031111311113311311031111111000000033311130311111000311111303111131111111100000
00003111100000311111100331111103111111000031111110031111311113311111031111111000000033111110311111100311111103111131111111100000
00003111100000311111100311111103111111000031111110031111311113111111031111111000000031111111311111100311111113111131111111100000
00000111100000011111100311111100111111100001111110001111011113111111001111111000000031111111011111110011111110111131111111100000
00000111100000011111100311111100111111100001111110001111011113111111001111111000000031111111011111110011111110111131111111100000
00000311000000331111000311001100311031100033111100003111031103110011003110011000000031100311031103110031103110311001131101100000
00000311000000331011000311331100311331100033101100003111131103113311003113011000000031100311031133110031133110311001131101100000
00000311000000311331000311333300311301000031133100003111131103113333003113000000000031100311031130100031133110311000031100000000
00000311033000311331100311011110311111000031133110003111111103110111103111100000000031100311031111100031111100311000031100000000
00000311033000311111100311011110311110000031111110003111111103110111103111130000000031100311031111000031111110311000031100000000
00000311031103311111100311031100311031000331111110003110111103110311003110330000000031100311031103100031100310311000031100000000
00003311331133310033130311331103311031303331003313033110111103113311033113311000000031133311331103130331133313311000331100000000
00003311331133110033110311331103311031303311003311033110311103113311033113311000000031133311331103130331133313311000331100000000
00003111111131111031111311111103111131113111103111131111011103111111031111111000000031111111311113111311111113111100311110000000
00003111111131111031111011111103111131113111103111131111011100111111031111111000000001111111311113111311111113111100311110000000
00003111111131111031111011111103111131113111103111131111031100111111031111111000000001111111311113111311111113111100311110000000
00000111111101111001111001111100111101110111100111101111001100011111001111111000000000111110011110111011111110111100011110000000
00000111111101111001111001111100111101110111100111101111001100011111001111111000000000011100011110111011111100111100011110000000
00000000000000000000000000000000000000000000000000000000000000000000000000000000000000000000000000000000000000000000000000000000
00000000000000000000000000000000000000000000000000000000000000000000000000000000000000000000000000000000000000000000000000000000
00000000000000000000000000000000000000000000000000000000000000000000000000000000000000000000000000000000000000000000000000000000
00000000000000000000000000000000000000000000000000000000000000000000000000000000000000000000000000000000000000000000000000000000
00000000000000000000000000000000000000000000000000000000000000000000000000000000000000000000000000000000000000000000000000000000
00000000000000000000000000000000000000000000000000000000000000000000000000000000000000000000000000000000000000000000000000000000
