00000000000000000000000000000000000000000000000000000000000000000000000000000000000000000000000000000000000000000000000000000000
00000000000000000000000000000000000000000000000000000000000000000000000000000000000000000000000000000000000000000000000000000000
00000000000000000000000000000000000000000000000000000000000000000000000000000000000000000000000000000000000000000000000000000000
00000000000000000000000000000000000000000000000000000000000000000000000000000000000000000000000000000000000000000000000000000000
00000000000000000000000000000000000000000000000000000000000000000000000000000000000000000000000000000000000000000000000000000000
00000000000000000000000000000000000000000000000000000000000000000000000000000000000000000000000000000000000000000000000000000000
00033333333333333300000000000000000000000000000000000000000000000000000000000333333333333000000000000000000003333300033333000000
00001333311111133310000000000000000000003000000000000000000000000000000000000013333111333330000000000000000000333310003333100000
00000333310000003310000000000000000000033100000000000000000000000000000000000003333100033331000000000000000000333310003333100000
00000333310000000310000000000000000000033100000000000000000000000000000000000003333100003333000000000000000000333310003333100000
00000333310003000310000000000000000000333100000000000000000000000000000000000003333100003333100000000000000000333310003333100000
00000333310003100010000000000000000033333100000000000000000000000000000000000003333100003333100000000000000000333310003333100000
00000333310033100000033333303333300333333333003333300333000000333333000000000003333100033331100000333333000000333310003333100000
00000333310333100000003333110331110013333111100333313333300033011133300000000003333100333311000033011133300000333310003333100000
00000333333333100000000333300311000003333100000333330333310333100033330000000003333333333110000333100033330000333310003333100000
00000333311333100000000333313010000003333100000333311033110333300033331000000003333111333330000333300033331000333310003333100000
00000333310033100000000033330100000003333100000333310001100033110033331000000003333100013333000033110033331000333310003333100000
00000333310003100000000003333000000003333100000333310000000001103333331000000003333100003333300001103333331000333310003333100000
00000333310003100000000003333100000003333100000333310000000000330133331000000003333100003333310000330133331000333310003333100000
00000333310000100030000003333300000003333100000333310000000033311033331000000003333100003333310033311033000000003000000333100000
00000333310000000031000030333310000003333100000333310000000333310033331000000003333100003333310333310033033333300033330033100000
00000333310000000331000031033330000003333103000333310000000333310333331000000003333100033333110333310333033333300333333033100000
00000333310000033311003301033333000003333330100333310000000333333033333000000003333100333331100333333033033000000330033033100000
00033333333333333310033333033333300000133311003333330000000033331103331100000333333333333111000033331103033000000330033033300000
00001111111111111110001111101111110000001110000111111000000001111000111000000011111111111100000001111000033333000330033011110000
00000000000000000000000000000000000000000000000000000000000000000000000000000000000000000000000000000000033333300330033000000000
00000000000000000000000000000000000000000000000000000000000000000000000000000000000000000000000000000000000003300330033000000000
00000000000000000000000000000000000000000000000000000000000000000000000000000000000000000000000000000000033003300330033000000000
00000000000000000000000000000000000000000000000000000000000000000000000000000000000000000000000000000000033333300333333000000000
00000000000000000000000000000000000000000000000000000000000000000000000000000000000000000000000000000000003333000033330000000000
00000000000000000000000000000000000000000000000000000000000000000000000000000000000000000000000000000000000000000000000000000000
00000000000000000000000000000000000000000000000000000000000000000000000000000000000000000000000000000000000000000000000000000000
