00000000001000000000000000000000000000000000000000000000000000011100000000000000000000000000000000000000000000000000000000000000
00000000000000000003300000003333300000003333300000000003333330001000333300000000333330000000000033333000000000003000000000003301
00000000000000000033300000033333330000033333330000000033333333000003333330000003333333000000000333333300000000033000000000033001
00000000000000000333300000333000333000333000333000000033000033000033000033000033300033300000003330003330000000033000000000330001
00000000000000000003300000330000033000330000033000000330000003300330000003301033000003300000003300000330000000333000000003300000
00000000000000000003300000330000033000000000033000000330000003300330010003300000000003300000000000000330000000333000000033000000
00000000000000000003300000000000033000000000033001000333000033300330000003300000000003300000000000000330000003333000000333330000
00000000000000000003300000000000033000000000330000000033333333000330000003300001000033000000000000003300000033033000003333333000
00000000000000000003300100000000330000000033330000000003333330000330000003300000003333000000000000333300000033033000003330033300
00000000000000000003300000000000330000000033330000000033333333000330000003300000003333000000000000333300000330033000033300003330
00000000000000000003300000000003300000000000333000000333300333300330000103300000000033300000010000003330003330033000033000000330
00000000000000000003300000000033000000000000033000000333000033300330000003300000000003300000000000000330033300033000033000000330
00000000000000000003300000000330001000000000033010000330001003300330000003300000000003300000000000000330033333333330033000000330
00000000001000000003300000003300000003300000033000000330000003300330000003300330000003300000033000000330033333333330033300003330
00000000000000000003300000033000000003330000333000000333000033300033000033000333000033300000033300003330000000033000003330033300
00000000000000000003300000333333333000333333330003300033333333000003333330000033333333000330003333333300000000033000000333333000
00000000000000000003301003333333333000003333300003300003333330000000333300000000333330000330000033333000000000033000000033330000
00000000000000000000000000000000000000000000000000001000000000000000000000000000000000000000000000000000000000000000000000000000
00000000000000000000000000000000100000000000000000000000000000000010000100000000000000000000000000000000000000000000000000000000
00000000000000000000000000000000000000100000000000000000001000000000100010001000000000000000000000000000000000000000000000000000
00000000000000000000000000000000000000000000000000000000000000100000000000000000000000000000000000000000000000000000000000000000
00000000000000000000000000000000000000000000000000001000010000000000010000000000000000000000000000000000000000000000000000000000
00000000000000000000000000000000000000000000000000000000000000000000000000000000000100000010000000000000000000000100000000000000
00000000000010000000000000000000000000000000000000000000000000000000000000000001000000000000000000000000000000000000000000000000
00000000000000000000000000000000000000000000100000000000000000000100000000000000000000000000000000000000000000000000000000000000
00000000000033300300000330030003033330333000000000003010000000100000000000000000003330003300300003000000000330000000000000000000
00000000000030030300003003003030030000300300000000033000000000000000000000000000003003030030300003010000003003000000000000000000
00000000000030030300003003000300030000300300000000003000000000000000000100000000003330030030300003000000000003000000000000000000
00000000000033300300003333000300033300333000000000003000000000000000000000000000003003033330300003000000000330000000000000000000
00000000000030000300003003000300030000303000000000003000000000010001000000001000003003030030300003000000003000000000000000000000
00100000000030000333303003000300033330300300000000003000010000111000000000000000003330030030333303333000003333000000000000000000
00000000000000000000000000000000000000000000000000000000000000010000000000000000000000000000000000000000000000000000000000000000
