00000000000000000000000000000000000000000000000000000000000100000000000000010000000000000000000000000000000000000000000000000000
00000000000000000000000000000000000000000001000033333000000000003333000000000000300000033000000000033000010033333000000033330000
00000000000100000000010000000000000000000000000333333300000000033333300000000003300000333000000000333000000333333300000333333000
00000000000000000000000000000000000001000000003330003330000000330000330000000003300003333000000003333000003330003330003300003300
00000100000000000000000000000000000000000000003300000330000003300000033000000033300000033000000000033000003300000330033000000330
00000000000000000000000000000000000000000000000000000330001003300000033000000033300000033000000000033000003300000330033000000330
00000000000000000000000000000000000000000000000000000330000003300000033010000333300000033000000000033000000000000330033000000330
00000000000000000000000000000000000000001000000000003300000003300000033000003303300000033000000000033000000000000330033010000330
00000000000001000000000000000000000000000000000000333300000003300000033000003303300000033000000000033000000010003300033000000330
00000000000000000000000000000001000000000000001000333300100003300000033000033003300000033000000000033000000000003300033000000330
00000100000000000000000000000000000000000000000000003330000003300000033000333003300000033000000000033000000000033000033000000330
00000000000000000000000000000000000000000000000000000330000003300000033003330003300001033000000000033000000000330000033000000330
00000000000000000000000000000000000000001000000000000330010003300000033003333333333000033000000000033000000003300000033000000330
00000000000000000000010000000000000000000000033000000330000003300100033003333333333000033000000000033000000033000000033000000330
00000000000000000000000000000000000000000000033300003330000000330000330000000003300000033000000000033000000330000000003300003300
00000000000000000000000000000001000000000000003333333300033000033333300000000003300000033000033000033000003333333330000333333000
00000000000000010000000000000000000000000000000033333000033000003333000000000003300000033000033000033000033333333330000033330000
00000000001000000000000000000000000000100000000000000000000000000000000000000000000000000000000000000000000000000000000000000000
00000000000000000000000000000000000000000001000000000000000000100000010000000000000000000000000000000000000000000000000000100000
00000000000000000000000000000000000000000000000000000010001000000001000000000000000000000000000000000000000000000000000000000000
00000000000000000000000100000000000000000000000000000000000000000000000000000010000100000000000000000100000000000000000000000000
00100000000000000000000000000000000000000000000100000000000000001000000000010000000000000000000000000000000000000000000000000000
00000000000000000000000000000000000000000000000000000000000000000000000000000000000000000000000000000000000000000000000000000000
00000000000000000000000000000000010000000000000000001000000000000000010000000000000000000010000000000000000000000000000000000000
00000000000000000000000000000000000000000000000000000000000000000000000000000000000000000000000000000000000000000000000000000000
00000000000033300300000330030003033330333000000000003000000000000100000001000000003330003300300003000000000030000000000000000000
00000000000030030300003003003030030000300300000000033000001000100000000000000000003003030030300003000000000330000000000000000000
00000000000030030300003003000300030000300300000010003000000000000000000000000000003330030030300003000000000030000000000000000000
00000010000033300300003333000300033300333000000000003000000000000000001000000000003003033330300003000000000030000000000000000000
00000111000030000300003003000300030000303000000000003000000000000000000000000010003003030030300003000000000030000000000000000000
10000010000030000333303003000300033330300301000000003001000010000001000000000000003330030030333303333000000030000000100000000001
00000000000000000000000000000000000000000000000000000000000000000000000000000000000000000000000000000000000000000000000000000000
