00000000011111101111111001111100011111100000000000111100011111001100011001111110001110000011110001111110011111000111110000000000
00000000011111101111111011111110011111100000000001111110111111101110011001111110011111000111111001111110111111101111111000000000
00000000000110001100000011100000000110000000000011000110110001101111011000011000111011101100011000011000110001101110000000000000
00000000000110001111100001111100000110000000000011000000110001101111111000011000110001101100000000011000110001100111110000000000
01111100000110001100000000001110000110000000000011100110110001101101111000011000111111101110011000011000110001100000111001111100
00000000000110001111111011111110000110000000000001111110111111101100111000011000110001100111111000011000111111101111111000000000
00000000000110001111111001111100000110000000000000111100011111001100011000011000110001100011110000011000011111000111110000000000
00000000000000000000000000000000000000000000000000000000000000000000000000000000000000000000000000000000000000000000000000000000
00000000000000000000000000000000000000000000000000000000000000000000000000000000000000000000000000000000000000000000000000000000
00111100011111001100011000110000000000000011110003333300003333000000000000000000000000000000000000000000000000000000000000000000
01111110111111101110011000110000000000000111111033333330033333000000000000000000000000000000000000000000000000000000000000000000
11000110110001101111011000000000000000001100011033003330333000000000000000000000000000000000000000000000000000000000000000000000
11000000110001101111111000000000000000001100000000033300333333000000000000000000000000000000000000000000000000000000000000000000
11100110110001101101111000000000000000001110011003333000333003300000000000000000000000000000000000000000000000000000000000000000
01111110111111101100111000110000000000000111111033333330033333300000000000000000000000000000000000000000000000000000000000000000
00111100011111001100011000110000000000000011110033333330003333000000000000000000000000000000000000000000000000000000000000000000
00000000000000000000000000000000000000000000000000000000000000000000000000000000000000000000000000000000000000000000000000000000
00000000000000000000000000000000000000000000000000000000000000000000000000000000000000000000000000000000000000000000000000000000
00000000000000000000000000000000000000000000000000000000000000000000000000000000000000000000000000000000000000000000000000000000
33333000003333000033300033000330003330000000000033333300003330003300033000333300003330003333300000333000000000003333330000000000
33333300003333000333330033300330033333000000000033333330033333003330033003333330033333003333330003333300000000003333333000000000
33003330000330003330333033330330333033300000000033003330333033303333033033000330333033303300333033303330000000003300333000000000
33000330000330003300033033333330330003300000000033333300330003303333333033000000330003303300033033000330000000003333330000000000
33003330000330003333333033033330333333300000000033003330333333303303333033300330333333303300333033333330000000003300333000000000
33333300003333003300033033003330330003300000000033333330330003303300333003333330330003303333330033000330000000003333333000000000
33333000003333003300033033000330330003300000000033333300330003303300033000333300330003303333300033000330000000003333330000000000
00000000000000000000000000000000000000000000000000000000000000000000000000000000000000000000000000000000000000000000000000000000
00000000000000000000000000000000000000000000000000000000000000000000000000000000000000000000000000000000000000000000000000000000
00000000000000000000000000000000000000000000000000000000000000000000000000000000000000000000000000000000000000000000000000000000
00000000000000000000000000000000000000000000000000000000000000000000000000000000000000000000000000000000000000000000000000000000
00000000000000000000000000000000000000000000000000000000000000000000000000000000000000000000000000000000000000000000000000000000
00000000000000000000000000000000000000000000000000000000000000000000000000000000000000000000000000000000000000000000000000000000
