00000000000000000000000000000000000000000000000000000000000000000000000000000000000000000000000000000000000000000000000000000000
00000000000000000000000000000000000000000000000000000000000000000000000000000000000000000000000000000000000000000000000000000000
00000000000000000000000000000000000000000000000000000000000000000000000000000000000000000000000000000000000000000000000000000000
00000000000000000000000000000000000000000000000000000000000000000000000000000000000000000000000000000000000000000000000000000000
00000000000000000000000000000000000000000000000000000000000000000000000000000000000000000000000000000000000000000000000000000000
00000000000000003333330000000000033333000333333000333000333333003000003000333000330003300000000000000000000000000000000000000000
00000000000000003333333000000000333333300333333003333300333333303303033003333300330003300000000000000000000000000000000000000000
00000000000000003300333000000000333000000003300033303330330003303303033033303330333033300000000000000000000000000000000000000000
00000000000000003333330000000000033333000003300033000330330033303333333033000330033333000000000000000000000000000000000000000000
00000000000000003300333000000000000033300003300033333330333330000333330033333330003330000000000000000000000000000000000000000000
00000000000000003333333000330000333333300003300033000330330333000330330033000330003330000000000000000000000000000000000000000000
00000000000000003333330000330000033333000003300033000330330033300300030033000330003330000000000000000000000000000000000000000000
00000000000000000000000000000000000000000000000000000000000000000000000000000000000000000000000000000000000000000000000000000000
00000000000000000000000000000000000000000000000000000000000000000000000000000000000000000000000000000000000000000000000000000000
00000000000000000000000000000000000000000000000000000000000000000000000000000000000000000000000000000000000000000000000000000000
00000000000000000000000000000000000000000000000000000000000000000000000000000000000000000000000000000000000000000000000000000000
00000000000000000000000000000000000003300033330000333300000000000033330000333300003333000000000000333300003333000033330000000000
00000000000000000000000000000000000033300333333003333330000000000333333003333330033333300000000003333330033333300333333000000000
00000000000000000000000000000000003333300330033003300330000000000330033003300330033003300000000003300330033003300330033000000000
00000000000000000000000000000000003333300330033003300330000000000330033003300330033003300000000003300330033003300330033000000000
00000000000000000000000000000000000003300330033003300330000000000330033003300330033003300000000003300330033003300330033000000000
00000000000000000000000000000000000003300330033003300330000000000330033003300330033003300000000003300330033003300330033000000000
00000000000000000000000000000000000003300330033003300330000000000330033003300330033003300000000003300330033003300330033000000000
00000000000000000000000000000000000003300330033003300330000000000330033003300330033003300000000003300330033003300330033000000000
00000000000000000000000000000000000003300333333003333330000330000333333003333330033333300003300003333330033333300333333000000000
00000000000000000000000000000000000003300033330000333300000330000033330000333300003333000003300000333300003333000033330000000000
00000000000000000000000000000000000000000000000000000000000000000000000000000000000000000000000000000000000000000000000000000000
00000000000000000000000000000000000000000000000000000000000000000000000000000000000000000000000000000000000000000000000000000000
00000000000000000000000000000000000000000000000000000000000000000000000000000000000000000000000000000000000000000000000000000000
00000000000000000000000000000000000000000000000000000000000000000000000000000000000000000000000000000000000000000000000000000000
00000000000000000000000000000000000000000000000000000000000000000000000000000000000000000000000000000000000000000000000000000000
00000000000000000000000000000000000000000000000000000000000000000000000000000000000000000000000000000000000000000000000000000000
