00000000000000000000000000000000000000000000000000000000000000000000000000000000000000000000000000000000000000000000000000000000
00000000000000000000000000000000000000000000000000000000000000000000000000000000000000000000000000000000000000000000000000000000
00000000000000000000000000000000000000000000000000000000000000000000000000000000000000000000000000000000000000000000000000000000
00000000000000000000000000000000000000000000000000000000000000000000000000000000000000000000000000000000000000000000000000000000
00000000000000000000000000000000000000000000000000000000000000000000000000000000000000000000000000000000000000000000000000000000
00000000000000000000000000000000000000000000000000000000000000000000000000000000000000000000000000000000000000000000000000000000
00000000000000000000000000000000000000000000000000000000000000000000000000000000000000000000000000000000000000000000000000000000
00000000000000000000000000000000000000000000000000000000000000000000000000000000000000000000000000000000000000000000000000000000
00000000000000000000000000000000000000000000000000000000000000000000000000000000000000000000000000000000000000000000000000000000
00000000000000000000000000000000000000000000000000000000000000000000000000000000000000000000000000000000000000000000000000000000
00000000000000000000000000000000000000000000000000000000000000000000000000000000000000000000000000000000000000000000000000000000
00000000000000000000000000000000000000000000000000000000000000000000000000000000000000000000000000000000000000000000000000000000
00000000000000000000000000000000000000000000000000000000000000000000000000000000000000000000000000000000000000000000000000000000
00000000000000000000000000000000000000000000000000000000000000000000000000000000000000000000000000000000000000000000000000000000
00000000000000000000000000000000000000000000000000000000000000000000000000000000000000000000000000000000000000000000000000000000
00000000000000000000000000000000000000000000000000000000000000000000000000000000000000000000000000000000000000000000000000000000
00000000000000000000000000000000000000000000000000000000001111000001110000000000000000000000000000000000000000000000000000000000
00000000000000000000000000000000000000000000000000000000001111000001110000000000000000000000000000000000000000000000000000000000
00000000000000000000000000000000000000000000000000000000001001000000010000000000000000000000000000000000000000000000000000000000
00000000000000000000000000000000000000000000000000000000001001000000010000000000000000000000000000000000000000000000000000000000
00000000000000000000000000000000000000000000000000000000001001000000010000000000000000000000000000000000000000000000000000000000
00000000000000000000000000000000000000000000000000000000001001000000010000000000000000000000000000000000000000000000000000000000
00000000000000000000000000000000000000000000000000000000001001000000010000000000000000000000000000000000000000000000000000000000
00000000000000000000000000000000000000000000000000000000001001000000010000000000000000000000000000000000000000000000000000000000
00000000000000000000000000000000000000000000000000000000001001000000010000000000000000000000000000000000000000000000000000000000
00000000000000000000000000000000000000000000000000000000001001000000010000000000000000000000000000000000000000000000000000000000
00000000000000000000000000000000000000000000000000000000001001000000010000000000000000000000000000000000000000000000000000000000
00000000000000000000000000000000000000000000000000000000001111000001100000000000000000000000000000000000000000000000000000000000
00000000000000000000000000000000000000000000000000000000001111000001100000000000000000000000000000000000000000000000000000000000
00000000000000000000000000000000000000000000000000000000000000000000000000000000000000000000000000000000000000000000000000000000
00000000000000000000000000000000000000000000000000000000000000000000000000000000000000000000000000000000000000000000000000000000
00000000000000000000000000000000000000000000000000000000000000000000000000000000000000000000000000000000000000000000000000000000
