00000100000000000000000000000000000000000100000000000000000000000000000000000000000000000000000000000100000000000000000000000000
00001110000000000100000001000000000000000000000000000000333330010000333300000000333300000000000033330000000033330000000033333000
00000100000000000000000000000000001000000000000000000003333333000003333330000003333330000000000333333000000333333000000333333300
00000000000000000000000000000000000000000000000000000033300033300033000033000033000033000000003300003300003300003300003330003330
00000000000000000000000000000000000000000000000000000033000003300330000003300330000003300000033000000330033000000330003300000330
00000000000000000000000000000000000000000000001000000000000003300330000003300330000003300000033000000330033000000330003300000330
00000000000000000000000000000000000000000000000000000000000003300330100003300330001003300000033000000330033000000330000000000330
00000000100000000000000000000000000000000000000000010000000033000330000003300330000003300000033000000330033000000330000000000330
00000000000000000000000000000000000000000000000000000000003333000330000003300330000003300000033000000330033000000330000000003300
00000000000000000000000000001000000000000000100000000000103333000330000003300330000003300000033000000330033000000330000000003300
00000000000000000000000000000000000000000000000000000000000033300330010003300330000003300000033000000330033000000330000000033000
00000000000000000000000000000000000000000000000000000000000003300330000003300330000003300000033000000330033000000330000000330000
00000000000000000000000000000000000000100000000000000000001003300330000003300330000003300000033000000330033000000330000003300000
00000000000000000100000000000000000000000000000000000330000003300330000003300330001003300000033000000330033000000330000033000000
00000000000000000000000000000000000000000000000000000333000033300033000033000033000033000000003300003300003300003300000330000000
00000000000000000000000000000000000000000000000000000033333333000003333330001003333330000330000333333000000333333000003333333330
00000000000000000000000000001000000000000000000100000000333330000000333300000000333300000330000033330000000033330000033333333330
00000000001000000000000000000000000010000000000000000000000000000100000000000000000000000000000000000000000000000000000000000000
00000100000000000000000000000000000000000100000000000000000000100000000000100000000000000000000000000000000000000000000000000000
00000000000000000000000000000000000000000000000000000000000000000000000000000000000000000000000000000000000000000000000000000000
00000000000000000000000000000000000000000000000000000100010000000001000000000000000000000000000000000000000000000000000000000000
00000000000000000001000000000000000000000000000000000000000000000000000000000000100000000000000000000000000000000000000000000000
00000000000000000000000000000000000000000000001000000000000000000100000000000000000000000000000000000000000000000000000000000000
00000000000000000000000000000000000000000000000000000000000000000000000000000000000000000000000000000000000000000000000000000000
00000000000000000000000000000000000000000000000000000001000000100000000000000000000000000000000000000000000000000000000000000000
00000000000033300300000330030003033330333000000000003000000000000000001000000000003330003300300003000000000030000000000000001000
00000000000030030300003003003030030000300300000000033000000000000010000000000000003003030030300003000000000330000000000000000000
00000000000030030300003003000300030000300300000000003000000000100000000000000000003330030030300003000000000030000000000000000000
00000000001033300300003333000300033300333000000000003000010000000000000000000000003003033330300003000000000030000000000000000000
00000000000030000300003003000300030000303000001000003000000000000000000000000000003003030030300003000010000030000000000000000000
10000000000030000333303003000300033330300300000000003000000000000000000100000000003330030030333303333011000030000010000000000000
00000000000000000000000000000000000000000000000000000000000000000000100000000000100000000000000000000010000000000000000000100000
