00000000000000000000000000000000000000000000000000000000000000000000000000000000000000000000000000000000000000000000000000000000
00000000000000000000000000000000000000000000000000000000000000000333333333300000333300000000000333333000000033330000000000003000
00000000000000000000000000000000000000000000000000000000000000000333333333300003333330000000003333333300000333333000000000033000
00000000000000000000000000000000000000000000000000000000000000000000000033000033300333000000003300003300003300003300000000033000
00000000000000000000000000000000000000000000000000000000000000000000000033000330000003300000033000000330033000000330000000333000
00000000000000000000000000000000000000000000000000000000000000000000000330000330000003300000033000000330033000000330000000333000
00000000000000000000000000000000000000000000000000000000000000000000000330000330000003300000033300003330033000000330000003333000
00000000000000000000000000000000000000000000000000000000000000000000002200000330000003300000003333333300033000000330000033033000
00000000000000000000000000000000000000000000000000000000000000000000000000000333000033300000000333333000033000000330000033033000
00000000000000000000000000000000000000000000000000000000000000000000000000000033333333000000003333333300033000000330000330033000
00000000000000000000000000000000000000000000000000000000000000000000000000000003333333000000033330033330033000000330003330033000
00000000000000000000000000000000000000000000000000000000000000000000000000000000003330000000033300003330033000000330033300033000
00000000000000000000000000000000000000000000000000000000000000000000000000000000003300000000033000000330033000000330033333333330
00000000000000000000000000000000000000000000000000000000000000000000000000000000033000000000033000000330033000000330033333333330
00000000000000000000000000000000000000000000000000000000000000000000000000000000330000000000033300003330003300003300000000033000
00000000000000000000000000000000000000000000000000000000000000000000000000000003300000000330003333333300000111111100001220011022
22222222221112220001102220110020011022222011100000000001100000000000000011000110000001102222011003300110011001100110001220111022
11222222222111122201102220110222011022220011102210000001100000000000000110000110211201102223011003300110011011100110111200111022
11222222222111112201102220000222011022200111103221000011111110000000000110000110211201102223011100001110011011110110111001111022
11222222222221212201102222222220011022201101103332100011111110000000001100000110011001102223001111111100011021110110111011011022
11222222222222222201102222222220110022001101102333210011000011000000001100000111000011102223200111111002011011110110110011011022
11122222222222222201102222222200110220011001102233322000000001100000011000000011111111002322001111111100011011110110100110011022
11111122222222222201102222222001100200111001102223333221000001100000011000000001111111022322011110011110011011110110001110011022
11111112222222222201102222220011002201110001100022233332210001100000110000000100001110022222011100001110011011110110011100011000
11111111222211222201102222200110022201111111111022222000321001100000110000000122001100222222011002200110011011110110011111111110
11111111122111222201102222001100222201111111111022220010030011000001100000001220011002212222011002200110011001100110011111111110
11111111112111222201102220011000000000000001100000000111000111010001100000001200110021110000011100001110001100001100000000011000
11111111111112222201102200111111111022222201102201100011111110020011000000002001100222220110001111111100200111111002222222011022
11111111111222222201102201111111111022222201102201103001111100220111000000012011001222210110200111111001220011110022222222011022
11111111112332222200002200000000000022221200002200002300000002220000022110122000022222220000220000000022222000000222222222000022
11111122123332222222222222222222222222212222222222222222222222222222222222222222222222222222221111222222222222222222222222222222
11111122233322222222222222222222222222222222222222222222222222222222222222222221222222222112221122222222222222222222222222222210
