10000022000000000000000000000000000000000000000000000000222222222233333333333333333320000000000000000000000000000000000000000000
10333012000033303330000003000300030000000300030003000000222222222233333333333333333320000000000000000000000000000000000000000000
10333011000000300030000030303030303000003030303030300000222222222333333333333333333331000000000000000000000000000000000000000000
10033021000003000300000003003030303000003030303030300000222222223333333333333333333331000000000000000000000000000000000000000000
13033022000003000300000030303030303000003030303030300000222222223233333333333333333332000000000000000000000000000000000000000000
13033011000030003000000030303030303000003030303030300000222222222333333333333333333332000000000000000000000000000000000000000000
13033011000030003000030003000300030003000300030003000000222222222233333333333333333333000000000000000000000000000000000000000000
13033021000000000000000000000000000000000000000000000000222222222333333333333333333333100000000000000000000000000000000000000000
13000021111111112222233333333333333333333333222122222222222222223333333333333333333333100000000000000000000000000000000000000000
13333331111111112122222333333333333333333333221111222222222222222333333333333333333333200000000000000000000000000000000000000000
13333331111111111122223333333333333333333333222222222222222222222233333333333333333333100000000000000000000000000000000000000000
13333331111111111122223333333333333333333333222222212222222222222233333333333333333333200000000000000000000000000000000000000000
13333332111111112122223333333333333333333333222222122222222222322233333333333333333333200000000000000000000000000000000000000000
13333332111111111122223333333333333333333333222222212222222222223233333333333333333333200000000000000000000000000000000000000000
13333332111111111122223333333333333333333333222211222222222222222233333333333333333333200000000000000000000000000000000000000000
13333332111111111112222333333333333333333333322212222222222222222333333333333333333333200000000000000000000000000000000000000000
12333332111111111112222333333333333333333333222212212222222222223333333333333333333333200000000000000000000000000000000000000000
12333333111111111112222233333333333333333333322211122222222222222322333333333333333333200000000000000000000000000000000000000000
12333333111111111112223333333333333333333333222111111222222222222322333333333333333333200000000000000000000000000000000000000000
02333333111111111112223333333333333333333333322111111122222222222223333333333333333333200000000000000000000000000000000000000000
02333333211111111121222333333333333333333333322111221122222222222222333333333333333333200000000000000000000000000000000000000000
02333333211101111112222333333333333333333333322211121122222222222223233333333333333333100000000000000000000000000000000000000000
02333333211111111112222333333333333333333333321111111122222222222322233333333333333333100000000000000000000000000000000000000000
01333333211111111111122333333333333333333333322111111222222222223232333333333333333333100000000000000000000000000000000000000000
01333333211000000000000000000000000000000033322111100022222222222222333333333333000000000000000000000000000000000000000000000000
01333333211033300300000330030003033330333003322111003012222122222222333333333333033303030333033000300000330003003000300000000000
01333333211030030300003003003030030000300303332111033012222222222222333333333333030003030030030303030000303030303000300000000000
01333333211030030300003003000300030000300303322111003022222222222222333333333333030000300030030303030000330030303000300000000000
01333333211033300300003333000300033300333003322111103011222222222223333333333333033000300030033003330000303033303000300000000000
01333333211030000300003003000300030000303003321111103021222222222223333333333333030003030030030303030000303030303000300000000000
01333333211030000333303003000300033330300303321111103021222222222222333333333333033303030030030303030000330030303330333000000000
01333333211000000000000000000000000000000003221111100011222222222222333333333333000000000000000000000000000000000000000000000000
