00000000000000000000000000000000000000000000000000000000000000000000000000000000000000000000000000000000000000000000000000000000
00000000000000000000000000000000000000000000000000000000000000000000000033333000000033333300000000003333330000033000000033333000
00000000000000000000000000000000000000000100000000000000000000000000000333333300000333333300000000033333330000333000000333333300
00000000000000000000000000000000000000000000000000000000000000000000003330003330000330000000000000033000000003333000003330003330
00000000000000000000000000000010000000000000000000000000000000000000003300000330000330000010000000033000000000033000003300000330
00000000000000000000000000000000000000000000000100000000000000000100003300000330000330000000000000033000000000033000000000000330
00000000000000000000000000000000000000000000000000000000000000000000000000000330003333333000000000333333300000033000000000000330
00000000000000000100000000000000000000010000000000000010000000000000000000000330003333333000000000333333300000033000000000003300
00000000000000000000000000000000000000000000000000000000000000000000000000003300003300003300000000330000330000033000000000333300
00000000000000000000000000000000000000000000000000000000000010000000000010003300000000000330000000000000033000033000000000333300
00000000000000000000000000000000000000000000000000000000000000000000000000033000000000000330000000100000033000033000000000003330
00000000000000000000000000000000000000000000000000000000000000000000000000330000000000000330000000000000033000033000000000000330
00000000000000000000000000000010000000000000000000000000101000000000000003300001000000000330000000000000033000033000000000000330
00010000000000000000000000000000000000000000001000000000000001000010100033000000003000003300000000300000330000033000033000000330
00000000000000000000000000000000000000000000000000000000000000000000000330000000033300033300000003330003330000033000033300003330
00000000000000000000000000000000000000000000000000000000000100000000003333333330003333333000033000333333300000033000003333333300
00000000000000000000000000000000000000000000000000000000000000000000033333333330000333330000033000033333000010033000000033333000
00000000000000000100000000000000000000000001000000010000001000000010000000000000000000000000000000000000000000000000000000000000
00000000000000000000000000000000000000000000000000000000000000100000001000000000000000000000000000000000000000000000000000000000
00000000000000000000000000001000000000000000000000000000001000000000100000000000000000000000000000000000000000000000000000000000
00000000000000000000000000000000000000000000000000000000000000000001000001000010000000000000000000000000000000000000000000000000
00000000000000000000000000000000000100000000000000000000000000100000000000000000000000000000000000000000000000000000000000000000
00000000000000000000000000000000000000000000000000010000010000000000001000000000000000000000000000000000000000000000000001000000
00000100000000000000000000000000000000000000000000000000000000000000000000000000000000000000001000000000000000000000000011100000
00001110000000000000000000000000000000000000000000000000000000000000000000000000000000000000000000000000000000000000000001000000
00000100000033300300000330030003033330333000000000003000000000000000000000000000003330003300300003000000000030000000000000000000
00000000000030030300003003003030030000300300000000033000000000000010000000000000003003030030300003000000000330000000000000000000
00000000000030030300003003000300030000300300000000003000000000000000000000000000003330030030300003000000000030000000000000000000
00000000000033300300003333000300033300333000000000003000000000100000000001000000003003033330300003000000010030000000000000000000
00000000000030000300003003000300030000303000000010003000000000000000000000000000003003030030300003000000000030000000000000000000
00000000000030000333303003000300033330300300000000003000000000000000000000000000003330030030333303333000000030000000000000000000
00000000000000000000000000000000000000000000000000000000000000000001000000000001000000000000000000000000000000000000000000000000
