00000000000000000000000000000000000000000010000000000000000000000000000000000000000000000000000000000000000000000000000000000000
00000000001000000000000000000000000000000000000000000000000000000000000000000000000000000000000000000000000000000000000000000000
00000000011100000000000000100000000100000000000000000000000000010000000000000000000000000000000000000000000000000000000000000000
00000000001000000000000000000000000000000000000000000100000000000000000000000000000000000000000000000000000000000000000000000000
00000000000000000000000000000000000000000000000000000000000000000000000000000000000000000001000000000000000000000000000000000000
00000000000000000000000000000000000000000000001000000000000000000000000000000000000000000000000000000000000000000000000000000000
00000000000000000000000000000000000000000000000000000000000000000000100000000000000000000000000000000000000000000000000000000000
00000000001000000000000000000000000000000000000000010000000000000000000000000000000000000000000000000000000000000000000000000000
00000000000000000000000000111001110000001101100000000011000011000110000001100110000001100000011000000110011000000110011000000110
00000000000000000000000001110000111000011001100000000000000001100110000001100110000001100000011000000110011000000110011000000110
00000000000000000000000001100000011000111001100000000000000001100110001001100110000001100000011000000110011000000110011000000110
00000000000000000000000001100000011001110001100000000000000001100110000001100110000001101000011000000110011000000110011000000110
00000000000000000000000001100000011001111111111000100000010001100110000001100110000001100000011000000110011000000110011000000110
00000000000000000001000001110000111001111111111000000010000011000110000001100110010001100000011000000110011000000110011001000110
00000000000000000000000000111001110000000001100000000111000111000011000011000011000011000000001100001100001100001100001100001100
00000000000000000000000000011111100000000001100001100011111110000001111110001001111110000110000111111000000111111000000111111000
00000000000000000000000000001111000000000001100001100001111100000000111100000000111100000110000011110000000011110000000011110000
00000000000000000000000000000000000001000000000000000000000000000000000000000000000000000000000000000000000000000000000000000000
00000000000000000000000000000000000000000010000000000000000000100000001001000000000000000000000000000000000000000000000000000001
00000000000000000000000000000000000000000000000000000000000000000000000000000000000000000000000000000000000000000000000000000000
00000000000000000000000000000000000000000000000000000100000000000000000000000000000001000000000000000000000000000000000000000000
00000000000000000000010000000000000000000000000000000000000000000000000000000100000000000000000000000000000000000000000000000000
00000000000000000000000000000000000000000000000100000000000000000100000000000000000000000000000000000000000000000000000000000000
00000000000000000000000000000000000000000000000000000000100000100000000000000000000000000000000000000000000000000000000000000000
00000000000000000000000000000000000000000000000000000001000000000000001000000000000000000000000000000000000000000000000000000000
00000000000000110100100110001100111000110011100000001000000000000000000000000000000111000110010000011000000010000000000000000000
00000000000000010100101001010010100101001010010000011000000000000100000000100000000100101001010000100100000110000000000000000000
00000000000000010100101000010010100101001010010000001000001000010000000000000000000111001001010000100100000010000000000000000000
00000000000000010100101011011110100101001011110100001000000000000000000000000000000100101001010000111100000010000000000000000000
00000000000010010100101001010010100101001010100000001000000000000000000000000000000100101001010000100100000010000000000000000000
01000000000001100011000110010010111000110010010000001000000000000000000100000000000111000110011110100100000010000000000000000000
11100000000000000000000000000000000000000000000000000000000000000000100000000000000000000000000000000000000000000000000000000000
