33333333333333333333322222211122322222112333333333333333333333333333333333333332222222222221001223222222222222222222222210000000
33333333333333333333332222222222222221112333333333333333333333333333333333333332222222222221001223222222222222222222222210000000
33333333333333333333333222222222222221112333333333333333333333333333333333333332222222222221001223222222222222222222222210000000
33333333333333333333333332222222222222222223333333333333333333333333333333333332222222222211001233222222222222222222222210000000
33333333333333333333333333222222222222222223333333333333333333333333333333333332222222222211002233222222222222222222222210000000
33333333333333333333333333222222222222222223333333333333333333333333333333333332222222222211002233222222222222222222222210000000
33333333333333222222333333222222222222222223333333333333333333333333333333333332222222222221002233222222222222222222222210000000
33333333222222210112233333322222222222222223333333333333333333333333333333333333222222222221102333322222222222222222222210000000
33333332222221100001123333333222222222222223333333333333333333333333333333333333222222222221111223332222222222222222233210000000
33333332222111000000112333333333322222222233333333333333333333333333333333333333222222222222111122332222222222222222333210000000
33333322211110000000011233333333333332233333333333333333333333333333333333333333322222222222221112333222222222222222322210000000
33333222211000000000000123333333333333333333333333333333333333333333333333333333322222222222221012333322222222222222322100000000
33333222110000000000000012333333333333333333333333333333333333333333333333333333332222222222221112233332222222222222222100000000
33332222110001111000000012333333333333333333333333333333333333333333333333333333332222222222221112233332222222222222221100000000
33332222110011211100000012333333333333333333333333333333333333333333333333333333333222222222222211223333222222222222211000000000
33332222110112322111110012333333333333333333333333333333333333333333333333333333333322222211222221113333332222222222210000000000
33332222210112332111110012333333333333333333333333333333333333333333333333333333333322222221222211113333333322322221100000000000
33332222210112333211110012333333333333333333333333333333333333333333333333333333333332222221122211113333333333332211000000000000
33332222210112333211100012333333333333333333333333333333333333333333333333333333333333222222112221222322222222211110000000000000
33332222210112333211000012333333333333333333333333333333333333333333333333333333333333322222112222222211111110000000000000000000
33332222210112333211000012333333333333333333333333333333333333333333333333333333333333322222222222222211111100000000000000000011
33332222210112333110000012333333333333333333333333333333333333333333333333333333333333333222222111111111111100000000000000001122
33332222211122333210000123333333333333333333333333333333333333333333333333333333333333333322222222111111111100000000000000011222
33332222111122233210001223333333333333333333333333333333333333333333333333333333333333333333222222111111111100000000111000112233
33332222111222222111112233333333333333333333333333333333333333333333333333333333333333333333322222222111111110011111111111222333
33333222122222221111122333333333333333333333333333333333333333333333333333333333333333333333333222222222211111111112222222223333
33333222222222211011223333333333333333333333333333333333333333333333333333333333333333333333333333222222222222222222222222333333
33333322222222210012233333333333333333333332222222333333333333333333333333333333333333333333333333333222222222222222333333333333
33333332222222211122333333333333333333322222111112222222333333333333333333333333333333333333333333333332222222222333333333333333
33333333322222222223333333333333333332221111100011111122333333333333333333333333333333333333333333333333333333333333333333333333
33333333332222222223333333333333333322211111111111111222333333333333333333333333333333333333333333333333333333333333333333333333
33333333333322222223333333333333333322111111111111111222333333333333333333333333333333333333333333333333333333333333333333333333
