00012211000000011100122110000012111111111111233333233233333333333333333322233333223333333333333333333000000000000000000000000000
00012100000001100000111110000012221110011111233332232233223333333333333332222333233333333333333333333100000000000000000000000000
00013100000012210000000000000000111101001111122333222222223333333333333333233333223333333333333333333200000000000000000000000000
00023211100123320000000000000000000000000111122333322222232333333333333333222322222233333333333333333300000000000000000000000000
00123322211223332000000000000000000000000111112333332222232333333333333333322222322233333333333333333310000000000000000000000000
11123323322233333100000000000000000000000111112333332222232333333333333333322222222233333333333333333320000000000000000000000000
12233323332233333221000000000000000000000111111233332222223333333333333333322323332333333333333333333320000000000000000000000000
13333333333333333332100000000000000000000111111233333222223233333333333333322222222223333333333333333330000000000000000000000000
13333333333333333333200000000000000000000001111223333222222233333333333333332222222223333333333333333330000000000000000000000000
13333333233333333333210000000000000000000001111123333222222223333333333333332322222223333333333333333331000000000000000000000000
13333233232222333333310000001000000000000001111122333222222323333333333333332222222232233333333333333331000000000000000000000000
13333333333323333000000000000000000000000000000122333322222223333333333333332222223333233333333333333332000000000000000000000000
12232333223333330033300333330033300333300333330122333322222223333333333333333222223333333333333333333332000000000000000000000000
01122222233333330300030003000300030300030003000112333322222223333333333333333222223333233333333333333332000000000000000000000000
12222222233333330300000003000300030300030003001112333332222223333333333333333222222232233333333333333332000000000000000000000000
13223322333333330033300003000300030333300003001111333322222223333333333333333222222233333333333333333332000000000000000000000000
13333332222221210000030003000333330303000003001111333332222222333333333333333222222223333333333333333332000000000000000000000000
13333321111110100000030003000300030300300003001112233332222223333333333333333222222223333333333333333332000000000000000000000000
12222221110011100300030003000300030300030003001112233332212223333333333333333222222222333333333333333332000000000000000000000000
12222110000000000033300003000300030300003003000112233332222223333333333333333222222222223333333333333331000000000000000000000000
12221100011101111000000000000000000000000000001111233332122222333333333333333222222223333333333333333331000000000000000000000000
12221100111000000000000000000000000000000000001111233332112222333333333333333222222223333333333333333331000000000000000000000000
12210000111111010000100000000000000000000000000111333332222223333333333333333222222223333333333333333331000000000000000000000000
12110001111111110011100000000000000000000000000012333322122222333333333333333222222223333333333333333320000000000000000000000000
11000001111000000000000000000000000000000000001011200032222122333333333333333222200000000000000000033320000000000000000000000000
00001111000033300300000330030003033330333000000012003022212222333333333333332222203330003300300003033310000030000000000000000000
01111110000030030300003003003030030000300300000112033022112223333333333333332222203003030030300003033310000330000000000000000000
00000000000030030300003003000300030000300300001012003021122223333333333333332222203330030030300003033200000030000000000000000000
01111111100033300300003333000300033300333000000112303021122223333333333333322222203003033330300003033200000030000000000000000000
12211111100030000300003003000300030000303000000012303021122223333333333333222222203003030030300003000000000030000000000000000000
13221111100030000333303003000300033330300300000012303021112223333333333333222222203330030030333303333000000030000000000000000000
13322211110000000000000000000000000000000000000112300021222223333333333332122222200000000000000000000000000000000000000000000000
