00000000000000000000000000000000000000000000000000000000000000000000100000000000000000000000000000000000000000000000000000000000
00000000000000000000000000000000000000000000000000000000000033330000000033333300100330000000000033330000000033333000000033333000
00000000000010000000000000000000000000000000100000000000000333333000000333333300003330000000000333333000000333333300000333333300
00000000000000000000000000000100000000000000000000000000003330033300000330000000033330000000003300003300103330003330103330003330
11111111111111111111111111111111000000111111111111111111033000000330110330111111000330111111033001100330103300000330103300100330
11111111111111111110011111111110000000011111111111111111033022110330100330000011110330111111033011110330100001110330003301110330
11111111111111111102210011111110000000111111111111111111033022110330103333333011110330111111033011110330111111101330000001110330
11111111111111111033333201111111110001111111111111111111033001100330103333333001110330111111033001110330111110003310011111100330
11111111101111111133322331111111111100101111111111111111033300003330103300003300110330111111033001110330111110333310111111103300
10011111101110110233332233111111111110101111111111111111003333333300100001100330110330111111033001110330111100333311111111003301
00111111111110001332333233301111111000000111111111111111100333333301101111110330110330111111033001110330111110003330111110033001
01111111112110011231233233320111111000000011111111111111110000333001111111110330110330111111033000120330001211101330111100330011
01111111112211001231233223331111111100000001111111111111011100330011100011100330110330111111033000120330000011110330111003300111
00111111001111000133333333332001111111000001011111111100000003300111003001003300110330101111033000000330033001100330110033000111
10111111001111000023333333333100111110000000001111111010000033001111033300033301010330100000003300003300033300003331100330000000
11111111111111000013323331233200001111000000100011111110000330011111003333333000010330110330100333333001003333333311003333333330
11111111111110100012312331223200000001000000100001100110003300011011100333330011110330110330110033330011100033333111033333333330
11111111111110100000233332223300000000100000000001110010000000011001110000000001110000110000111000000111111000001111000000000000
11111111111101110000033333323200000000000000000000100001000000000000000111111111100111111110111111111111111111111111111101111000
11111111111100111010022333333100000000000000000000010000100000000000000001111111100001111110111111111111111111111110110001101000
11111111111100022110022333221000000000000000000000000000000000000000000001111111100000011110001111111111111111011100100000010000
11111111110012112210023332000000000000000000000000000000000000000000000000111111100000001010000100111111001110001100100000000000
11111111101122110110022320000000000000000000000000000000010000000000000000001111110000000000000101011110000111001100000000000000
00111111012221001111000000000000000000000000000000000000000000000000000000000100011000000000000001101111111111011100000000000000
00111111022000000000000000000000000000000000000000000000000000000000000000000000000000000000000000001111110000011100000000000000
10111111022033300300000330030003033330333000000000003000000000000000000000000000003330003300300003001111110030001110000000000000
11111111101030030300003003003030030000300300000000033000000000000000000000000000003003030030300003011111110330111110000000000000
10012211000030030300003003000300030000300300000000003000000000000000000000000000003330030030300003001100000030111110000000000000
10002221000033300300003333000300033300333000000000003000000000000000000000000000003003033330300003001100001030111100001111000000
00001211100030000300003003000300030000303000000000003000000000000000000000000000003003030030300003000010000030111100011111100000
10000111110030000333303003000300033330300300000000003000000000000000000000000000003330030030333303333010010030111100101111100000
10000111111000000000000000000000000000000000000000000000000000000000000000000000000000000000000000000010011000101111000010000001
