00000000000000000000000000000000000000000000000000000000000000000000000000000000000000000000000000000000000000000000000000000000
00000000000000000000000000000000000000000000000000000000000000000000000000000000000000000000000000000000000000000000000000000000
00000000000000000000000000000000000000000000000000000000000000000000000000000000000000000000000000000000000000000000000000000000
00000000000000000000000000000000000000000000000000000000000000000000000000000000000000000000000000000000000000000000000000000000
00000000000000000000000000000000000000000000000000000000000000000000000000000000000000000000000000000000000000000000000000000000
00000000000000000000000000000000000000000000000000000000000000000000000000000000000000000000000000000000000000000000000000000000
00000000000000000000000000000000000000000000000000000000000000000000000000000000000000000000000000000000000000000000000000000000
00000000000000000000000000000000000000000000000000000000000000000000000000000000000000000000000000000000000000000000000000000000
00000000000000000000000000000000000000000000000000000000000000000000000000000000000000000000000000000000000000000000000000000000
00000000000000000000000000000000000000000000000000000000000000000000000000000000000000000000000000000000000000000000000000000000
00000000000000000000000000000000000000000000000000000000000000000000000000000000000000000000000000000000000000000000000000000000
00000000000000000000000000000000000000000000000000000000000000000000000000000000000000000000000000000000000000000000000000000000
00000000000000000000000000000000000000000000000000000000000000000000000000000000000000000000000000000000000000000000000000000000
00000000000000000000000000000000000000000000000000000000000000000000000000000000000000000000000000000000000000000000000000000000
00000000000000000000000000000000000000000000000000000000000000000000000000000000000000000000000000000000000000000000000000000000
00000000000000000000000000000000000000000000000000000000000000000000000000000000000000000000000000000000000000000000000000000000
00111100111111000000000000000000000000000000000000000000000000000000000000000000000000000000000000000000000000000000000000000000
01111110111111100000000000000000000000000000000000000000000000000000000000000000000000000000000000000000000000000000000000000000
11000110110001100000000000000000000000000000000000000000000000000000000000000000000000000000000000000000000000000000000000000000
11000000110011100000000000000000000000000000000000000000000000000000000000000000000000000000000000000000000000000000000000000000
11100110111110000000000000000000000000000000000000000000000000000000000000000000000000000000000000000000000000000000000000000000
01111110110111000000000000000000000000000000000000000000000000000000000000000000000000000000000000000000000000000000000000000000
00111100110011100000000000000000000000000000000000000000000000000000000000000000000000000000000000000000000000000000000000000000
00000000000000000000000000000000000000000000000000000000000000000000000000000000000000000000000000000000000000000000000000000000
11111110001110001100000001111110001110000111110000000000000000000000000000000000000000000000000000000000000000000000000000000000
11111110011111001100000001111110011111001111111000000000000000000000000000000000000000000000000000000000000000000000000000000000
11000000111011101100000000011000111011101110000000000000000000000000000000000000000000000000000000000000000000000000000000000000
11111000110001101100000000011000110001100111110000000000000000000000000000000000000000000000000000000000000000000000000000000000
11111000111111101100000000011000111111100000111000000000000000000000000000000000000000000000000000000000000000000000000000000000
11000000110001101111110000011000110001101111111000000000000000000000000000000000000000000000000000000000000000000000000000000000
11000000110001101111110000011000110001100111110000000000000000000000000000000000000000000000000000000000000000000000000000000000
00000000000000000000000000000000000000000000000000000000000000000000000000000000000000000000000000000000000000000000000000000000
