00000000000000000000000000000000000000000000000000000000000000000000000000000000000000000000000000000000000000000000000000000000
00000000000000000000000000000000000000000000000000000000000000000000000000000000000000000000000000000000000000000000000000000000
00000000000000000000000000000000000000000000000000000000000000000000000000000000000000000000000000000000000000000000000000000000
00000000000000000000000000000000000000000000000000000000000000000000000000000000000000000000000000000000000000000000000000000000
00000000000000000000000000000000000000000000000000000000000000000000000000000000000000000000000000000000000000000000000000000000
00000000000000000000000000000000000000000000000000000000000000000000000000000000000000000000000000000000000000000000000000000000
00000000000000000000000000000000000000000000000000000000000000000000000000000000000000000000000000000000000000000000000000000000
00000000333330000000000000003333300000333330033300333000000000333000000000333000000033333300000033300000033300000333330000000000
00000003311111000000000000003111110000311111031110311100000000311100000000311100003331111113000031110000031110033311111300000000
00000033111111100000000000003111110000311111031110311100000000311100000000311100003111111111100031111000031110031111111110000000
00000031110031110000000000003111110003311111031110311100000000311100000000311100033111111111100031111100031110331111111110000000
00000001110031110000000000003111311003113111031110311100000000311100000000311100331111000011110031111100031110311110001111000000
00000000000031110000000000003111311003113111031110311100000000311100000000311100311110000001111031111110031110311100000111000000
00000000000331110000000000003111311033113111031110311100000000311100000000311100311100000003111031113110031110011113300000000000
00000000003311100000000000003111311131113111031110311100000000311100000000311100311100000003111031110111031110001111113000000000
00000000033111100000000000003111011131113111031110311100000000311100000000311100311100000003111031110311031110000111111100000000
00000000031111000000000000003111031131103111031110311100000000311100000000311100311100000003111031110011131110000001111110000000
00000000331110000000000000003111031131103111031110311100000000311100000000311100311100000033111031110031131110333000001111000000
00000003311100000000000000003111031111103111031110311100000000311100000000311100011110000331111031110001111110311100033111000000
00000003111100000000000000003111001111103111031110311133333300311133333300311100001111333311110031110003333132032203330222033333
33302222003330220033022203302200333022203330222033302220333333333002220000022200333302220333333022200300220033022203330222033333
33302222200000200330022203002220030022200300222003002220033333333300222222222003333002220033330022220002200330022200330222000333
33302220222222003330222203022222030222220302222203022222033333333330002222200033333022222033330222222222003330222220330022220333
33300000000000033330000003000000030000000300000003000000033333333333300000003333333000000033330000000000033330000000333000000333
33333333333333333333333333333333333333333333333333333333333333333333333333333333333333333333333333333333333333333333333333333333
33333333333333333333333333333333333333333333333333333333333333333333333333333333333333333333333333333333333333333333333333333333
33333333333333333333333333333333333333333333333333333333333333333333333333333333333333333333333333333333333333333333333333333333
33333333333333333333333333333333333333333333333333333333333333333333333333333333333333333333333333333333333333333333333333333333
33333333333333333333333333333333333333333333333333333333333333333333333333333333333333333333333333333333333333333333333333333333
33333333333333333333333333333333333333333333333333333333333333333333333333333333333333333333333333333333333333333333333333333333
33333333333333333333333333333333333333333333333333333333333333333333333333333333333333333333333333333333333333333333333333333333
33333333333333333333333333333333333333333333333333333333333333333333333333333333333333333333333333333333333333333333333333333333
