00000000000000010000000000000000000000000000000000000000000000000000000000001000000000000000000000000001110000000000000000000000
00000000000000111000000000000000000000000100000000000000000000000001000000000000000000000000000000000000100000000000000000000000
00000000000000010000000000000000000000000000000000000000000000000000100000000000000000000000000000000000000000000000000000000000
00000000000000000000000000000000000000000000000000000000000000000000000000000000000000000000010000000000000000000000000000000000
00000000000000000000000000000000000000000000000000001000000000000000000000000000000000000000100000000000000000000000000000000000
00000000000000000000000000010000000000000000000000011100000000000000000000000000000000000000000000000000000000000000000000000000
00000000000000000000000000001000000000000000000000001000000010000000000000000000000000000000000000000000000000000000000000000000
00000000000000000000000000000000000000000000000000000000000001000000000000000010000000000000000000000000000000000000000000000000
00000000000000000000000000000000000000000000000000000000000000000000000000000001000000000000000000000000000000000000010000000000
00000000000000000000000000000000000000000000000000000000000000000000000000000000000000000000000000000000000000000000100000000000
00000000000000000000000000000000000000000000000000000000000000000000000000000000000000000000000000000000000000000000000000000000
00000000000000001000000000000000000000000000000000000010000000000000000000000000000000000100000000000000000000000000000000000000
00000000000000010000000000000000000000010000000000000100010000100000000000000000000000000000000000000000000000000000000000000000
00000000000000000000000000000000000000100000000000000000000000000000010000000000000000000000000000000000000000000000000000000000
00000000000000000000000000000000000000000000000000000000000000000000000000000000000000000000000000000000000000000000000000000000
00000000000000000000000000000000000000000000000000000000000000000000000000000000000000000000000000000000000000000000000000000000
00000000000000000000000000000000000000000000000000000000000000000000000000000000000000000000000000000000000000000000000000000000
00000000000000000000000000000000000000000000000000000000000000000000000000000000000000000000100000000000000000000000000000000000
00000000000000000000000000000000000000000000000000000000000000000001000000000000100000000000000000000000000000000000000000000000
00000000000000000000000000000000010000000000001000000000010000010000000000000001000000000000000000000000000000000000000000000000
00000000000000000000000000000000001000000000010000000000000000000000010000000000000000000000000000000000000000000000000000000000
00000000000000000000000000000000000000000000000000000000000000000000000000000000000000000000000000000000000000000000000000000000
00000000000100000000000000000000000000000000000000000000000000000000000000000000000000000000000000000000000000000000000000000000
00000000000010000000000000000000000000000000000000000000000000000000000100000000000000010000000000000000000000000000000000000000
00000000000000000000000100000000000000000000000000000000000000000000001000000000000000111000000000000000000000000000000000000000
00000000000000000000001000000000000000000000000000000000000000101000000000000001000000010000000000000000000000000000000000000000
00000000000000000000000000000000000000000000000000000010000000000000000000000000000000000000000000000000000000000000000000000000
00000000000000000000000000000000000000000000001000000111000000000000000000010000000000000000000000000000000000000000000000000000
00000000000000000000000000000000000000000000000100000010000000000000000000100000000000000000000000000000000000100000000000000000
00000000000000000000000000000000000000000000000000000000000000000000000000000000000000000000000000001000000000010000000000000000
00000000000000000000000000000000000000000000000000000000000000000000000000000000000000000000100000010000000000000000000000000000
00000000000000000000000000000000100000000000000000000000000000000000000000000000000000000000010000000000000000000000000000000000
