00000000000000000000000000000000000000000000000000000000000000000000000000000000000000000000000000000000000000000000000000000000
00000000000000000000000000000000000003333333333000000000333333000000333330000000333330000000000033333000000033333000000333333000
00000000000000000000000000000000000003333333333000000003333333010003333333000003333333000000000333333300000333333300003333333300
00000000000000000000000000000000000000000000330000000003300000033033300033300033300033300000003330003330003330003330003300003300
00000000000000000000000000000000000000000000330000000003303333333033000003300033000003300000003300000330003300000330033000000330
00000000000000000000000000000000000000000003300000000003300000333000031003300033000003300000003300000330000000000330033000000330
00000000000000000000000000000000000000000003300000001033333330333333333003300000000003300000000000000330000000000330033300003330
00000000000000000000000000000000000000000033000000013033333330033333300033000000000003300000000000000330000000003300003333333300
00000000000000000000000000000000011000000033000000133033000033003333303333000000000033000000000000003300000000333300000333333000
00000000000000000000000000000001233320000330000000333000033003301111203333000000000033000000000000003300000000333300003333333300
00000000000000000000000000000002333332000330000001333333333103300000000033300000000330000000000000033000000000003330033330033330
00000000000000000000000000000003332233003300000002333333333303302222221003300000003300000000000000330000000000000330033300003330
00000000000000000000000000000002221123003300000003333000333003300000333303300000033000000000000003300000000000000330033000000330
00000000000000000000000000000002221123033000000123330030030033000330033003300000330000000000000033000000033000000330033000000330
00000000000000000000000000000001111120033002211100000333000333030333000033300003300000000000000330000000033300003330033300003330
00000000000000000000000000000000111100330012201103300033333330030033333333000033333333300330003333333330003333333300003333333300
00000000000000000000000000000000001203330012222203302003333300333000333330020333333333300330033333333330000033333000000333333000
00000000000000000000000001222111011100000122221200002200000003333320000000320000000000000000000000000000000000000000000000000000
00000000000000000000000012333321111121221111111223322333322333333223332333320000000000000000000000000000000000000000000000000000
00000000000000000000001232233221111111110100010233323333333333332233332233310000000000000000000000000000000000000000000000000000
00000000000000000000001211222211110000000000000232323333333333322333333133200000000000000000000000000000000000000000000000000000
00000000000000000000000110112110100000000100011122223333333233322233333133200000000000000000000000000000000000000000000000000000
00000000000000000000000210011100110001111111222122222333333233322333333233100000000000000000000000000000000000000000000000000000
00000000000000000000000110000000111111111222222222222333333233222233332233000000000000000000000000000000000000000000000000000000
00000000000000000000000000000000000000000011111111200022333233233233332231000000000000000000000000000000000000000000000000000000
00000000000033300300000330030003033330333000000000003032333322223233222320000000003330003300300003000000000030000000000000000000
00000000000030030300003003003030030000300300000000033022223222222322223310000000003003030030300003000000000330000000000000000000
00000000000030030300003003000300030000300300000000003022222222222222333200000000003330030030300003000000000030000000000000000000
00000000000033300300003333000300033300333000000000003022222222222222322000000000003003033330300003000000000030000000000000000000
00000000000030000300003003000300030000303000000000003022222222222222210000000000003003030030300003000000000030000000000000000000
00000000000030000333303003000300033330300300000000003001122222222222100000000000003330030030333303333000000030000000000000000000
00000000000000000000000000000000000000000000000000000000001122111000000000000000000000000000000000000000000000000000000000000000
