00000000000000000000000000000000000000000000000000000000000000000000000000000000000000000000000000000000000000000000000000000000
00000000000000000000000000000000000000000000000000000000000000000000000000000000000000000000000000000000000000000000000000000000
00000000000000000000000000000000000033333000003333000000333330000333333300033333330000000000000000000000000000000000000000000000
00000000000000000000000000000000000331111100033111100003311111000311111110031111111000000000000000000000000000000000000000000000
00000000000000000000000000000000000311111110331111110033111111100311111111031111111000000000000000000000000000000000000000000000
00000000000000000000000000000000000311000110311100111031110001110311000311031100000000000000000000000000000000000000000000000000
00000000000000000000000000000000000311333000311000010031100003110311333311031133330000000000000000000000000000000000000000000000
00000000000000000000000000000000000011111100311000000031100003110311111110031111111000000000000000000000000000000000000000000000
00000000000000000000000000000000000001111110311000300031100003110311111100031111111000000000000000000000000000000000000000000000
00000000000000000000000000000000000330003110311003310031100033110311001110031100000000000000000000000000000000000000000000000000
00000000000000000000000000000000000311333110011133111001113331110311003110031133330000000000000000000000000000000000000000000000
00000000000000000000000000000000000011111110001111110000111111100311000111031111111000000000000000000000000000000000000000000000
00000000000000000000000000000000000001111100000111100000011111000011000011101111111000000000000000000000000000000000000000000000
00000000000000000000000000000000000000000000000000000000000000000000000000000000000000000000000000000000000000000000000000000000
00000000000000000000000000000000000000000000333330000000000333333000000330000000333330000000000033333000000033333000033333333330
00000000000000000000000000000000000000000003333333000000003333333300003330000003333333000000000333333300000333333300033333333330
00000000000000000000000000000000000000000033300033300000003300003300033330000033300033300000003330003330003330003330000000003300
00000000000000000000000000000000000000000033000003300000033000000330000330000033000003300000003300000330003300000330000000003300
00000000000000000000000000000000000000000000000003300000033000000330000330000033000003300000003300000330000000000330000000033000
00000000000000000000000000000000000000000000000003300000033300003330000330000000000003300000000000000330000000000330000000033000
00000000000000000000000000000000000000000000000033000000003333333300000330000000000003300000000000000330000000003300000000330000
00000000000000000000000000000000000000000000003333000000000333333000000330000000000033000000000000003300000000333300000000330000
00000000000000000000000000000000000000000000003333000000003333333300000330000000000033000000000000003300000000333300000003300000
00000000000000000000000000000000000000000000000033300000033330033330000330000000000330000000000000033000000000003330000003300000
00000000000000000000000000000000000000000000000003300000033300003330000330000000003300000000000000330000000000000330000033000000
00000000000000000000000000000000000000000000000003300000033000000330000330000000033000000000000003300000000000000330000033000000
00000000000000000000000000000000000000000330000003300000033000000330000330000000330000000000000033000000033000000330000330000000
00000000000000000000000000000000000000000333000033300000033300003330000330000003300000000000000330000000033300003330000330000000
00000000000000000000000000000000000000000033333333000330003333333300000330000033333333300330003333333330003333333300003300000000
00000000000000000000000000000000000000000000333330000330000333333000000330000333333333300330033333333330000033333000033300000000
00000000000000000000000000000000000000000000000000000000000000000000000000000000000000000000000000000000000000000000000000000000
00000000000000000000000000000000000000000000000000000000000000000000000000000000000000000000000000000000000000000000000000000000
