00000000000000000000000000000000000000000000000000000000000000000000000000000000000000000000000000000000000000000000000000000000
00000000001000000000000000001111100000001111100000000000111100000000111100000000111100000000000011110000000011110000000011110000
00000000011100000000000000011111110000011111110000000001111110010001111110000001111110000000000111111000000111111000000111111000
00000000001000000000000000111000111000111000111000000011100111000011000011000011000011000000001100001100001100001100001100001100
00000000000000000000000000110000011000110000011000000110000001100110000001100110000001100001011000000110011000000110011000000110
00000000000000000000000000000000011000000000011000000110000001100110000001100110000001100000011000000110011000000110011000000110
00000000000000000000000000000000011000000000011000000110000001100110100001100110000001100000011000000110011000000110011000000110
00000000001000000000000000000000110000000000110000010110000001100110000001100110000001100000011000000110011000000110011000000110
00000000000000000000000000000011110000000011110000000111000011100110000001100110000001100000011000000110011000000110011000000110
00000000000000000000000000000011110000000011110000000011111111000110000001100110000001100000011000000110011000000110011000000110
00000000000000000000000000000000111000000000111000000001111111000110001001100110000001100000011000000110011000000110011000000110
00000000000000000000000000000000011000000000011000000000001110000110000001100110000001101000011000000110011000000110011000000110
00000000000000000000000000000000011000000000011000100000001100000110000001100110000001100000011000000110011000000110011000000110
00000000000000000001000001100000011001100000011000000000011001000110000001100110010001100000011000000110011000000110011001000110
00000000000000000000000001110000111001110000111000000000110000000011000011000011000011000000001100001100001100001100001100001100
00000000000000000000000000111111110000111111110001100001100000000001111110001001111110000110000111111000000111111000000111111000
00000000000000000000000000001111100000001111100001100011000100000000111100000000111100000110000011110000000011110000000011110000
00000000000000000000000000000000000001000000000000000000000000000000000000000000000000000000000000000000000000000000000000000000
00000000000000000000000000000000000000000010000000000000000000100000001001000000000000000000000000000000000000000000000000000001
00000000000000000000000000000000000000000000000000000000000000000000000000000000000000000000000000000000000000000000000000000000
00000000000000000000000000000000000000000000000000000100000000000000000000000000000001000000000000000000000000000000000000000000
00000000000000000000010000000000000000000000000000000000000000000000000000000100000000000000000000000000000000000000000000000000
00000000000000000000000000000000000000000000000100000000000000000100000000000000000000000000000000000000000000000000000000000000
00000000000000000000000000000000000000000000000000000000100000100000000000000000000000000000000000000000000000000000000000000000
00000000000000000000000000000000000000000000000000000001000000000000001000000000000000000000000000000000000000000000000000000000
00000000000011100100000110010001011110111000000000001000000000000000000000000000001110001100100001000000000010000000000000000000
00000000000010010100001001001010010000100100000000011000000000000100000000100000001001010010100001000000000110000000000000000000
00000000000010010100001001000100010000100100000000001000001000010000000000000000001110010010100001000000000010000000000000000000
00000000000011100100001111000100011100111000000100001000000000000000000000000000001001011110100001000000000010000000000000000000
00000000000010000100001001000100010000101000000000001000000000000000000000000000001001010010100001000000000010000000000000000000
01000000000010000111101001000100011110100100000000001000000000000000000100000000003330030030333303333000000030000000000000000000
11100000000000000000000000000000000000000000000000000000000000000000100000000000000000000000000000000000000000000000000000000000
