00000000000000000000000000000000000000000000000000000000000000000000000000000000000000000000000000000000000000000000000000000000
00000000000000000000000000000000000000000000000000000000000000000000000000000000000000000000000000000000000033330000000033333300
00000000000000000000000000000000000000000000000000000000000000000000000000000000000000000000000000000000000333333000000333333300
00000000000000000000000000000000000000000000000000000000000000000000000000000000000000000000000000000000000000000000000000000000
00000111111111111112321000000000000000000000000000000000000000000000000000000000000000000000000000000000000000000000000000000000
00000111222111111112332100000000000000000000000000000000000000000000000000000000000000011111100000000000000000000000000000000000
00000011111111121223333200000000000000000000000000000000000000111111111100000000000000112222100000000000000000000000000000000000
00000011111111112322223200000000000000000000000000001000000001111111111110110000000011122222100000000000000000000000000000000000
00000001111112123212222200000000000000000000000000011111000011111222111111111100000011112222100000000000000000000000000000000000
00000001111122112223323100000000000000000000000000111121100111111222111111111110000011112221100000000000000000000000000000000000
00000001111123112332333200000000000000000000000001111222111011101111111111111110000011222221000000000000000000000000000000000000
00000001111113222211223200000000000000000000000001111211122011111111111121111110000001112110000000000000000000000000000000000000
00000000111123322121123210000000000000000000000011111121121111111111122122111110000000011000000000000000000000000000000000000000
00000000111132222221223321000000000000000000000011211221121111111111132222121210000000000000000000000000000000000000000000000000
00000001111121122222222332000000000000000000000011211222211111111121223221222110000000000000000000000000000000000000000000000000
00000000111122112222222231000000000000000000000001111222111011001221212221121100000000000000000000000000000000000000000000000000
00000000111012212322212221000000000000000000000000001111111100011222221122211000000000000000000000000000000000000000000000000000
00000000110011113323101110000000000000000000000000000000111111112222332222210000000000000000000000000000000000000000000000000000
00000000000011122332100000000000000000000000000000000000001221111222222222200000000000000000000000000000000000000000000000000000
00000000000001122321000000000000000000000000000000000000011111111222222222100000000000000000000000000000000000000000000000000000
00000000000000112211000000000000000000000000000000000000011110110112222321000000000000000000000000000000000000000000000000000000
00000000000000001100000000000000000000000000000000000000011110000112123320000000000000000000000000000000000000000000000000000000
00000000000000000000000000000000000000000000000000000000001111111122223321000000000000000000000000000000000000000000000000000000
00000000000000000000000000000000000000000000000000000000001111110012233221000000000000000000000000000000000000000000000000000000
00000000000000000000000000000000000000000000000000000000001111000123232211000000000000000000000000000000000000000000000000000000
00000000000000000000000000000000000000000000000000000000000111000122223210000000000000000000000000000000000000000000000000000000
00000000000000000000000000000000000000000000000000000000000000000132223200000000000000000000000000000000000000000000000000000000
00000000000000000000000000000000000000000000000000000000000000001122223210000000000000000000000000000000000000000000000000000000
00000000000000000000000000000000000000000000000000000000000000001111223200000000000000000000000000000000000000000000000000000000
00000000000000000000000000000000000000000000000000000000000000000111122100000000000000000000000000000000000000000000000000000000
00000000000000000000000000000000000000000000000000000000000000000000112100000000000000000000000000000000000000000000000000000000
00000000000000000000000000000000000000000000000000000000000000000000010000000000000000000000000000000000000000000000000000000000
