00010000000000001000000000000000000000000100000000000000000000000000000000000000000000000000000000000000000000000000000000000000
00000000000000011100000010000000000000000000000000001111100000010000111110000000111100000001100000000001100000011000000011111100
00000000000000001000000000000000010000000000000000011111110000000001111111000001111110000011100000000011100000111000000111111100
00000000000000000000000000000000000000000000000000111000111000000011100011100011100111000111100000000111100001111000000110000000
00000000000000000000000000000000000000000000010000110000011000000011000001100110000001100001100000000001100000011000000110000000
00000000000000000000000000000000000000000000000000110000011000000011000001100110000001100001100000000001100000011000000110000000
00000000000000000000000000000000000001000000000000000000011000000000010001100110000101100001100000000001100000011000001111111000
00000010000000000000000000000000000000000000000000100000011000001000000001100110000001100001100000000001100000011000001111111000
00000000000000000000000000010000000000000000000000000000110000000000000011000111000011100001100000000001100000011001001100001100
00000000000000000000000000000000000000000000000000000000110010000000000011000011111111000001100000000001100000011000000000000110
00000000000000000000000000000000000000000000000000000001100000000000000110000001111111000101100000000001100000011000000000000110
00000000000000000000000000000000000000000000000000000011000000000000001100000000001110000001100000000001100000011000000000000110
00000000000000000000000000000000000001000000000000000330001000000000033000000000003300000003300000000003300000033000000000000330
00000000000000001000000000000000000000000000000001003300000001000100330000000000033000000003300000000003300000033000003000003300
00000000000000000000000000000000000000000000000000033000000000000003300000000000330000000003300000000003300000033000033300033300
00000000000000000000000000000000000000000000000000333333333003300033333333300003300000000003300003300003300000033000003333333000
00000000000000000000000000010000000000000000001003333333333003300333333333300033000000000003300003300003300000033000000333330000
00000000100000000000000000000000000100000000000000000000000000000000000000000000000000000000000000000000000000000000000000000000
00010000000000000000000000000000000000000000000000000000000000100000001000100000000000000000000000000000000000000000000000000000
00000000000000000000000000000000000000000100000000000000000000000000000000000000000000000000000000000000000000000000000000000000
00000000000000000000000000000000000000000000000000000100010000000000100000000000000000000000000000000000000000000000000000000000
00000000000000000000000000000000000000000000000000000000000000000000000000000000010000100000000000000000000100000000000000000000
00000000000000000010000000000000000000000000010000000000000000000000000000000100000000000000000000000000000000000000000000000000
00000000000000000000000000000000000000000000000000000000000000000100000000000000000000000000000000000000000000000000000000000000
00000000000000000000000000000000000000000000000000000001000000100000000000000000000000000000000000000000000000000000000000000000
00000000000000330300300330003300333000330033300000003000000000000000001000000000000333000330030000033000000030000000000000000010
00000000000000030300303003030030300303003030030000033000000000000000000000000000000300303003030000300300000330000000000000000000
00000000000000030300303000030030300303003030030000003000000000000010000000010000000333003003030000300300000030000000000000000000
00000000100000030300303033033330300303003033330000003000010000100000000000000000000300303003030000333300000030000000000000000000
00000000000030030300303003030030300303003030300000003000000000000000000000000000000300303003030000300300000030000000100000000000
00000000000003300033000330030030333000330030030000003000000000000000000000000000000333000330033330300301100030000001110000000000
00000000000000000000000000000000000000000000000000000000000000000000000100000000000000000000000000000000000000000000100000000000
