00000000000000000000000000000000000000000000000000000000000000000000000000000000000000000000000000000000000000000000000000000000
00000000000000000000000000000000000000000000000030000000000033333000000330000000000030000000000033333000000033330000000033333000
00000000000000000000000000000000000000000000000330000000000333333300003330000000000330000000000333333300000333333000000333333300
00000000000000000000000000000000000000000000000330000000003330003330033330000000000330000000003330003330003330033300003330003330
00000000000000000000000000000000000000000000003330000002303300300330000330000000003330000000003300000330033000000330003300000330
00000000000000000000000000000000000000000000003330000133300003330330330330000000003330000000003300000330033000000330000000000330
00000000000000000000000000000000000000000000033330001333333333300330330330000000033330000000000000000330033000000330000000000330
00000000000000000000000000000000000000000000330330013333333330003300330330000000330330000000000000000330033000000330000000003300
00000000000000000000000000000000011000000000330330133333333330333303330330000000330330000000000000003300033300003330000000333300
00000000000000000000000000000001233320000003300330333333333100333300220330000003300330000000000000003300003333333300000000333300
00000000000000000000000000000002333332000033300330333333333110003330000330100033300330000000000000033000000333333300000000003330
00000000000000000000000000000003332233000333000330003333333333300330220330100333000330000000000000330000000000333000000000000330
00000000000000000000000000000002221123100333333333303333000033330330330330210333333333300000000003300000000000330000000000000330
00000000000000000000000000000002221123100333333333303333033003300330330330310333333333300000000033000000000003300000033000000330
00000000000000000000000000000001111123100000000330000000033300003330330330320000000330000000000330000000000033000000033300003330
00000000000000000000000000000000111121111012200330330330003333333300330330320000000330000330003333333330000330000000003333333300
00000000000000000000000000000000001220121012220330330330300033333003330330320000000330000330033333333330003300000000000033333000
00000000000000000000000001222111011120121122220000320000333000000022320000320000000000000000000000000000000000000000000000000000
00000000000000000000000012333321111121221111111223322333322333333223332333320000000000000000000000000000000000000000000000000000
00000000000000000000001232233221111111110100010233323333333333332233332233310000000000000000000000000000000000000000000000000000
00000000000000000000001211222211110000000000000232323333333333322333333133200000000000000000000000000000000000000000000000000000
00000000000000000000000110112110100000000100011122223333333233322233333133200000000000000000000000000000000000000000000000000000
00000000000000000000000210011100110001111111222122222333333233322333333233100000000000000000000000000000000000000000000000000000
00000000000000000000000110000000111111111222222222222333333233222233332233000000000000000000000000000000000000000000000000000000
00000000000000000000000000000000000000000011111111200022333233233233332231000000000000000000000000000000000000000000000000000000
00000000000033300300000330030003033330333000000000003032333322223233222320000000003330003300300003000000000030000000000000000000
00000000000030030300003003003030030000300300000000033022223222222322223310000000003003030030300003000000000330000000000000000000
00000000000030030300003003000300030000300300000000003022222222222222333200000000003330030030300003000000000030000000000000000000
00000000000033300300003333000300033300333000000000003022222222222222322000000000003003033330300003000000000030000000000000000000
00000000000030000300003003000300030000303000000000003022222222222222210000000000003003030030300003000000000030000000000000000000
00000000000030000333303003000300033330300300000000003001122222222222100000000000003330030030333303333000000030000000000000000000
00000000000000000000000000000000000000000000000000000000001122111000000000000000000000000000000000000000000000000000000000000000
