00000000000000000000000000000000000000000000000000000000000000000000000000000000000000000000000000000000000000000000000000000000
00111111111100000333333003300030003333300003330003333001033333300333300103333330033333301033330103300030001111111111111100000000
00011111111111110333333003300030033333300033333003333300033333300333330003333330033333300333333003300030000111111111111110000000
00011111111111110003300003330030033300000333033003303330000330000330333000033000000330000330033003330030000111111111111111000000
00001111110001111103300003333030033300110330000003300330110330000330033000033011100330000330033003333030000001111110001111100000
00001111110000111103300003333330033330010330111103303330010330000330333000033011100330000330033003333330000001111110000111110000
00001111110000111103300003333330003333000330111103333300000330000333330000033011110330000330033003333330000001111110000011110000
00001111110000111103300003303330000033300330000003333000000330000333300000033011110330000330033003303330000001111110000011111000
00001111110000110003300003300330000033300333033003303300000330000330000000033011000330000330033003300330000001111110000011111000
00001111110000110333333003300030033333300033333003303330033333300330110000033011033333300333333003300030000001111110000001111100
00001111110000110333333003300030033333000003330003300330033333300330110000033011033333301033330003300030000001111110000001111100
00001111110000110000000000000000000000000000000100000000000000000000100000000011000000001100000000000000000001111110000001111110
00001111110001111111000001111110011100000000001110000000000000011111100000000011111100001111110001111111000001111110000001111110
00001111110001111111000001110000111100000033300110333000000000011111100000000011111100001111110001111110000001111110000001111110
00001111110011111110000001110301110000000000030110000300000000011111100000000011111100001111110011111110000001111110000001111110
00001111111111111110000001110301110330000011030100000300000000011111100000000011111110001111111111111100000001111110000001111110
00001111111111111000000001110301110330000011030100000300000000011111100000000011111110001111111111111000000001111110000001111110
00001111111111110000000001110000010000000011000100000000000000011111100000000011111110001111111111110000000001111110000001111110
00001111111111110000000001110300000000000011030110000300000000011111100000000011111110001111111111110000000001111110000001111110
00001111110111111000000001110300000330000011030110000300000000011111100000000011000000000000000000000000000001111110000001111110
00001111110111111000000001110300000330000001030110000300000000011111100000000011003333000333333000033000000001111110000001111110
00001111110011111100000001110000000000010001000110000000000000001111100000000011033333300333333000333300000001111110000011111110
00000001000011111000000001111110000100010101111110000000000000001000000000000011033003300003300000333300000001111110000011111110
33333300330001110033300001111110000100111000111110000000003330001033010000000011033003300003300000330300000001111110000011111100
33333330330001110333330033010330333333303333333010000000003330000033010000000111033003300003300000330300000001111110000011111100
33000330330000113330333033303330330000003300033011000000000330000000010000000111033003300003300000330300000001111110000111111100
33333330330000113300033003333300333330113300333011000000010330000011110000001111033003300003300000330300000001111110001111111000
33333300330000013333333000333000330000003333300011110001110330000000011000001111033003300003300003333330000011111110011111111000
33000001333333013300033010333011333333303303330011111111110330000033011100011111033333300333333003333330100111111111111111110000
33011111333333003311133010333011333333303300333011111111110330000033011111111111003333000333333003300330110011111111111111100000
00011111000000000011100010000011000000000000000001111111100000000000001111111100000000000000000000000000110111111111111110000000
00000000000000000000000000000000000000000000000000000000000000000000000000000000011111100111111001111110000000000000000000000000
