00000000000000000000000011100000000000000110110000001100000111111111111111111111111111111111111111000000000000000001111111111100
01101100111010000000000011100000000000000000000000000000000111111111111111111111111111111111111111110011110000000001111111111110
01111110110100000000000011100000000000000000000000000000000010010001101111111111111111111111111111110011110000000011110000111110
11000100010010000000000001110000000000000000000000000000000000000000000001111111111111111111111111110001111000000011100000011100
01001000001110000000000001110000000000000000000000000000000000000000000001111111111111111111111111110001101000000011010000011100
01111000000110000000000000110000000000000000000000000000000000000000000000111111101111111111111111111001100000010000111101111100
00001000000000000000000000001100000000000000000000000000000000000000000000111110101111111111111111111100001000011001111000111100
00000000000000000000000000001110000000000000000000000000000000000000000000011110111111111111111111110101100000011001111001111100
00000000000000000000000000001110000000000000000000000000000000000000000000001100111111011111111111110101100100011000011001111111
00000000000000000000000022222110000000000000000000000000000000000000000000000011111110000111111111100011112122211222212211111111
21222222222222222222222222322211111000000000000000000000000000000000000000000001111100000111111111110011111222211222222211111100
21122222211222222222222222322221111100000000000000000000000000000000000000000000111000000011111111111111111211211212211210111100
21212222111222222222222222322222222110000000000000000000000000000000000000000000000000000000111111111111111111111112111100111000
22222222222222222222222222222222222211111110000000000000000000000000000000000000000000000000001101111111111121111221111100111100
12222222222222222222222222222222222222111111101011000000000000000000000000000000000000000000000100111111111121111111111101111100
12222111222222222222222223232322232222222222111111111000000000000000000000000000000000000000000010010111111122222211111111111100
22221111222222222223232232233333333333333222222222221100000000000000000000000000000000000000000010000011111112211211111111111100
22222222222222222222322323233333333333333333333222222110100000000000000000000000000000000000000000000011111111111211111011111100
22222222222222222222233323233333333333333333333333333222211000000000000000000000000000000000000000000001111111111121111112321111
22222222222222222222223333333333333333333333333333333333222100000000000000000000000000000000000000000000111111111121111113211122
22222222222222222222223333333333333333333333333333333333333222110000000000000000000000000000000000000000011111111111111122100122
22222222222222222222222233333333333333333333333333333333333322211111000000000000000000000000000000000000011111111222111222100222
22222222222223322222222233333333333333333333333333333333333333322121000000000000000000000000000000000000011111111222111222111222
22222222222222322222222333333333333333333333333333333333333333333222111100000000000000000000000000011100001111111122111222222222
22222222222222222222222333333333333333333333333333333333333333333333222110000000000000000000000000011000100111012112112222222222
22222222222222222222222322333333233333333333333333333333333333333333332221000000000000000000000000000000111111001211112222222222
22222222222222232222222222233333333333333333333333333333333333333333333332110000000000000000000000000011111111001111122222222211
22222222222222222322222222222222333333333333333333333333333333333333333333221000000000000000000000000000111111101111122222221100
22222222222222222222211111222222222232233333333333333333333333333333333333332111000000000000000000000000011101211111112222221110
22222222222222222222111111122222222222222223333333333333333333333333333333333211000000000000000000000000011110121111111222112110
22222222222222222222111111122222222222222222333333333333333333333333333333333322210000000000000000000000001110021111122222122110
22222222222222222211111111112122222222222222233333333333333333333333333333333333211000000000000000000000001111011111122222111110
