01000000000000100000000000000000000000000000000000000000000000000000000000000000000000000000000000000000000000000000000000000000
00000000000000000000001000000000100000003333300000001000333333010000333300000000333330000000000033333000000033333300000000003300
00000000000000000000000000000000000000033333330000000003333333000003333330000003333333000000000333333300000333333300000000033000
00000000000000000000000000000000000000333000333000000003300000000033000033000033300033300000003330003330000330000000000000330000
00000000000000000000000000000000000000330000033000000003300000000330000003300033000003300000003300000330000330000000000003300000
00000000000000000000000000000000000000330000033000000003300000000330010003300000000003300000003300000330000330000000000033000000
00000000000000000000000000000000000010000000033000100033333330000330000003300000000003300000000000000330003333333000000333330000
00001000000000000000000000000000000000000000033000000033333330000330000003300000000033000000000000000330003333333000003333333000
00000000000000000000000000100000000000000000330000000033000033000330000003300000003333000000000000003300003300003300003330033300
00000000000000000000000000000000000000000000330000000000000003300330000003300000003333000000000000003300000000000330033300003330
00000000000000000000000000000000000000000003300000000000000003300330001003300000000033300010000000033000000000000330033000000330
00000000000000000000000000000000000000000033000000000000000003300330000003300000000003300000000000330000000000000330033000000330
00000000000000000000000000000000000010000330000000000000001003300330000003300000000003300000000003300000000000000330033000000330
00000000000000100000000000000000000000003300000001000030000033000330000003300330000003300000000033000000003000003300033300003330
00000000000000000000000000000000000000033000000000000333000333000033000033000333000033300000000330000000033300033300003330033300
00000000000000000000000000000000000000333333333003300033333330000003333330000033333333000330003333333330003333333001000333333000
00000000000000000000000000100000000003333333333003301003333300000000333300000000333330000330033333333330000333330000000033330000
00000010000000000000000000000000000000000000000000000000000000000000000000000000000000000000000000000000000000000000000000000000
01000000000000000000000000000000001000000000000000000000000000000010001000000000000000000000000000000000000000000000000000000000
00000000000000000000000000000000000000001000000000000000000000100000000100000000000000000000000000000000000000000000000000000000
00000000000000000000000000000000000000000000000000000100010000000000100000000000000000000000000000000000000000000000000000000000
00000000000000000000000000000000000000000000000000000000000000000000000000000000010000010000000000000000000001000000000000000000
00000000000000001000000000000000000000000000000000000000000000000000000000000010000000000000000000000000000000000000000000000000
00000000000000000000000000000000000000000000010000000000000000000100000000000000000000000000000000000000000000000000000000000000
00000000000000000000000000000000000000000000000000000000000000000000000000000000000000000000000000000000000000000000000000000000
00000000000000330300300330003300333000330033300000003001000000100000000000000000000333000330030000033000000330000000000000000000
00000000000000030300303003030030300303003030030000033000000000000000000000000000000300303003030000300300003003000000000000000000
00000000000000030300303000030030300303003030030000003000000000000010000000000000000333003003030000300300000003000000000000000000
00000010000000030300303033033330300303003033330000003000000000000000000000010000000300303003030000333300000330000000000000000000
00000111000030030300303003030030300303003030300000003000010000000000000000000000000300303003030000300300003000000000000000000000
00000010000003300033000330030030333000330030030000003000000000000000000000000000000333000330033330300300003333000000000000000000
00000000000000000000000000000000000000000000000000000000000000000000000010000000000000000000000000000000000000000000001000000000
