00000000000000000000000000000000000000000000000000000000000000000000000000000000000000000000000000000000000000000000000000000000
00000000000000000000000000000000000000003333300000000000333300000000333330000000333300000000000033330000000033333000000033330000
00000000000000000000000000000000000000033333330000000003333330000003333333000003333330000000000333333000000333333300000333333000
00000000000000000000000000000000000000333000333000000033300333000033300033300033000033000000003330033300003330003330003330033300
00000000000000000000000000000000000000330000033000000330000003300033000003300330000003300000033000000330003300000330033000000330
00000000000000000000000000000000000000000000033000000330000003300033000003300330000003300000033000000330000000000330033000000330
00003333000000333333000033033003333300000030033000030330333303300000033303300330000003303000033030000330330003300330033033000330
00003333000000333333000033333003333330000000330000030330033003303330033003300330000003303300033003000330333000003300033003000330
00003111100000311111100331131103111110000033330110030333000033301311031033000330000003301130033300003330111300333301033300003330
00003111100000311111100331111103111111000033330010030033333333001111030033010330000003301110003333333300111100333300003333333300
00003111100000311111100311111103111111000000333010031003333333011111000330010330000003301111300333333301111110003330100333333300
00000111100000011111100311111100111111100000033010001100003330011111003300110330000003301111010000333001111110100330110000333000
00000111100000011111100311111100111100000001033010001111003300111110033001110330000003301111011100330011000010110330111100330000
00000311000000331111000311001100311003300030033000003110033003110000330010010330000003300311031003300031033000300330131003300000
00000311000000331011000311331100311303330000333000003100330003113003300000000033000033000000030033000031033300003330130033000000
00000311000000311331000311333300311300333333330003303003300103110033333333300003333330000330000330000031003333333300000330000000
00000311033000311331100311011110311110003333300103303033001103110333333333300000333300100330003300100031100033333000003300000000
00000311033000311111100311011110311110000000001100003000011103110000000000000000000001100000000001000031111000000000000000000000
00000311031103311111100311031100311031000331111110003110111103110311003110330000000031100311031103100031100310311000031100000000
00003311331133310033130311331103311031303331003313033110111103113311033113311000000031133311331103130331133313311000331100000000
00003311331133110033110311331103311031303311003311033110311103113311033113311000000031133311331103130331133313311000331100000000
00003111111131111031111311111103111131113111103111131111011103111111031111111000000031111111311113111311111113111100311110000000
00003111111131111031111011111103111131113111103111131111011100111111031111111000000001111111311113111311111113111100311110000000
00003111111131111031111011111103111131113111103111131111031100111111031111111000000001111111311113111311111113111100311110000000
00000111111000000000000000000000000000000011100111100011001100011111001111111000000000000000000000011011111000111100011110000000
00000111111033300300000330030003033330333001100111003011001100011111001111111000003330003300300003011011110030111100011110000000
00000000000030030300003003003030030000300300000000033000000000000000000000000000003003030030300003000000000330000000000000000000
00000000000030030300003003000300030000300300000000003000000000000000000000000000003330030030300003000000000030000000000000000000
00000000000033300300003333000300033300333000000000003000000000000000000000000000003003033330300003000000000030000000000000000000
00000000000030000300003003000300030000303000000000003000000000000000000000000000003003030030300003000000000030000000000000000000
00000000000030000333303003000300033330300300000000003000000000000000000000000000003330030030333303333000000030000000000000000000
00000000000000000000000000000000000000000000000000000000000000000000000000000000000000000000000000000000000000000000000000000000
