00000000000000000000000000000000000000000000000000000000000000000000000000000000000000000000000000000000000000000000000000000000
00000000000000000000000000000000000000000000000000000000000000000000000000000000000000000000000000000000000000000000000000000000
00000003333333000000000000000000000000033330000000000000333330003330000000000000000000000000000000000000000000000000000000000000
00000003113333300000000000000000000000031130000000000003333333003133000000000000000000000000000000000000000000010122122333333222
00000000000000000000000000000000000000000000000000000000000000000000000000000000000000000000000000000000000000000001233333333333
00000000000000000000000000000000000000000000000000000000000000000000000000000000000000000000000000000000011100000001233333323333
00000000000000000000000000000000000000000000000000000000000000000000000000000000000000000000000000000001233310000012333333322322
00000000000000000000000000000000000000000000000000000000000000000000000000000000000000000000000000000003333321100133333333210222
00000000000000000000000000000000000000000000000000000000000000000000000000000000000000000000000000000133333222211333333333100211
00000000000000000000000000000000000000000000000000000000000000000000000000000000000000000000000000001333332110012333333332000211
00000000000000000000000000000000000000000000000000000000000000000000000000000000000000000000001222223333333100123333333321001211
00000000000000000000000000000000000000000000000000000000000000000000000000000000000000000000023333333333333211233333333310001311
00000000000000000000000000000000000000000000000000000000000000000000000000000000000000000000233333333333333323332333333100001212
00000000000000000000000000000000000000000000000000000000000000000000000000000000000000000001333333222210111211221222332100000012
00000000000000000000000000000000000000000000000000000000000000000000000000000000000000000003333331000000000000132222221110000001
00000000000000000000000000000000000000000000000000000000000000000000000000000000000000000013333331000000000000132222221110000111
00000000000000000000000000000000000000000000000000000000000000000000000000000000000000000023333332000111111000132222221100000000
00000000000000000000000000000000000000000000000000000000000000000000000000000000000000000023333322000122222100232222221110000000
00000000000000000000000000000000000000000000000000000000000000000000000000000000000000000023333322001322222100232222221110000000
00000000000000000000000000000000000000000000000000000000000000000000000000000000000000000013333222001322332100232222221110000000
00000000000000000000000000000000000000000000000000000000000000000000000000000000000000000013322222102333333100222222221110000000
00000000000000000000000000000000000000000000000000000000000000000000000000000000000000000002322222212333333211232222221100000000
00000000000000000000000000000000000000000000000000000000000000000000000000000000000000000001322222322323333322222222221000000000
00000000000000000000000000000000000000000000000000000000000000000000000000000000000000000000222222222222222212222222221100000000
00000000000000000000000000000000000000000000000000000000000000000000000000000000000000000000012222222222222222212222222110000000
00000000000000000000000000000000000000000000000000000000000000000000000000000000000000000000000111002222222221221222222210000000
00000000000000000000000000000000000000000000000000000000000000000000000000000000000000000000000000000222222222222222112121000000
00000000000000000000000000000000000000000000000000000000000000000000000000000000000000000000000000000022222222222222112222110000
00000000000000000000000000000000000000000000000000000000000000000000000000000000000000000000000000000002222222222222222222211111
00000000000000000000000000000000000000000000000000000000000000000000000000000000000000000000000000000000222222222222222212221111
00000000000000000000000000000000000000000000000000000000000000000000000000000000000000000000000000000000012222222222222221222111
00000000000000000000000000000000000000000000000000000000000000000000000000000000000000000000000000000000001222222222222222222222
