00000000000000000000000000000000000000000000000000000000000000000000000000000000000000000000000000000000000000000000000000000000
00000000000000000000000000000000000000000000000000000000000000000000000000000000000000000000000000000000000000000000000000000000
00000000000000000000000000000000000000000000000000000000000000000000000000000000000000000000000000000000000000000000000000000000
00000000000000000000000000000000000000000000000000000000000000000000000000000000000000000000000000000000000000000000000000000000
00000000000000000000000000000000000000000000000000000000000000000000000000000000000000000000000000000000000000000000000000000000
00000000000000000000000000000000000000000000000000000000000000000000000000000000000000000000000000000000000000000000000000000000
00000000000000000000000000000000000000000000000000000000000000000000000000000000000000000000000000000000000000000000000000000000
00000000000000003330000000000000003333300000333330033300333000000000333000000000333000000033333300000033300000033300000000000000
00000000000000003111000000000000003111110000311111031110311100000000311100000000311100003331111113000031110000031110000000000000
00000000000000033111000000000000003111110000311111031110311100000000311100000000311100003111111111100031111000031110000000000000
00000000000003331111000000000000003111110003311111031110311100000000311100000000311100033111111111100031111100031110000000000000
00000000000033111111000000000000003111311003113111031110311100000000311100000000311100331111000011110031111100031110000000000000
00000000000031111111000000000000003111311003113111031110311100000000311100000000311100311110000001111031111110031110000000000000
00000000000001113111000000000000003111311033113111031110311100000000311100000000311100311100000003111031113110031110000000000000
00000000000000003111000000000000003111311131113111031110311100000000311100000000311100311100000003111031110111031110000000000000
00000000000000003111000000000000003111011131113111031110311100000000311100000000311100311100000003111031110311031110000000000000
00000000000000003111000000000000003111031131103111031110311100000000311100000000311100311100000003111031110011131110000000000000
00000000000000003111000000000000003111031131103111031110311100000000311100000000311100311100000033111031110031131110000000000000
00000000000000003111000000000000003111031111103111031110311100000000311100000000311100011110000331111031110001111110000000000000
00000000000000003111000000000000003111001111103111031110311133333300311133333300311100001111333311110031332023132203330222033333
33302222003330220033022203302200333022203330222033302220333333333002220000022200333302220333333022200300220033022203330222033333
33302222200000200330022203002220030022200300222003002220033333333300222222222003333002220033330022220002200330022200330222000333
33302220222222003330222203022222030222220302222203022222033333333330002222200033333022222033330222222222003330222220330022220333
33300000000000033330000003000000030000000300000003000000033333333333300000003333333000000033330000000000033330000000333000000333
33333333333333333333333333333333333333333333333333333333333333333333333333333333333333333333333333333333333333333333333333333333
33333333333333333333333333333333333333333333333333333333333333333333333333333333333333333333333333333333333333333333333333333333
33333333333333333333333333333333333333333333333333333333333333333333333333333333333333333333333333333333333333333333333333333333
33333333333333333333333333333333333333333333333333333333333333333333333333333333333333333333333333333333333333333333333333333333
33333333333333333333333333333333333333333333333333333333333333333333333333333333333333333333333333333333333333333333333333333333
33333333333333333333333333333333333333333333333333333333333333333333333333333333333333333333333333333333333333333333333333333333
33333333333333333333333333333333333333333333333333333333333333333333333333333333333333333333333333333333333333333333333333333333
33333333333333333333333333333333333333333333333333333333333333333333333333333333333333333333333333333333333333333333333333333333
