00000000000000000000000000000000000000000000000000000000000000000000000000000000000000000000000000000000000000000000000000000000
00000000000000000000000000000000000000000000000000000000000000000000000000000000000000000000000000000000000000000000000000000000
00000000000000000000000000000000000000000000000000000000000000000000000000000000000000000000000000000000000000000000000000000000
00000000000000000000000000000000000000000000000000000000000000000000000000000000000000000000000000000000000000000000000000000000
00000000000000000000000000000000000000000000000000000000000000000000000000000000000000000000000000000000000000000000000000000000
00000000000000000000000000000000000000000000000000122333221000000000000000000000000000000000000000000000000000000000000000000000
00000000000000000000000000000000000000000000000012333333333210000000000000000000000000000000000000000000000000000000000000000000
00000000000000000000000000000000000000000000000233333333333332000000000000000000000000000000000000000000000000000000000000000000
00000000000000000000000000000000000000000000002333333333333333310000000000000000000000000000000000000000000000000000000000000000
00000000000000000000000000000000000000000000033333333333333333331000000000000000000000000000000000000000000000000000000000000000
00000000000000000000000000000013332000000000233333333333333333333000000000000000000000000000000000000000000000000000000000000000
00000000000000000000000000000033333200000001333333310111111112233100000000000000000000000000000000000000022200003330000000000330
00000000000000000000000000000000000000000000000000000000000000000000000000000000000000000000033000000330033000000330000000000330
00000000000000000000000000000000000000000000000000000000000000000000000000000000000000000000022000000330033000000330033000000330
00000000000000000000000000000000000000000000000000000000000000000000000000000000000000000000000000003330033300003330033300003330
00000000000000000000000000000000000000000000000000000000000000000000000000000000000000000000000033333300003333333300003333333300
00000000000000000000000000000000000000000000000000000000000000000000000000000000000000000000000033333000000333333000000033333000
00000000000000000000000000000000000000000000000000000000000000000000000000000000000000000000000000000000000000000000000000000000
00000000000000000000000000000000000000000000000000000000000000000000000000000000000000000000000000000000000000000000000000000000
00000000000000000000000000000000000000000000000000000000000000000000000000000000000000000000000000000000000000000000000000000000
00000000000000000000000000000000000000000000000000000000000000000000000000000000000000000000000000000000000000000000000000000000
00000000000000000000000000000000000000000000000000000000000000000000000000000000000000000000000000000000000000000000000000000000
00000000000000000000000000000000000000000000000000000000000000000000000000000000000000000000000000000000000000000000000000000000
00000000000000000000000000000000000000000000000000000000000000000000000000000000000000000000000000000000000000000000000000000000
00000000000000000000000000000000000000000000000000000000000000000000000000000000000000000000000000000000000000000000000000000000
00000000000033300300000330030003033330333000000000003000000000000000000000000000003330003300300003000000000030000000000000000000
00000000000030030300003003003030030000300300000000033000000000000000000000000000003003030030300003000000000330000000000000000000
00000000000030030300003003000300030000300300000000003000000000000000000000000000003330030030300003000000000030000000000000000000
00000000000033300300003333000300033300333000000000003000000000000000000000000000003003033330300003000000000030000000000000000000
00000000000030000300003003000300030000303000000000003000000000000000000000000000003003030030300003000000000030000000000000000000
00000000000030000333303003000300033330300300000000003000000000000000000000000000003330030030333303333000000030000000000000000000
00000000000000000000000000000000000000000000000000000000000000000000000000000000000000000000000000000000000000000000000000000000
