00000000000000000010000000000000000000000000000000000000000000000000000000111000000000000000000000000100000000000000000000000000
00000000000000000111000000000000000000000000000000000000000000000000000000010000000000000000000000001110000000000000000000000000
00000000000000000010000000000000000000000001000000000000000000000010000000000000000000000000000000000100000000000000000000000000
00000000000000000000000000000000000000000010000000000000000000000001000000000000000000000010000000000000000000000000000000000000
00000000000000000000000000000000000000000000000000000000000000000000000000000000000000000111000000000000000000000000000000000000
01000000000000000000000000000010000000000000000000001000000000000000000000000000000000000010000000000000000000000000000000000000
11100000000000000000000000000111000000000000000000000100000010000000000000000000000000000000000000000000000000000000000000000000
01000000000000000000000000000010000000000000000000000000000001000000000000000100000000000000000000000000000000000000000000000000
00000000000000000000000000000000000000000000000000000000000000000000000000000000000000000000000000000000000000000000000000000000
00000000000000000000000000000000000000000000000000000000000000000000000000000000000000000000000000000000000000000000000000000000
00000000000000000000000000000000000000000000000000000000000000000000000000000000000000000000000000000000000000000000000000000000
00000000000000000010000000000000000000000000000000000010000000000000000000000000000000000000000000000000000000000000000000000000
00000000000000000001000000000000000000001000000000000001000000100000000000000000000000000000000000000000000000000000000000000000
00000000000000000000000000000000000000000100000000000000000000000000000000000000000000000000000000000000000000000000000000000000
00000000000000000000000000000000000000000000000000000000000000000000000000000000000000000000000000000000000000000000000000000000
00000000000000000000000000000000000000000000000000000000000000000000000000000000000000000000000000000000000000000000000000000000
00000000000000000000000000000000000000000000000000000000000000000000000000000000000000000000000000000000000000000000000000000000
00000000000000000000000000000000000000000000000000000000000000000000000000000010000000000000000000000000000000000000000000000001
10000000000000000000000000000000000000000000000100000000000000000001000100000001000000000000000000000000000000000000000000000011
00000000000000000000000000000000000100000000001000000000010000100000000000000010000000000000000000000000000000000000000000000001
00000000000000000000000000000000000000000000000000000000001000000000100000000000000000000000000000000000000000000000000000000000
00000000000000010000000000000000000000000000000000000000000000000000000000000000000000000000000000000000000000000000000000000000
00000000000000100000000000000000000000000000000000000000000000000000001000000000000000000000000000000000000000000000000000000000
00000000000000000000000001000000000000000000000000000000000000000000000000000101000010100000000000000000000000000000000000000000
00000000000000000000000000000000000000000000000000000000000000010000000000000010000000000000000000000000000000000000000000000000
00000000000000000000000000000000000000000000000000000001000000000000000000000000000000000000000000000000000000000000000000000000
00000000000000000000000000000000000000000000000100000000000000000000000000100000000000000000000000000000000000000000000000000000
00000000000000000000000000000000000000000000001000000001000000000000000001000000000000000000000000000000000000000000000000000000
00000000000000000000000000000000000000000000000000000000000000000000000000000000000000000000000000000000001000000000000000000000
00000000000000000000000000000000000000000000000000000000000000000000000000000000000000000000000000000000000000000000000000000000
00000000000000000000000000000000000000000000000000000000000000000000100000000000000000000000000000000000000000000000000000000000
00000000000000000000000000000000000000000000000000000000000000000000010000000000000000000000000000000000000000000000000000000000
