00000000000000000000000000000000000000000000000000000000000000000000000000000000000000000000000000000000000000000000000000000000
00000000000000000000000000000000000000000000000000000000000000000000000000000000000000000000000000000000000000000000000000000000
00000000000000000000000000000000000000000000000000000000000000000000000000000000000000000000000000000000000000000000000000000000
00000000000000000000000000000000000000000000000000000000000000000000000000000000000000000000000000000000000000000000000000000000
00000000000000000000000000000000000000000000000000000000000000000000000000000000000000000000000000000000000000000000000000000000
00000000000000000000000000000000000000000000000000000000000000000000000000000000000000000000000000000000000000000000000000000000
00000000000000000000000000000000000000000000000000000000000000000000000000000000000000000000000000000000000000000000000000000000
00000000000000000000000000000000000000000000000000000000000000000000000000000000000000000000000000000000000000000000000000000000
00000000000000000000000000000000000000000000000000000000000000000000000000000000000000000000000000000000000000000000000000000000
00000000000000000000000000000000000000000000000000000000000000000000000000000000000000000000000000000000000000000000000000000000
00000000000000000000000000000000000000000000000000000000000000000000000000000000000000000000000000000000000000000000000000000000
00000000000000000000000000000000000000000000000000000000000000000000000000000000000000000000000000000000000000000000000000000000
00000000000000000000000000000000000000000000000000000000000000000000000000000000000000000000000000000000000000000000000000000000
00000000000000000000000000000000000000000000000000000000000000000000000000000000000000000000000000000000000000000000000000000000
00000000000000000000000000000000000000000000000000000000000000000000000000000000000000000000000000000000000000000000000000000000
00000000000000000000000000000000000000000000000000000000000000000000000000000000000000000000000000000000002222223333333333000000
00333333300000000000333333300033333333333333330000003333333333333330000003333333000000000033333330000000000033333333333333300000
00333333300000000000333333300033333333333333333000003333333333333333300003333333000000000033333330000000000000333333333333330000
00333333300000000000333333300033333330033333333000003333333000333333300003333333000000000033333330000000000000000000333333333000
00033333330000000003333333000033333330003333333000003333333000033333330003333333000000000033333330000000033333330000003333333000
00033333333000000033333333000033333330003333333000003333333000033333330003333333000000000033333330000000033333333000003333333000
00003333333300000333333330000033333330003333333000003333333000033333330003333333000000000033333330000000033333333300033333333000
00003333333333333333333330003333333333303333333330003333333000333333330333333333330000003333333333300000033333333333333333333000
00000333333333333333333300003333333333303333333330333333333333333333330333333333330000003333333333300000033333333333333333330000
00000033333333333333333000003333333333303333333330333333333333333333300333333333330000003333333333300000033333333333333333330000
00000000333333333333300000003333333333303333333330333333333333333333000333333333330000003333333333300000033333333333333333000000
00000000003333333330000000003333333333303333333330333333333333333300000333333333330000003333333333300000033333300333333330000000
00000000000000000000000000000000000000000000000000000000000000000000000000000000000000000000000000000000000000000000000000000000
00000000000000000000000000000000000000000000000000000000000000000000000000000000000000000000000000000000000000000000000000000000
00000000000000000000000000000000000000000000000000000000000000000000000000000000000000000000000000000000000000000000000000000000
00000000000000000000000000000000000000000000000000000000000000000000000000000000000000000000000000000000000000000000000000000000
00000000000000000000000000000000000000000000000000000000000000000000000000000000000000000000000000000000000000000000000000000000
