01000000000000100000000000000000000000000000000000000000000000000000000000000000000000000000000000000000000000000000000000000000
00000000000000000003301000003333300000003333300000001000000033010000333333000000333330000000000033333000000033333000000033333000
00000000000000000033300000033333330000033333330000000000000330000003333333000003333333000000000333333300000333333300000333333300
00000000000000000333300000333000333000333000333000000000003300000003300000000033300033300000003330003330003330003330003330003330
00000000000000000003300000330000033000330000033000000000033000000003300000010033000003300000003300000330003300000330003300000330
00000000000000000003300000330000033000000000033000000000330000000003300000000033000003300000003300000330000000000330000000000330
00000000000000000003300000000000033010000000033000100003333300000033333330000000000003300000000000000330000100000330000000000330
00001000000000000003300000000000033000000000330000000033333330001033333330000000000003300000000000000330000000003300000000003300
00000000000000000003300000100000330000000033330000000033300333000033000033000000000033000000000000003300000000333300010000333300
00000000000000000003300000000000330000000033330000000333000033300000000003300000000033000000000000003300000000333300000000333300
00000000000000000003300000000003300000000000333000000330000003300000001003300000000330000010000000033000000000003330000000003330
00000000000000000003300000000033000000000000033000000330000003300000000003300000003300000000000000330000000000000330000000000330
00000000000000000003300000000330000000000000033000000330001003300000000003300000033000000000000003300000000000000330000000000330
00000000000000100003300000003300000003300000033001000333000033300030000033000000330010000000000033000000033000000330033000000330
00000000000000000003300000033000000003330000333000000033300333000333000333000003300000000000000330000000033300003330033300003330
00000000000000000003300000333333333000333333330003300003333330000033333330000033333333300330003333333330003333333300003333333300
00000000000000000003300003333333333000003333300003301000333300000003333300000333333333300330033333333330000033333000000033333000
00000010000000000000000000000000000000000000000000000000000000000000000000000000000000000000000000000000000000000000000000000000
01000000000000000000000000000000001000000000000000000000000000000010001000000000000000000000000000000000000000000000000000000000
00000000000000000000000000000000000000001000000000000000000000100000000100000000000000000000000000000000000000000000000000000000
00000000000000000000000000000000000000000000000000000100010000000000100000000000000000000000000000000000000000000000000000000000
00000000000000000000000000000000000000000000000000000000000000000000000000000000010000010000000000000000000001000000000000000000
00000000000000001000000000000000000000000000000000000000000000000000000000000010000000000000000000000000000000000000000000000000
00000000000000000000000000000000000000000000010000000000000000000100000000000000000000000000000000000000000000000000000000000000
00000000000000000000000000000000000000000000000000000000000000000000000000000000000000000000000000000000000000000000000000000000
00000000000033300300000330030003033330333000000000003001000000100000000000000000033303030333033000300000330003003000300000000000
00000000000030030300003003003030030000300300000000033000000000000000000000000000030003030030030303030000303030303000300000000000
00000000000030030300003003000300030000300300000000003000000000000010000000000000030000300030030303030000330030303000300000000000
00000010000033300300003333000300033300333000000000003000000000000000000000010000033000300030033003330000303033303000300000000000
00000111000030000300003003000300030000303000000000003000010000000000000000000000030003030030030303030000303030303000300000000000
00000010000030000333303003000300033330300300010000003000000000000000000000000000033303030030030303030000330030303330333000000000
00000000000000000000000000000000000000000000000000000000000000000000000010000000000000000000000000000000000000000000000000000000
