00000000000000000000000000000000000000000000000000000000000000000000000000001000010000000000000000000000000000000000000000000000
00000000000000000000000000000000000003333333333000000333333333300000333333000000000030000000000000003000000333333000000033330001
00000000010000000000100000000000000003333333333000000333333333300003333333000000000330000000000000033000003333333300000333333000
00000000000000000000000000000000000000000000330000000000000033000003300000000000000330000000000000033000003300003300003300003300
00010000000000000000000000000000000000000000330000000000000033000003300000000000003330000100000000333000033000000330033000000330
00000000000000000000000000000000000000000003300100000000010330000003300000000000003330000000000000333000033000000330033000000330
00000000000000000000000000000000000000000003300000000000000330000033333330000000033330000000000003333000033300003330033000000330
00000000000000000000000000000000000000010033000000000000003300000033333330000000330330000000000033033000003333333300033000100330
00000000000000000000000000000000000000000033000000000000003300000033000033000000330330000000000033033000000333333000033000000330
00000000000000000000000000000010000000000330010000000000033000000000000003300003300330000000000330033000003333333300033000000330
00010000000000000000000000000000000000000330000000000000033000000000010003300033300330000000003330033000033330033330033000000330
00000000000000000000000000000000000000003300000000000000330000000000000003300333000330000000033300033000033300003330033000000330
00000000000000000000000000000000000000003300000000000000330000000000000003300333333333300000033333333330033000000330033000000330
00000000000000000000100000000000000000033000000000100003300001000030000033000333333333300000033333333330033000000330033000000330
00000000000000000000000000000000000000033000000000000003300000000333000333000000000330000000000000033000033300003330003300003300
00000000000000000000000000000010000000330000000003300033000000000033333330010000000330000330010000033000003333333300000333333000
00000000000000000000000000000000000003330000000003300333000100000003333300000000000330000330000000033000000333333000000033330000
00000000010000000000000000000000000000000000000000000000000000000100000000000000000000000000000000000000000000000000000000000100
00000000000000000000000000000000000000000001000000000000000000000000010001000000000000000000000000000000000000000000000000001110
00000000000000000000000000000000000000000000000000000010001000000001000000000000000000000000000000000000000000000000000000000100
00000000000000000000000000000000000000000000000000000000000000000000000000000001000010000000000000000010000000000000000000000000
00000000000000000000001000000000000000000000000100000000000000000000000000010000000000000000000000000000000000000000000000000000
00000000000000000000000000000000000000000000000000000000000000000000000000000000000000000000000000000000000000000000000000000000
00000000000000000000000000000000000000000010000000001001000000100000000000000000000000000001000000000000000000000000000000000000
00000000000000000000000000000000000000000000000000000000000000000000010000000000000000000000000000000000000000000000000100000000
00000000000033300300000330030003033330333000000000003000000000000100000000000000003330003300300003000000000030000000000000000000
00000000000030030300003003003030030000300300000000033000000000100000000000000000003003030030300003000000000330000000000000000000
00000000000030030300003003000300030000300300000000003000000000000000000000000000003330030030300003000000000030000000000000000000
00000000000033300300003333000300033300333000000100003000000000000000000000000000003003033330300003010000000030000000000000000000
00001000000030000300003003000300030000303000000000003000000000000000001000000000003003030030300003000000000030000000000000000000
00000000000030000333303003000300033330300301000000003000000000000001000000000000003330030030333303333000000030000000001000000000
00000000000000000000000000000000000000000000000000000000000010000000000000000000000000000000000000000000000000000000000000000000
