00112211211111112321000000000000000000000000000000000000000000000000000000000000000000000000000000000000000000000000000000000000
00111112211111222332000000000000000000000000000030000000000033333000000033330000000033333000000000003333000003333333333000033000
00111111111112223332100000000000000000000000000330000000000333333300000333333000000333333300000000033333300003333333333000333000
00111111122123222322100000000000000000000000000330000000003330003330003330033300003330003330111000330000330000000000330003333000
00111111221122123222100000000000000000000000003330000000003300000330033000000330003300000330121003300000033000000000330000033000
00111111231122223323100000000000000000000000003330000000003300000330033000000330003300010330221003300000033000000003300000033000
00111111231122333222100000000000000000000000033330100000000000000330033000000330000000110330221003300000033000000003300000033000
00111112232233223331000000000000000000000000330330110000000000000330033000000330000001100330221003300000033000000033000000033000
00011112333331112332000000000000000000000000330330111100000011003300033300003330000001103300211003300000033000000033000000033000
00011113223221111232000000000000000000000003300330222100000011003301003333333300000000003302110003300000033000000330000000033000
00111112112222211232000000000000000000000033300330221111100110033001100333333300000000033001100003300000033000000330000000033000
00111011211222212232100000000000000000000333000330001112100100330011110000333000000000330011000003300000033000003300000000033000
00011001121123221223100000000000000000000333333333302122111003300221122100330010000003300000000003300000033000003300000000033000
00122100111222222223310000000000000000000333333333302221010033002212122003300110000033000000000003300000033000033000000000033000
00122100012222222223310000000000000000000000000330000000100330000000220033001111000330000000000000330000330000033000000000033000
00111110012222321123200000000000000000000000000330120330003333333330200330011121003333333330033000033333300000330000000000033000
00000000012223210011100000000000000000000000000330110330033333333330203300121211033333333330033000003333000003330000000000033000
00000000011222100000000000000000000000000000000000000000000000000000100002122210000000000000000000000000000000000000000000000000
00000000001222000000000000000000000000000000000000000001101111112222211123212210000000000000000000000000000000000000000000000000
00000000001110000000000000000000000000000000000000000001101110122222222222221110000000000000000000000000000000000000000000000000
00000000000000000000000000000000000000000000000000000001110111133333322222221000000000000000000000000000000000000000000000000000
00000000000000000000000000000000000000000000000000000011110101233233332222110000000000000000000000000000000000000000000000000000
00000000000000000000000000000000000000000000000000000001000111332233332222100000000000000000000000000000000000000000000000000000
00000000000000000000000000000000000000000000000000000000000011321232232111000000000000000000000000000000000000000000000000000000
00000000000000000000000000000000000000000000000000000000000001221132232110000000000000000000000000000000000000000000000000000000
00000000000000000000000000000000000000000000000000000000000100122132231000000000000000000000000000000000000000000000000000000000
00000000000000000000000000000000000000000000000000000000011111112123121000000000000000000000000000000000000000000000000000000000
00000000000000000000000000000000000000000000000000000000011111112223110000000000000000000000000000000000000000000000000000000000
00000000000000000000000000000000000000000000000000000000001111102332100000000000000000000000000000000000000000000000000000000000
00000000000000000000000000000000000000000000000000000000001111111332100000000000000000000000000000000000000000000000000000000000
00000000000000000000000000000000000000000000000000000000000111122221000000000000000000000000000000000000000000000000000000000000
00000000000000000000000000000000000000000000000000000000000001122221000000000000000000000000000000000000000000000000000000000000
