00000000000000000000000000000000000000000000000000000000000000000000000000000000000000000000000000000000000000000000000000000000
00000000000000000000000000000000000000000000000000000000000000000000000000000000000000000000000000000000000000000000000000000000
00000000000000000000000000000000000000000000000000000000000000000000000000000000000000000000000000000000000000000000000000000000
00000000000000000000000000000000000011111000111111000111111100001111000011000001110000011000000000000000000000000000000000000000
00000000000000000000000000000000000113333300133333300133333330011333300013300001333000013300000000000000000000000000000000000000
00000000000000000000000000000000000133333330133333330133333330113333330013300011333000013300000000000000000000000000000000000000
00000000000000000000000000000000000133000330133001330133000000133300333013300013313300013300000000000000000000000000000000000000
00000000000000000000000000000000000133111000133111330133111100133000033013300013313300013300000000000000000000000000000000000000
00000000000000000000000000000000000033333300133333330133333330133000000013300113303300013300000000000000000000000000000000000000
00000000000000000000000000000000000003333330133333300133333330133000110013300133111330013300000000000000000000000000000000000000
00000000000000000000000000000000000110001330133000000133000000133001133013300133333330013300000000000000000000000000000000000000
00000000000000000000000000000000000133111330133000000133111100033311333013301133333330013311110000000000000000000000000000000000
00000000000000000000000000000000000033333330133000000133333330003333330013301330000133013333333000000000000000000000000000000000
00000000000000000000000000000000000003333300033000000033333330000333300003300330000033003333333000000000000000000000000000000000
00000000000000000000000000000000000000000000000000000000000000000000000000000000000000000000000000000000000000000000000000000000
00000000000000000000000000000000000000000000000000000000000000000000000000000000000000000000000000000000000000000000000000000000
00000000000000000000000000000000000000000000000000000000000000000000000000000000000000000000000000000000000000000000000000000000
00000000000000000000000000000000000000000000000000000000000000000000000000000000000000000000000000000000000000000000000000000000
00000000000000000111111000011111110000011111000011111100000000000111111000111111100000111110000111111100011111110000000000000000
00000000000000000133333300013333333000113333300013333330000000000133333300133333330001133333000133333330013333333000000000000000
00000000000000000133333300000000000000000000000000000000000000000000000000000000000000000000000000000000000000000000000000000000
00000000000000000000000000000000000000000000000000000000000000000000000000000000000000000000000000000000000000000000000000000000
00000000000000000000000000000000000000000000000000000000000000000000000000000000000000000000000000000000000000000000000000000000
00000000000000000000000000000000000000000000000000000000000000000000000000000000000000000000000000000000000000000000000000000000
00000000000000000000000000000000000000000000000000000000000000000000000000000000000000000000000000000000000000000000000000000000
00000000000000000000000000000000000000000000000000000000000000000000000000000000000000000000000000000000000000000000000000000000
00000000000000000000000000000000000000000000000000000000000000000000000000000000000000000000000000000000000000000000000000000000
00000000000000000000000000000000000000000000000000000000000000000000000000000000000000000000000000000000000000000000000000000000
00000000000000000000000000000000000000000000000000000000000000000000000000000000000000000000000000000000000000000000000000000000
00000000000000000000000000000000000000000000000000000000000000000000000000000000000000000000000000000000000000000000000000000000
00000000000000000000000000000000000000000000000000000000000000000000000000000000000000000000000000000000000000000000000000000000
00000000000000000000000000000000000000000000000000000000000000000000000000000000000000000000000000000000000000000000000000000000
