00000000000000000000000000000000000000000000000000000000000000000000000000000000000000000000000000000000000000000000000000000000
00000000000000000000000000000000000000000000000000000000000000000000000000000000000000000000000000000000000000000000000000000000
00000011111111110000000001111111111110000001111111111111000000000011111110000000000001111000111000000000111111000000000222000000
00000011111111111000000001111111111110100001111111111111010000000011111110110000000011111111111100000011111111110000002000200000
00000011111111111101000001111111111110100001111111111111010000000011111110110000000011111111111100000011111111110000020220020000
00000011111111111101000001111111111110100001111111111111010000000011111110110000000011111111111100000011111111111000020202020000
00000011111111111101100001111111111110100001111111111111010000000011111110110000000011111111111100000011111111111000020220020000
00000022222222222201100002222222222220100002222222222222010000000022222220110000000022222222222100000022222222222010020202020000
00000000220000022201100000220000000220100002220002200222010000000002202200110000000022000000222100000022200000222010002000200000
00000000220222022201100000220222220220100002200202200222010000000002202200100000000022032220222100000022003320222010000222000000
00000000220100002201100000220210000220100002203202201022010000000002002220100000000022021000022100000022030000022010000000000000
00000000220100002201100000220210000220100002202202201022010000000022000220100000000022010000022100000022010000022010000000000000
00000000220100002201100000220210000000100000002202201022020000000020010220100000000022010000000100000022010000022010000000000000
00000000330000033301100000330000000011100000000003301000000000000030110330000000000033010000001100000033010000033010000000000000
00000000333333333001100000333333300000000000000003301000000000000030000333000000000033010000000000000033010000033010000000000000
00000000333333330011000000333333301100000000000003301000000000000333333333010000000033010000000000000033010000033010000000000000
00000000330000000111000000330000001100000000000003301000000000000333333333010000000033010000000000000033010000033010000000000000
00000000330011111110000000330001110000000000000003301000000000000333333333001000000033010000000000000033010000033010000000000000
00000000330100000000000000330210000330000000000003301000000000000330000033301000000033010000033000000033010000033010000000000000
00000000330100000000000000330210000330100000000003301000000000000330000003301000000033010000033000000033010000033010000000000000
00000000330100000000000000330210000330100000000003301000000000003300000000300000000033010000033000000033000000033010000000000000
00000000330000000000000000330000003330100000000003300000000000003300000000330000000033000000333000000033300000333010000000000000
00000033333300000000000003333333333330100000003333333000000003333330000333333300000033333333333000000033333333333010000000000000
00000033333301100000000003333333333330100000003333333010000003333330100333333301000033333333333000000033333333333010000000000000
00000033333301100000000003333333333330100000003333333010000003333330100333333301000033333333333000000033333333333010000000000000
00000033333301100000000003333333333330100000003333333010000003333330100333333301000033333333330000000033333333330010000000000000
00000033333301100000000003333333333330100000003333333010000003333330100333333301000003333333330100000003333333330100000000000000
00000033333301100000000003333333333330100000003333333010000003333330100333333301000003333333330000000003333333330100000000000000
00000000000001100000000000000000000000100000000000000010000000000000100000000001000000000000000000000000000000000000000000000000
00000000111111100000000000111111111111100000000011111110000000011111100011111111000000001111110000000000011111110000000000000000
00000000000000000000000000000000000000000000000000000000000000000000000000000000000000000000000000000000000000000000000000000000
00000000000000000000000000000000000000000000000000000000000000000000000000000000000000000000000000000000000000000000000000000000
