10000033000000000000000000000000000000000000000000000000001220000012112333223333332200000000000013333333333333333333333333332000
10333032000033303330000003000300030000000300030003000000002220000011112322111233323310011211100122233333333333333322232333333100
10333033000000300030000030303030303000003030303030300000001210000011111322200011112320011333322333333333333333333323233333333200
10033033000003000300000003003030303000003030303030300000001101110011111232210000000120011233333333212222333333333333223233333200
13033033000003000300000030303030303000003030303030300000111221231011111122210001101100111232112332311111222332233333222233333200
13033033000030003000000030303030303000003030303030300000332333333111111123220000100000111132111111210111111233222333322222333200
13033033000030003000030003000300030003000300030003000000333333333322111112321000100000001123111100110011111223222333322222333200
13033033000000000000000000000000000000000000000000000000333333333333320111222221210000011112211200110001111113222333332222333200
13000033333331123222122333333333320000000001013333333333333333333333331010111223333211332101322110010000000112322233333222333200
12222222333331122112222222333333210011000011013333333333333222233333331001111023333333333221122222111100000011232223333332233200
01111111111121112112222222223322200011110110013333333333332111122222330000001013333333333333111233222220000011123223333322333200
01000001011111222111111111111111100011111111122333333333333232323322320000001113333333333333100123333332200000123222333322233200
01111111222222233110111111111111110001111111111111222222232222222222210101111013333332112223210023333333310000013312333332233200
12223223333223333211112122122111111110111111101111122223331111111111111111111113333321112222310023333123222000012312333332233200
12333333323322223322222222222222222222222222222222233233332111112111100101101112311111111111111233332123200000002311233332223200
12332222332232223322222222223333333223333333333323333233333222222221101112222223321121211111122331111000000000001311233332223200
12222222222222222222222322222333332233332333222323233332333333333322222333333333333333332323333321110000000001011311233332223200
12222222222333222332223222222332232222322323322222222233232233333333333333333333333333333333333321100000000000001321233332223200
12222222222222222333232323322223333233333333333333333333233333333333333333333333333333333333332211100000000000001321233332223200
12222222222222222232332233223222333333333333333333333333333222222333333333333333211111333333321000000000000001002321233332223200
12222223222222222232322322222222333333333333333333333333211110101233333333333333200000233333332100000000000000012312233322123200
12222223333233332222211111111111233333333333333333333333310000000023333333333333321000133333333210000000000000012312333322223200
13322233333333332210000000000000133333333333333333333333320000000012333333333333332000023333333321000000000000113212333322223200
13222223333332333321000000000000023333333333333333333333332000000001333333333333333100012333333332000000000000123122333322223200
12232323333000000000000000000000000000000033333333300033333100010000233333333333000000000000000000000000000000000000003222223200
12223233333033300300000330030003033330333003333333003033333310011000123333333333033303030333033000300000330003003000302222223200
12333223333030030300003003003030030000300303333333033033333321001000012333333333030003030030030303030000303030303000301222223200
13332223333030030300003003000300030000300303333333003033333332000001112333333333030000300030030303030000330030303000302222223200
13333333333033300300003333000300033300333003333333303033333333100001111233333333033000300030033003330000303033303000302222233200
13333333333030000300003003000300030000303003333333303033333333311101111123333333030003030030030303030000303030303000300022233200
13333333333030000333303003000300033330300303333333303033333333321000111133333333033303030030030303030000330030303330333022233100
13333333333000000000000000000000000000000003333333300033333333320000011233222211000000000000000000000000000000000000000022332000
