00000000000000000000000000000000000000000000000000000000000000000000000000000000000000000000000000000000000000000000000000000000
00000000000000000000000000000000000000000000000000000000000000000000000000000000000000000000000000000000000000000000000000000000
00000000000000000000000000000000000000000000000000000000000000000000000000000000000000000000000000000000000000000000000000000000
00000000000000000000000000000000000000000000000000000000000000000000000000000000000000000000000000000000000000000000000000000000
00000000000330000003300000033300033330000003300000000000000330000000000000000000000000000000000000000000000000000000000000000000
00000000003333000033330000333330033333000033330000000000003333000000000000000000000000000000000000000000000000000000000000000000
00000000003333000033330003330330033033000033330000000000003333000000000000000000000000000000000000000000000000000000000000000000
00000000003303000033030003300000033033300033030000000000003303000000000000000000000000000000000000000000000000000000000000000000
00000000003303000033030003300000033003300033030000000000003303000000000000000000000000000000000000000000000000000000000000000000
00000000003303000033030003300000033003300033030000000000003303000000000000000000000000000000000000000000000000000000000000000000
00000000003303000033030003300000033033300033030000000000003303000000000000000000000000000000000000000000000000000000000000000000
00000000033333300333333003330330033033000333333000000000033333300000000000000000000000000000000000000000000000000000000000000000
00000000033333300333333000333330033333000333333000000000033333300000000000000000000000000000000000000000000000000000000000000000
00000000033003300330033000033300033330000330033000000000033003300000000000000000000000000000000000000000000000000000000000000000
00000000000000000000000000000000000000000000000000000000000000000000000000000000000000000000000000000000000000000000000000000000
00000000011111100111111001111110011111100111111001111110011111100000000000000000000000000000000000000000000000000000000000000000
00000000011111100111111001111110011111100111111001111110011111100000000000000000000000000000000000000000000000000000000000000000
00000000000000000000000000000000000000000000000000000000000000000000000000000000000000000000000000000000000000000000000000000000
00000000000000000000000000000000000000000000000000000000000000000000000000000000000000000000000000000000000000000000000000000000
00000000000000000000000000000000000000000000000000000000000000000000000000000000000000000000000000000000000000000000000000000000
00000000000000000000000000000000000000000000000000000000000000000000000000000000000000000000000000000000000000000000000000000000
00000000000000000000000000000000000000000000000000000000000000000000000000000000000000000000000000000000000000000000000000000000
00000000000000000000000000000000000000000000000000000000000000000000000000000000000000000000000000000000000000000000000000000000
00000000000000000000000000000000000000000000000000000000000000000000000000000000000000000000000000000000000000000000000000000000
00000000000000000000000000000000000000000000000000000000000000000000000000000000000000000000000000000000000000000000000000000000
00000000000000000000000000000000000000000000000000000000000000000000000000000000000000000000000000000000000000000000000000000000
00000000000000000000000000000000000000000000000000000000000000000000000000000000000000000000000000000000000000000000000000000000
00000000000000000000000000000000000000000000000000000000000000000000000000000000000000000000000000000000000000000000000000000000
00000000000000000000000000000000000000000000000000000000000000000000000000000000000000000000000000000000000000000000000000000000
00000000000000000000000000000000000000000000000000000000000000000000000000000000000000000000000000000000000000000000000000000000
00000000000000000000000000000000000000000000000000000000000000000000000000000000000000000000000000000000000000000000000000000000
00000000000000000000000000000000000000000000000000000000000000000000000000000000000000000000000000000000000000000000000000000000
