00000000000000000000000000000000000000000000000000000000000000000000000000000000000000000000000000000000000000000000000000000000
00000000000000000000000000000000000000000000000011000000000011111000000110000000000010000000000011111000000011110000011111111110
00000000000000000000000000000000000000000000000110000000000111111100001110000000000110000000000111111100000111111000011111111110
00000000000000000000000000000000000000000000001100000000001110001110011110000000000110000000001110001110001110011100000000001100
00000000000000000000000000000000000000000000011000000000001100000110000110000000001110000000001100000110011000000110000000001100
00000000000000000000000000000000000000000000110000000000001100000110000110000000001110000000000000000110011000000110000000011000
00000000000000000000000000000000000000000001111100000000000000000110000110000000011110000000000000000110011000000110000000011000
00000000000000000000000000000000000000000011111110000000000000000110000110000000110110000000000000001100011000000110000000110000
00000000000000000000000000000000000000000011100111000000000000001100000110000000110110000000000000111100011100001110000000110000
00000000000000000000000000000000000000000111000011100000000000001100000110000001100110000000000000111100001111111100000001100000
00000000000000000000000000000000000000000110000001100000000000011000000110000011100110000000000000001110000111111100000001100000
00000000000000000000000000000000000000000110000001100000000000110000000110000111000110000000000000000110000000111000000011000000
00000000000000000000000000000000000000000110000001100000000001100000000110000111111111100000000000000110000000110000000011000000
00000000000000000000000000000000000000000111000011100000000011000000000110000111111111100000011000000110000001100000000110000000
00000000000000000000000000000000000000000011100111000000000110000000000110000000000110000000011100001110000011000000000110000000
00000000000000000000000000000000000000000001111110000110001111111110000110000000000110000110001111111100000110000000001100000000
00000000000000000000000000000000000000000000111100000110011111113330000330000000000330000330000033333000003300000000033300000000
00000000000000000000000000000000000000000000000000000000000000000000000000000000000000000000000000000000000000000000000000000000
00000000000000000000000000000000000000000000000000000000000000000000000000000000000000000000000000000000000000000000000000000000
00000000000000000000000000000000000000000000000000000000000000000000000000000000000000000000000000000000000000000000000000000000
00000000000000000000000000000000000000000000000000000000000000000000000000000000000000000000000000000000000000000000000000000000
00000000000000000000000000000000000000000000000000000000000000000000000000000000000000000000000000000000000000000000000000000000
00000000000000000000000000000000000000000000000000000000000000000000000000000000000000000000000000000000000000000000000000000000
00000000000000000000000000000000000000000000000000000000000000000000000000000000000000000000000000000000000000000000000000000000
00000000000000000000000000000000000000000000000000000000000000000000000000000000000000000000000000000000000000000000000000000000
00000000000033300300000330030003033330333000000000003000000000000000000000000000003330003300300003000000000030000000000000000000
00000000000030030300003003003030030000300300000000033000000000000000000000000000003003030030300003000000000330000000000000000000
00000000000030030300003003000300030000300300000000003000000000000000000000000000003330030030300003000000000030000000000000000000
00000000000033300300003333000300033300333000000000003000000000000000000000000000003003033330300003000000000030000000000000000000
00000000000030000300003003000300030000303000000000003000000000000000000000000000003003030030300003000000000030000000000000000000
00000000000030000333303003000300033330300300000000003000000000000000000000000000003330030030333303333000000030000000000000000000
00000000000000000000000000000000000000000000000000000000000000000000000000000000000000000000000000000000000000000000000000000000
