00000000000000000000000000000000000000000000000000000000000000000000000000000000000000000000000000000000000000000000000000000000
00000001000000000000000000000000000000003333300000000000333333000333333333300000333300000000033333333330000033330000000033333300
00000000000000000001000000100000000100033333330000000103333333010333333333300003333330000000033333333330000333333000000333333300
01000000000000000000000000000000000000333000333000000003300000000000000033000033300333000010000000003300003330033300000330000000
00000000000000000000000000000000000000330000033000000003300000000000000033000330000003300000000000003300033000000330000330000000
00000000000000000000000000000000000000330000033000000003300000000000000330000330000003300000000000033000033000000330000330000000
00000000000000000000000000000000000000000000033000000033333330000000100330000330010003300000000000033000033000000330003333333000
00000000001000000000000000000000000000000000033000010033333330001000003300000330000003300000000000330010033000000330003333333000
00000000000000000000000000000000000000000000330000000033000033000000003300000333000033300000000000330000033300003330003300003300
00000000000000000000000000000100000000000000330000000000000003300000033000000033333333000000000003300000003333333300000000000330
01000000000000000000000000000000000000000003300000000000000003300000033000000003333333000000000003300000000333333300000000000330
00000000000000000000000000000000000000000033000000000000000003300000330000000000003330000000000033000000000000333000000000000330
00000000000000000000000000000000000000000330000000100000010003300000330000000000003300000000000033000000000000330000000000000330
00000000000000000001000000000000000000003300000000000030000033000103300000000000033000000000000330000000000003300000003000003300
00000000000000000000000000000000000000033000000000000333000333000003300000000000330000000000000330000000000033000000033300033300
00000000000000000000000000000100000000333333333003300033333330000033001000000003300000000330003300000000000330000000003333333000
00000000000000000000000000000000000003333333333003300003333300000333000000000033000000000330033300000000003300000000000333330000
00000001000000000000000000000000000000000000000000000000000000000000000000000000000000000000000000000000000000000000000000000000
00000000000000000000000000000000000000000010000000000000000000000100001001000000000000000000000000000000000000000000000000000001
00000000000000000000000000000000000000000000000000000000000000000000000000000000000000000000000000000000000000000000000000000000
00000000000000000000000000000000000000000000000000000100000000000001000000000001000001000000000000000000100000000000000000000000
00000000000000000000010000000000000000000000000000000000000000000000000000001000000000000000000000000000000000000000000000000000
00000000000000000000000000000000000000000000000100000000000000000100000000000000000000000000000000000000000000000000000000000000
00000000000000000000000000000000000000000100000000000001000000100000000000000000000000000000000000000000000000000000000000000000
00000000000000000000000000000000000000000000000000000000000000000000001000000000000000000000000000000000000000000000000001000000
00000000000000330300300330003300333000330033300000003000000000000000000000000000000333000330030000033000000330000000000000000000
00000000000000030300303003030030300303003030030000033000000000000010000000100000000300303003030000300300003003000000000000000000
00000000000000030300303000030030300303003030030000003000010000100000000000000000000333003003030000300300000003000000000000000000
00100000000000030300303033033330300303003033330000003000000000000000000000000000000300303003030000333300000330000000000000000000
01110000000030030300303003030030300303003030300100003000000000000000000100000000000300303003030000300300003000001000000000000000
00100000000003300033000330030030333000330030030000003000000000000000000000000001000333000330033330300300003333000000000000000000
00000000000000000000000000000000000000000000000000000010000010000001000000000000000000000000000000000000000000000000000010000000
