00000000000000000000000000000000000000000000000000000000000000000000000000000000000000000000000000000000000000000000000000000000
00000000000000000000000000000000000000000000000000000000000000000000000000000000000000000000000000000000000000000000000000000000
00000000000000000000000000000000000000000000000000000000000000000000000000000000000000000000000000000000000000000000000000000000
00000000000000000000000000000000000000000000000000000000000000000000000000000000000000000000000000000000000000000000000000000000
00000000000000000000000000000000000000000000000000000000000000000000000000000000000000000000000000000000000000000000000000000000
00000000000000000000000000000000000000000000000000000000000000000000000000000000000000000000000000000000000000000000000000000000
00000000000000000000000000000000000000000000000000000000000000000000000000000000000000000000000000000000000000000000000000000000
00000000000000000000000000000000000000000000000000000000000000000000000000000000000000000000000000000000000000000000000000000000
00000000000000000000000000000000000000000000000000000000000000000000000000000000000000000000000000000000000000000000000000000000
00000000000000000000000000000000000000000000000000000000000000000000000000000000000000000000000000000000000000000000000000000000
00000000000000000000000000000000000000000000000000000000000000000000000000000000000000000000000000000000000000000000000000000000
00000000000000000000000000000000000000000000000000000000000000000000000000000000000000000000000000000000000000000000000000000000
00000000000000000000000000000000000000000000000000000000000000000000000000000000000000000000000000000000000000000000000000000000
00000000000000000000000000000000000000000000000000000000000000000000000000000000000000000000000000000000000000000000000000000000
00000000000000000000000000000000000000000000000000000000000000000000000000000000000000000000000000000000000000000000000000000000
00000000000000000000000000000000000000000000000000000000002222000022220000000000000000000000000000000000000000000000000000000000
00000000000000000000000000000000000000000000000000000000023333200233332000000000000000000000000000000000000000000000000000000000
00000000000000000000000000000000000000000000000000000000023333200233332000000000000000000000000000000000000000000000000000000000
00000000000000000000000000000000000000000000000000000000023223200233332000000000000000000000000000000000000000000000000000000000
00000000000000000000000000000000000000000000000000000000023003200230023000000000000000000000000000000000000000000000000000000000
00000000000000000000000000000000000000000000000000000000023003200230023000000000000000000000000000000000000000000000000000000000
00000000000000000000000000000000000000000000000000000000023003200000233000000000000000000000000000000000000000000000000000000000
00000000000000000000000000000000000000000000000000000000023003200002330000000000000000000000000000000000000000000000000000000000
00000000000000000000000000000000000000000000000000000000023003200002300000000000000000000000000000000000000000000000000000000000
00000000000000000000000000000000000000000000000000000000023003200023033000000000000000000000000000000000000000000000000000000000
00000000000000000000000000000000000000000000000000000000023003200233033000000000000000000000000000000000000000000000000000000000
00000000000000000000000000000000000000000000000000000000023223200233332000000000000000000000000000000000000000000000000000000000
00000000000000000000000000000000000000000000000000000000023333200233332000000000000000000000000000000000000000000000000000000000
00000000000000000000000000000000000000000000000000000000023333200233332000000000000000000000000000000000000000000000000000000000
00000000000000000000000000000000000000000000000000000000002222000222220000000000000000000000000000000000000000000000000000000000
00000000000000000000000000000000000000000000000000000000000000000000000000000000000000000000000000000000000000000000000000000000
00000000000000000000000000000000000000000000000000000000000000000000000000000000000000000000000000000000000000000000000000000000
