22222222222222222222222222222222222222222222222222222233332222222222222222222222222222222222222222222222222222222222222222222221
22222222222222222222222222222222212222222222222222222223333222222222222222222222222222222222222222222222222222122222222222222220
22222222222222222222222222222223222222222222222222222222333222223222222222222212222222222222222222222222222222222222222221222220
22222222222222211223332222111123322222222222222222222100133222112222222222222222222222222222222222222222222222222222222211222222
22222222222232211122332322110013322222222222222222222000123322212222222222222222222222222222222222222222222222222222222201222222
22222222223333211001233322210012222222222222222222232000023222222222222222222222222222222222222222222222222222222222222212222222
22222222223332210000122222221001222222222222222222222200022222222222222222222222222222222222222222222222222222221222222222222222
22222222233321121111122222222111222222222222222222222211122222222222222222222222222222222222222222222222233333330202223333330222
22201133333333311222233333333333122222220333333332022213333333302202233333333333122222022333333333331022233333331022213333330222
22222131333331311122233333333333302222220333333332022023333333302022233333333333302220222333333333333022133333332222113333330222
22222033333333321122223333333333320222220333333333022033333333302122223333333333320201222233333333333221133333333221113333330222
22222033333333321122223333333333331022220313333313122131333331300122223333333333331001222233333333333321131333313311113133130222
22222033333333321122222233333333333102220333333333102233333333301122222233333333333101222222333333333331133333333331113333330222
22222033333333321122222233333333333102220333333333202333333333301122222233333333333101222222333333333333133333333333113333330222
22222031333331321122222223333333333102220333333333202333333333301122222223333333333301222222233333333333133333333333313333330222
22222033333333231122222222333333333101220333333233311333323333301122222222333333333301222222223333333333133333333331323333330222
22222033333332231112222223333333333201220333333222211333223333301112222223333333333301122222233333333332133333332333333333320222
22222033333322231111122222223333333201120313312221222313222131301111122222223333333201111222222233333332133333322333333333220222
22222033333222231111122222222322322101220333322122222332212333201111122222222322322201111222222223223222131333121331333332120222
22222031332221231111111222222222222012220333222112222222112332201111111222222222222001111112222222222221133332221133333322220222
22222033322222233111111222222222222011210332222112222231112322200111111222222222222000111112222222222221133322221113333222220222
21100033222222233311111111222222221221210222222102222231012222200111111111222222221000111111112222222211133222221113332222220222
11202222222222222211111111112122210111110222222102232221012222200011111111112122210200011111111121222111122222221111322222220222
12202122122221221231111111111111102111110212212102122121012121202001111111111111102220001111111111111011122222221111132222220222
12202222222222222233111111111110022211110222222102222221012222202200111111111110022222000111111111100011121222120111112122120222
11200111111111111113311111111100222222110111111101111111011111102220001111111100222222210001111111003011122222220011112222220222
21222011111111111111300000000011222221110011111100111111011111002222200000000002122222212200000000012011111111100001111111110221
22222200000000000000001000000101112222111000000002000000100000022222222222222221122222222112222211112011111111002200111111100222
22222222222222222222221100000100111112111111211112211221111111122122222222222122222222222111222222112000000000002220000000001222
22222222222221222222211100000000001001211111111112221121111111122112222222222112222222222211222222222222222222222222222212222222
22222222222211122222221100000000001000111111111111211112111111011111111222222222211222222221222222222222222222222222222212222111
22222222222211222222222100000110000000111111111001121111211111011111111112222222211112222221222222222222222222222221221112212111
