00000022000000000000000000000000000000000000000000000000111111111111112333333333333333333332323332233333333333310000000000000000
00333032000033303330000003000300030000000300030003000000111111111111111233333333333333333333323233333333333333320000000000000000
10333033000000300030000030303030303000003030303030300000111111111111111123332233333333333332322223333333333333330000000000000000
10033033000003000300000003003030303000003030303030300000100001111111111112332223333333333333323233333333333333331000000000000000
13033033000003000300000030303030303000003030303030300000000000111100011112333222333333333333322222333333333333332000000000000000
13033033000030003000000030303030303000003030303030300000000000000000001111233322223333333333332232333333333333333000000000000000
13033033000030003000030003000300030003000300030003000000000000000000001111233332223333333333333232233333333333333100000000000000
13033033000000000000000000000000000000000000000000000000210000000000000111123332222333333333332222333333333333333100000000000000
13000033333332001011111111111123333333333333333333333333332100000000000111122332222233333333333222223333333333333200000000000000
12222333333332000011111111111123333333333333333333333333333200000000000011112333222233333333333222223333333333333300000000000000
12212333333332100011101111111123333333333333333333333333333300000000010011112333222233333333333222223333333333333310000000000000
12112333333332100010001011111123333333333333333333333333333300000000000011112333222223333333333322333333333333333310000000000000
12222333333332101000000011111123333333333333322222222333333200000000000011111233322223333333333322323333333333333320000000000000
13333333332221111000001111111123333333333333222121223233333100000000000001111233322222333333333322232333333333333320000000000000
12233332222111111100111111011123333333333333222222333333333100000000000001111233322223333333333322222333333333333320000000000000
11222221111111111100000010110011122211222333333211111111111000000000000011111233322222333333333322222333333333333310000000000000
01111111111111111111000001111111111122233333333111111111110000000000000001111233312222333333333222223333333333333320000000000000
11112112122222221222111222222222222223333333322110111111110000000000000001111133321223333333333322222233333333333320000000000000
12222222222222222222222222222223233333233333321111111111110000000000000001111133321222333333333322223333333333333320000000000000
12222222222222232232322322223332232333233333321121111111100000000000000000111233321222333333333322222333333333333310000000000000
12222232222333232232233333222233332223222222111111111111100000000000000000000233321222333333333322222233333333333310000000000000
12222233223322332222232323222223223222322221111111001110000000000000000000011233322222333333333322223333333333333300000000000000
12232232233222222223322233323233333322332111111110000000000000000000000011011233312222333333333222223333333333333200000000000000
12222222221111111333332233333233333333332211111100000000000000000000000000011233212223333333333222222333333333333200000000000000
01111111000000000000000000000000000000000000001100000000000000000000000010111233200000000000000000000000000000000000000000000000
00000000000000330300300330003300333000330033300100003000000000000000000000111233033000300300003000033303030333033000300000000000
00000000000000030300303003030030300303003030030110033000000000000000000000011333030303030300030300030003030030030303030000000000
00000000000000030300303000030030300303003030030220003011000000000000000001112332033003030300030300030000300030030303030000000000
10000000000000030300303033033330300303003033330321003001000000000000000011112332030303030300033300033000300030033303330000000000
11000000000030030300303003030030300303003030300333103000000000000000000011113322030303030300030300030003030030033003030000000000
12000000000003300033000330030030333000330030030333203000000000000000000101123321033300300333030300033303030030030303030000000000
12100000000000000000000000000000000000000000003333300010000000000000000100223221200000000000000000000000000000000000000000000000
