00000000000000000111110010000010001111000111111000111100110001100000000001111110111111100111110001111110000000000000000000000000
00000000000000001111111011010110001111000111111001111110110001100000000001111110111111101111111001111110000000000000000000000000
00000000000000001110000011010110000110000001100011000110110001100000000000011000110000001110000000011000000000000000000000000000
00000000000000000111110011111110000110000001100011000000111111100000000000011000111110000111110000011000000000000000000000000000
01111100000000000000111001111100000110000001100011100110111111100000000000011000110000000000111000011000000000000111110000000000
00000000000000001111111001101100001111000001100001111110110001100000000000011000111111101111111000011000000000000000000000000000
00000000000000000111110001000100001111000001100000111100110001100000000000011000111111100111110000011000000000000000000000000000
00000000000000000000000000000000000000000000000000000000000000000000000000000000000000000000000000000000000000000000000000000000
00000000000000000000000000000000000000000000000000000000000000000000000000000000000000000000000000000000000000000000000000000000
00111100011111001100011000110000000000000011110000333000033330000000000000000000000000000000000000000000000000000000000000000000
01111110111111101110011000110000000000000111111000333000333333000000000000000000000000000000000000000000000000000000000000000000
11000110110001101111011000000000000000001100011000033000330033300000000000000000000000000000000000000000000000000000000000000000
11000000110001101111111000000000000000001100000000033000033333300000000000000000000000000000000000000000000000000000000000000000
11100110110001101101111000000000000000001110011000033000000033300000000000000000000000000000000000000000000000000000000000000000
01111110111111101100111000110000000000000111111000033000033333000000000000000000000000000000000000000000000000000000000000000000
00111100011111001100011000110000000000000011110000033000033330000000000000000000000000000000000000000000000000000000000000000000
00000000000000000000000000000000000000000000000000000000000000000000000000000000000000000000000000000000000000000000000000000000
00000000000000000000000000000000000000000000000000000000000000000000000000000000000000000000000000000000000000000000000000000000
00000000000000000000000000000000000000000000000000000000000000000000000000000000000000000000000000000000000000000000000000000000
33000330000000000033330000000000333333303300000000333300333333003333330033333330333333000000000000000000000000000000000000000000
33000330000000000333333000000000333333303300000000333300333333303333333033333330333333300000000000000000000000000000000000000000
33000330000000003300033000000000330000003300000000033000330003303300033033000000330003300000000000000000000000000000000000000000
33000330000000003300000000000000333330003300000000033000333333303333333033333000330033300000000000000000000000000000000000000000
33303330000000003330033000000000333330003300000000033000333333003333330033000000333330000000000000000000000000000000000000000000
33333330003300000333333000330000330000003333330000333300330000003300000033333330330333000000000000000000000000000000000000000000
03333300003300000033330000330000330000003333330000333300330000003300000033333330330033300000000000000000000000000000000000000000
00000000000000000000000000000000000000000000000000000000000000000000000000000000000000000000000000000000000000000000000000000000
00000000000000000000000000000000000000000000000000000000000000000000000000000000000000000000000000000000000000000000000000000000
00000000000000000000000000000000000000000000000000000000000000000000000000000000000000000000000000000000000000000000000000000000
00000000000000000000000000000000000000000000000000000000000000000000000000000000000000000000000000000000000000000000000000000000
00000000000000000000000000000000000000000000000000000000000000000000000000000000000000000000000000000000000000000000000000000000
00000000000000000000000000000000000000000000000000000000000000000000000000000000000000000000000000000000000000000000000000000000
