00000000000000000000000000000000000000000000000000000000000000000000000000000000000000000000000000000000000000000000000000000000
00000000000000000000000000000000000000000000000000000000000000000000000000000000000000000000000000000000000000000000000000000000
00000000000000000000000000000000000001111111000001111100001100001100110000110001111100000000000000000000000000000000000000000000
00000000000000000000000000000000000001333333300011333330001330001330133000133011333330000000000000000000000000000000000000000000
00000000000000000000000000000000000001333333330113333333001333001330133000133013333333000000000000000000000000000000000000000000
00000000000000000000000000000000000001330001330133300033301333301330133000133013300033000000000000000000000000000000000000000000
00000000000000000000000000000000000001331111330133000013301333301330133000133013311100000000000000000000000000000000000000000000
00000000000000000000000000000000000001333333300133000013301331331330133000133003333330000000000000000000000000000000000000000000
00000000000000000000000000000000000001333333330133000013301330331330133000133000333333000000000000000000000000000000000000000000
00000000000000000000000000000000000001330001330133000113301330133330133001133011000133000000000000000000000000000000000000000000
00000000000000000000000000000000000001331111330033311133301330033330033311333013311133000000000000000000000000000000000000000000
00000000000000000000000000000000000001333333330003333333001330003330003333330003333333000000000000000000000000000000000000000000
00000000000000000000000000000000000000333333300000333330000330000330000333300000333330000000000000000000000000000000000000000000
00000000000000000000000000000000000000000000000000000000000000000000000000000000000000000000000000000000000000000000000000000000
00000000000000000000000000000000000000000000000000000000000330000000333300000000333300000000000033330000000033330000000033330000
00000000000000000000000000000000000111111000000111111111003330111003333330011003333330011110000333333000000333333000000333333000
00000000000000000000000000000000011133333310000133333333033330330033000033000033000033003333003300003300003300003300003300003300
00000000000000000000000000000000013333333333000133333333000330330330033003300330033003303333033000000330033000000330033000000330
00000000000000000000000000000000113333333333000133333333330330330330333303300330033303303333033000000330033000000330033000000330
00000000000000000000000000000001133330000333300133300001330330330330013303300330000003300000033000000330033000000330033000000330
00000000000000000000000000000001333300000033330133300001330330330330013303300330000003300000033000000330033000000330033000000330
00000000000000000000000000000001333000000013330133311111330330330330113303300330000003300000033000000330033000000330033000000330
00000000000000000000000000000001333000000013330133333333330330330330333303300330000003300000033000000330033000000330033000000330
00000000000000000000000000000001333000000013330133333333330330330330333303300330000003300000033000000330033000000330033000000330
00000000000000000000000000000001333000000013330133333333000330330330333303300330000003300000033000000330033000000330033000000330
00000000000000000000000000000001333000000113330133300333300330330330003303300330000003300000033000000330033000000330033000000330
00000000000000000000000000000000333300001133330133300033330330330330001003300330000003300000033000000330033000000330033000000330
00000000000000000000000000000000033331111333300133300013330330330033000033000033000033000000003300003300003300003300003300003300
00000000000000000000000000000000013333333333000133300003330330333003333330013003333330030330000333333000000333333000000333333000
00000000000000000000000000000000003333333333000133300001330330333300333300013300333300330330000033330000000033330000000033330000
00000000000000000000000000000000000033333300000033300000330000333330000000003330000003330000000000000000000000000000000000000000
00000000000000000000000000000000000000000000000000000000000000000000000000000000000000000000000000000000000000000000000000000000
