00000000000000000000000000000000000000000111110001111100110001100011110011111000011111000000000000000000000000000000000000000000
00000000000000000000000000000000000000001111111011111110111001100011110011111100111111100000000000000000000000000000000000000000
00000000000000000000000000000000000000001110000011000110111101100001100011001110110001100000000000000000000000000000000000000000
00000000000000000000000000000000000000000111110011000110111111100001100011000110110001100000000000000000000000000000000000000000
00000000000000000000000001111100000000000000111011000110110111100001100011001110110001100000000001111100000000000000000000000000
00000000000000000000000000000000000000001111111011111110110011100011110011111100111111100000000000000000000000000000000000000000
00000000000000000000000000000000000000000111110001111100110001100011110011111000011111000000000000000000000000000000000000000000
00000000000000000000000000000000000000000000000000000000000000000000000000000000000000000000000000000000000000000000000000000000
33000330033333003300000033000330330003303333333033000330000000000000000000000000000000000000000000000000000000000000000000000000
33000330333333303300000033000330333033303333333033300330000000000000000000000000000000000000000000000000000000000000000000000000
33000330330003303300000033000330333333303300000033330330000000000000000000000000000000000000000000000000000000000000000000000000
33303330330003303300000033000330333333303333300033333330000000000000000000000000000000000000000000000000000000000000000000000000
03333300330003303300000033303330330303303300000033033330000000000000000000000000000000000000000000000000000000000000000000000000
00333000333333303333330033333330330003303333333033003330000000000000000000000000000000000000000000000000000000000000000000000000
00030000033333003333330003333300330003303333333033000330000000000000000000000000000000000000000000000000000000000000000000000000
00000000000000000000000000000000000000000000000000000000000000000000000000000000000000000000000000000000000000000000000000000000
11111100110001101111110011000000001111000011110000111100111110000011100011111000000000000000000000000000000000000000000000000000
11111110110001101111111011000000001111000111111000111100111111000111110011111100000000000000000000000000000000000000000000000000
11000110110001101100111011000000000110001100011000011000110011101110111011001110000000000000000000000000000000000000000000000000
11111110110001101111110011000000000110001100000000011000110001101100011011000110000000000000000000000000000000000000000000000000
11111100111011101100111011000000000110001110011000011000110011101111111011001110000000000000000000000000000000000000000000000000
11000000111111101111111011111100001111000111111000111100111111001100011011111100000000000000000000000000000000000000000000000000
11000000011111001111110011111100001111000011110000111100111110001100011011111000000000000000000000000000000000000000000000000000
00000000000000000000000000000000000000000000000000000000000000000000000000000000000000000000000000000000000000000000000000000000
00000000000000000000000000000000000000000000000000000000000000000000000000000000000000000000000000000000000000000000000000000000
00000000000000000000000000000000000000000000000000000000000000000000000000000000000000000000000000000000000000000000000000000000
00000000000000000000000000000000000000000000000000000000000000000000000000000000000000000000000000000000000000000000000000000000
00000000000000000000000000000000000000000000000000000000000000000000000000000000000000000000000000000000000000000000000000000000
00000000000000000000000000000000000000000000000000000000000000000000000000000000000000000000000000000000000000000000000000000000
00000000000000000000000000000000000000000000000000000000000000000000000000000000000000000000000000000000000000000000000000000000
00000000000000000000000000000000000000000000000000000000000000000000000000000000000000000000000000000000000000000000000000000000
00000000000000000000000000000000000000000000000000000000000000000000000000000000000000000000000000000000000000000000000000000000
