00000000000000000000000000000000000000000000000000000000000000000000000000001000000000000000000000000000000000000000000000000000
00000000000000000000000000000000000000003333300000000000333330000000333333000000333330000000000033333000000033333000000033333001
00000000010000000000100000000000000000033333330000000003333333000003333333000003333333000000000333333300000333333300000333333300
00000000000000000000000000000000000010333000333000000033300033300003300000000033300033300000003330003330003330003330003330003330
00010000000000000000000000000000000000330000033000000033000003300003300000000033000003300100003300000330003300000330003300000330
00000000000000000000000000000000000000000000033000000033010003300003300000000033000003300000003300000330000000000330003300000330
00000000000000000000000000000000000000000000033000000000000003300033333330000000000003300000000000000330000000000330000000000330
00000000000000000000000000000000000000010000330000000000000003300033333330000000000003300000000000000330000000003300000000100330
00000000000000000000000000000000000000000033330000000000000033000033000033000000000033000000000000003300000000333300000000003300
00000000000000000000000000000010000000000033330000000000100033000000000003300000000033000000000000003300000000333300000000003300
00010000000000000000000000000000000000000000333000000000000330000000010003300000000330000000000000033000000000003330000000033000
00000000000000000000000000000000000000000000033000000000003300000000000003300000003300100000000000330000000000000330000000330000
00000000000000000000000000000000000000000000033000000000033000000000000003300000033000000000000003300000000000000330000003300000
00000000000000000000100000000000000003300000033000100000330001000030000033000000330000000000000033000000033000000330000033000000
00000000000000000000000000000000000003330000333000000003300000000333000333000003300000000000000330000000033300003330000330000000
00000000000000000000000000000010000000333333330003300033333333300033333330010033333333300330003333333330003333333300003333333330
00000000000000000000000000000000000000003333300003300333333333300003333300000333333333300330033333333330000033333000033333333330
00000000010000000000000000000000000000100000000000000000000000000100000000000000000000000000000000000000000000000000000000000000
00000000000000000000000000000000000000000001000000000000000000000000010001000000000000000000000000000000000000000000000000001110
00000000000000000000000000000000000000000000000000000010001000000001000000000000000000000000000000000000000000000000000000000100
00000000000000000000000000000000000000000000000000000000000000000000000000000001000010000000000000000010000000000000000000000000
00000000000000000000001000000000000000000000000100000000000000000000000000010000000000000000000000000000000000000000000000000000
00000000000000000000000000000000000000000000000000000000000000000000000000000000000000000000000000000000000000000000000000000000
00000000000000000000000000000000000000000010000000001001000000100000000000000000000000000001000000000000000000000000000000000000
00000000000000000000000000000000000000000000000000000000000000000000010000000000000000000000000000000000000000000000000100000000
00000000000033300300000330030003033330333000000000003000000000000100000000000000003330003300300003000000000330000000000000000000
00000000000030030300003003003030030000300300000000033000000000100000000000000000003003030030300003000000003003000000000000000000
00000000000030030300003003000300030000300300000000003000000000000000000000000000003330030030300003000000000030000000000000000000
00000000000033300300003333000300033300333000000100003000000000000000000000000000003003033330300003010000000003000000000000000000
00001000000030000300003003000300030000303000000000003000000000000000001000000000003003030030300003000000003003000000000000000000
00000000000030000333303003000300033330300301000000003000000000000001000000000000003330030030333303333000000330000000001000000000
00000000000000000000000000000000000000000000000000000000000010000000000000000000000000000000000000000000000000000000000000000000
