00000000000000000000000000000000000000000000000000000000000000000000000000000000000000000000000000000000000000000000000000000000
00000000000000000000000000000000000000000000000000000000000000000000000000000000000000000000000000000000000000000000000000000000
00000000000000000000000000000000000000000000000000000000000000000000000000000000000000000000000000000000000000000000000000000000
00000000000000000000000000000000000000000111110001000001000011111000000111110000111111100000000000000000000000000000000000000000
00000000000000000000000000000000000000001000001001000001000100000100001000001000000100000000000000000000000000000000000000000000
00000000000000000000000000000000000000001000001001000001001000000010010000000100000100000000000000000000000000000000000000000000
00000000000000000000000000000000000000001000000001000001001000000010010000000100000100000000000000000000000000000000000000000000
00000000000000000000000000000000000000000111000001111111001000000010010000000100000100000000000000000000000000000000000000000000
00000000000000000000000000000000000000000000110001000001001000000010010000000100000100000000000000000000000000000000000000000000
00000000000000000000000000000000000000000000001001000001001000000010010000000100000100000000000000000000000000000000000000000000
00000000000000000000000000000000000000001000001001000001001000000010010000000100000100000000000000000000000000000000000000000000
00000000000000000000000000000000000000001000001001000001000100000100001000001000000100000000000000000000000000000000000000000000
00000000000000000000000000000000000000000111110001000001000011111000000111110000000100000000000000000000000000000000000000000000
00000000000000000000000000000000000000000000000000000000000000000000000000000000000000000000000000000000000000000000000000000000
00000000000000000000000000000000000000000000000000000000000000000000000000000000000000000000000000000000000000000000000000000000
00000000000000000000000000000000000000000000000000000000000000000000000000000000000000000000000000000000000000000000000000000000
00000000000000000000000000000000000000000000000000000000000000000000000000000000000000000000000000000000000000000000000000000000
00000000000000000000000000000000000000000000000000000000000000000000000000000000000000000000000000000000000000000000000000000000
00000000000000000000000000000000000000000000000000000000000000000000000000000000000000000000000000000000000000000000000000000000
00000000000000000100000100111111000111111000111111100111111100000100000000000100000010000010011111110001111100000000000000000000
00000000000000000100000100100000100100000100100000000100000010000100000000001010000011000010010000000010000010000000000000000000
00000000000000000100000100100000100100000100100000000100000010000100000000001010000010100010010000000010000010000000000000000000
00000000000000000100000100100000100100000100100000000100000010000100000000001010000010100010010000000010000000000000000000000000
00000000000000000100000100100000100100000100111111100100000010000100000000010001000010010010011111110001110000000000000000000000
00000000000000000100000100111111000111111000100000000111111100000100000000010001000010010010010000000000001100000000000000000000
00000000000000000100000100100000000100000000100000000100010000000100000000111111100010001010010000000000000010000000000000000000
00000000000000000100000100100000000100000000100000000100001000000100000000100000100010001010010000000010000010000000000000000000
00000000000000000010001000100000000100000000100000000100000100000100000001000000010010000110010000000010000010000000000000000000
00000000000000000001110000100000000100000000111111100100000010000111111001000000010010000010011111110001111100000000000000000000
00000000000000000000000000000000000000000000000000000000000000000000000000000000000000000000000000000000000000000000000000000000
00000000000000000000000000000000000000000000000000000000000000000000000000000000000000000000000000000000000000000000000000000000
00000000000000000000000000000000000000000000000000000000000000000000000000000000000000000000000000000000000000000000000000000000
