00000000000000000000000000000000000000000000000000000000000000000000000000000000000000000000000000000000000000000000000000000000
00000000030000000300030003000000030003000300000000000000000000000000000000000000000000000000000000000000000000000000000000000000
00000000330000003030303030300000303030303030000000000000000000000000000000000000000000000000000000000000000000000000000000000000
00000000030000000030303030300000303030303030000000000000000000000000000000000000000000000000000000000000000000000000000000000000
00000000030000000300303030300000303030303030000000000000000000000000000000000000000000000000000000000000000000000000000000000000
00000000030000003000303030300000303030303030000000000000000000000000000000000000000000000000000000000000000000000000000000000000
00000000030003003330030003000300030003000300000000000000000000000000000000000000000000000000000000000000000000000000000000000000
00000000000000000000000000000000000000000000000000000000000000000000000000000000000000000000000000000000000000000000000000000000
00000000000000000000000000000000000000000000000000000000000333333333330000000000000000000000000000000000000000000000000000000000
00000000000000000000000000000000000000000000000000000000000322222222230000000000000000000000000000000000000000000000000000000000
00000000000000000000000000000000000000000000000000000000000323333333330000000000000000000000000000000000000000000000000000000000
00000000000000000000000000000000000000000000000000000000000323000000000000000000000000000000000000000000000000000000000000000000
00000000000000000000000000000000000000000000000000000000000323000000000000000000000000000000000000000000000000000000000000000000
00000000000000000000000000000000000000000000000000000000000323000000000000000000000000000000000000000000000000000000000000000000
00000000000000000000000000000000000000000000000000000000000323000000000000000000000000000000000000000000000000000000000000000000
00000000000000000000000000000000000000000000000000000000000323333330000000000000000000000000000000000000000000000000000000000000
00000000000000000000000000000000000000000000000000000000000322222233300000000000000000000000000000000000000000000000000000000000
00000000000000000000000000000000000000000000000000000000000323333332330000000000000000000000000000000000000000000000000000000000
00000000000000000000000000000000000000000000000000000000000333000033330000000000000000000000000000000000000000000000000000000000
00000000000000000000000000000000000000000000000000000000000000000000333000000000000000000000000000000000000000000000000000000000
00000000000000000000000000000000000000000000000000000000000000000000323000000000000000000000000000000000000000000000000000000000
00000000000000000000000000000000000000000000000000000000000000000000323000000000000000000000000000000000000000000000000000000000
00000000000000000000000000000000000000000000000000000000033300000000323000000000000000000000000000000000000000000000000000000000
00000000000000000000000000000000000000000000000000000000032330000033333000000000000000000000000000000000000000000000000000000000
00000000000000000000000000000000000000000000000000000000033233333332330000000000000000000000000000000000000000000000000000000000
00000000000000000000000000000000000000000000000000000000003332222233300000000000000000000000000000000000000000000000000000000000
00000000000000000000000000000000000000000000000000000000000033333330000000000000000000000000000000000000000000000000000000000000
00000000000000000000000000000000000000000000000000000000000000000000000000000000000000000000000000000000000000000000000000000000
00000000000000000000000000000000000000000000000000000000000000000000000000000000000000000000000000000000000000000000000000000000
00000000000000000000000000000000000000000000000000000000000000000000000000000000000000000000000000000000000000000000000000000000
00000000000000000000000000000000000000000000000000000000000000000000000000000000000000000000000000000000000000000000000000000000
00000000000000000000000000000000000000000000000000000000000000000000000000000000000000000000000000000000000000000000000000000000
