00010000000000001000000000000000000000000000000000000000000000000000000000000000000000000000000000000001000000000000000000000000
00000000000000011003300010003333300000003333300000000003333330010000333300000000333330000000000033333000000033333000000000003000
00000000000000000033300000033333330000033333330000000033333333000003333330000003333333000000000333333300000333333300000000033000
00000000000000000333300000333000333000333000333000000033000033000033000033000033300033300000003330003330003330003330000010033000
00000000000000000003300000330000033000330000033000000330010003300330000003300033000003300000003300000330003300000330000000333000
00000000000000000003300000330000033000000000033000000330000003300330000003300033000003300000003300000330000000000330000000333000
00000000000000000003300000000000033001000000033000000333000033300330010003300000000103300000000000000330000000000330000003333000
00000010000000000003300000000000033000000000330000100033333333000330000003300000000003300000000000000330010000003300000033033000
00000000000000000003300000010000330000000033330000000003333330000330000003300100000033000000000000003300000000333301000033033000
00000000000000000003300000000000330000000033330000000033333333000330000003300000000033000000000000003300000000333300000330033000
00000000000000000003300000000003300000000000333000000333300333300330001003300000000330000100000000033000000000003330003330033000
00000000000000000003300000000033000000000000033000000333000033300330000003300000003300000000000000330000000000000330033300033000
00000000000000000003300000000330000000000000033000000330001003300330000003300000033000000000000003300000000000000330033333333330
00000000000000001003300000003300000003300000033001000330000003300330000003300000330000000000000033000000033000000330033333333330
00000000000000000003300000033000000003330000333000000333000033300033000033000003300000000000000330000000033300003330000000033000
00000000000000000003300000333333333000333333330003300033333333000003333330000033333333300330003333333330003333333300000000033000
00000000000000000003300003333333333000003333300003300003333330000000333300000333333333300330033333333330000033333000000000033000
00000000100000000000000000000000000000000000000000000000000000000010000000000000000000000000000000000000000000000000000000000000
00010000000000000000000000000000000000000000000000000000000000100000001000100000000000000000000000000000000000000000000000000000
00000000000000000000000000000000000000000100000000000000000000000000000000000000000000000000000000000000000000000000000000000000
00000000000000000000000000000000000000000000000000000100010000000000100000000000000000000000000000000000000000000000000000000000
00000000000000000000000000000000000000000000000000000000000000000000000000000000010000100000000000000000000100000000000000000000
00000000000000000010000000000000000000000000010000000000000000000000000000000100000000000000000000000000000000000000000000000000
00000000000000000000000000000000000000000000000000000000000000000100000000000000000000000000000000000000000000000000000000000000
00000000000000000000000000000000000000000000000000000001000000100000000000000000000000000000000000000000000000000000000000000000
00000000000000330300300330003300333000330033300000003000000000000000001000000000033000300300003000033303030333033000300000000010
00000000000000030300303003030030300303003030030000033000000000000000000000000000030303030300030300030003030030030303030000000000
00000000000000030300303000030030300303003030030000003000000000000010000000010000033003030300030300030000300030030303030000000000
00000000100000030300303033033330300303003033330000003000010000100000000000000000030303030300033300033000300030033303330000000000
00000000000030030300303003030030300303003030300000003000000000000000000000000000030303030300030300030003030030033003030000000000
00000000000003300033000330030030333000330030030000003000000000000000000000000000033300300333030300033303030030030303030000000000
00000000000000000000000000000000000000000000000000000000000000000000000100000000000000000000000000000000000000000000000000000000
