00000000000000000000000000000000000000000000000000000000000000000000000000000000000000000000000000000000000000000000000000000000
03000300030000000300030003000000030003000300000000000000000000000000000000000000000000000000000000000000000000000000000000000000
30303030303000003000303030000000300030303000000000000000000000000000000000000000000000000000000000000000000000000000000000000000
00300300030000003300303033000000330000303300000000000000000000000000000000000000000000000000000000000000000000000000000000000000
03000030003000003030033030300000303003003030000000000000000000000000000000000000000000000000000000000000000000000000000000000000
30003030303000003030003030300000303030003030000000000000000000000000000000000000000000000000000000000000000000000000000000000000
33300300030003000300330003000300030033300300000000000000000000000000000000000000000000000000000000000000000000000000000000000000
00000000000000000000000000000000000000000000000000000000000000000000000000000000000000000000000000000000000000000000000000000000
00000000000000000000000000000000000000000000000000000000000000000000000000000000000000000000000000000000000000000000000000000000
00000000000000000000000000000000000000000000000000000000000000000000000000000000000000000000000000000000000000000000000000000000
00000000000000000000000000000000000000000000000000000000000000000000000000000000000000000000000000000000000000000000000000000000
00000000000000000000000000000000000000000000000000000000000000000000000000000000000000000000000000000000000000000000000000000000
00000000000000000000000000000000000000000000000000000000000000000000000000000000000000000000000000000000000000000000000000000000
00000000000000000000000000000000000000000000000000000000000000000000000000000000000000000000000000000000000000000000000000000000
00000000000000000000000000000000000000000000000000000000000000000000000000000000000000000000000000000000000000000000000000000000
00000000000000000000000000000000000000000000000000000000000000000000000000000000000000000000000000000000000000000000000000000000
00000000000000000000000000000000000000000000000000000000000000000000000000000000000000000000000000000000000000000000000000000000
00000000000000000000000000000000000000000000000000000000000000000000000000000000000000000000000000000000000000000000000000000000
00000000000000000000000000000000000000000000000000000000000000000000000000000000000000000000000000000000000000000000000000000000
00000000000000000000000000000000000000000000000000000000000000000000000000000000000000000000000000000000000000000000000000000000
00000000000000000000000000000000000000000000000000000000000000000000000000000000000000000000000000000000000000000000000000000000
00000000000000000000000000000000000000000000000000000000000000000000000000000000000000000000000000000000000000000000000000000000
00000000000000000000000000000000000000000000000000000000000000000000000000000000000000000000000000000000000000000000000000000000
00000000000000000000000000000000000000000000000000000000000000000000000000000000000000000000000000000000000000000000000000000000
00000000000000000000000033333300333333003333333003333300033333000000000003333300033333300033300033333300033333300000000000000000
00000000000000000000000033333330333333303333333033333330333333300000000033333330033333300333330033333330033333300000000000000000
00000000000000000000000033000330330003303300000033300000333000000000000033300000000330003330333033000330000330000000000000000000
00000000000000000000000033333330330033303333300003333300033333000000000003333300000330003300033033003330000330000000000000000000
00000000000000000000000033333300333330003300000000003330000033300000000000003330000330003333333033333000000330000000000000000000
00000000000000000000000033000000330333003333333033333330333333300000000033333330000330003300033033033300000330000000000000000000
00000000000000000000000033000000330033303333333003333300033333000000000003333300000330003300033033003330000330000000000000000000
00000000000000000000000000000000000000000000000000000000000000000000000000000000000000000000000000000000000000000000000000000000
