13212333332221223332322110001232211332100011111232221010013322201110000011123333333222100000000000122233333333333333333333332000
13111233333322233333333221111233322333100011111123222100002232210011000011123333233333320000000000222333333333333323232333333100
13211233333333333333333333322233333333321011111112322211001121100012100011113221001222332011222212222223333333333232232233333200
13211233333333333333333333333333333333332211111111233322211100000001100011112311000110132011233333333223233332233333232223333200
13210233333333333333333333333333333333333332110111112333322221000111210011111321100000011011233223333111112332233333332223333200
23210233333333333333333333333333333333333333210011111223333333222222232111111232100010010011133111322201111223322333332223333200
23320233333333333333333333333333333333333333310001011112333333333333333221111123200000000110123111101100111112332233332222233200
23321233333333333333333333333333233333333333310000011002333333333333333332211122321001000101113211100110111113222333332222333200
13333333333331123222122333333333320000000001013333333333333333333333331010111223333211332101322110010000000112322233333222333200
12222222333331122112222222333333210011000011013333333333333222233333331001111023333333333221122222111100000011232223333332233200
01111111111121112112222222223322200011110110013333333333332111122222330000001013333333333333111233222220000011123223333322333200
01000001011111222111111111111111100011111111122333333333333232323322320000001113333333333333100123333332200000123222333322233200
01111111222222233110111111111111110001111111111111222222232222222222210101111013333332112223210023333333310000013312333332233200
12223223333223333211112122122111111110111111101111122223331111111111111111111113333321112222310023333123222000012312333332233200
12333333323322223322222222222222222222222222222222233233332111112111100101101112311111111111111233332123200000002311233332223200
12332222332232223322222222223333333223333333333323333233333222222221101112222223321121211111122331111000000000001311233332223200
12222222222222222222222322222333332233332333222323233332333333333322222333333333333333332323333321110000000001011311233332223200
12222222222333222332223222222332232222322323322222222233232233333333333333333333333333333333333321100000000000001321233332223200
12222222222222222333232323322223333233333333333333333333233333333333333333333333333333333333332211100000000000001321233332223200
12222222222222222232332233223222333333333333333333333333333222222333333333333333211111333333321000000000000001002321233332223200
12222223222222222232322322222222333333333333333333333333211110101233333333333333200000233333332100000000000000012312233322123200
12222223333233332222211111111111233333333333333333333333310000000023333333333333321000133333333210000000000000012312333322223200
13322233333333332210000000000000133333333333333333333333320000000012333333333333332000023333333321000000000000113212333322223200
13222223333332333321000000000000023333333333333333333333332000000001333333333333333100012333333332000000000000123122333322223200
12232323333000000000000000000000000000000033333333300033333100010000233333333333300000000000000000000000000000122123333222223200
12223233333033300300000330030003033330333003333333003033333310011000123333333333303330003300300003010000000030222223332222223200
12333223333030030300003003003030030000300303333333033033333321001000012333333333303003030030300003020000000330222233321222223200
13332223333030030300003003000300030000300303333333003033333332000001112333333333303330030030300003010000000030222233322222223200
13333333333033300300003333000300033300333003333333303033333333100001111233333333303003033330300003000000000030112233222222233200
13333333333030000300003003000300030000303003333333303033333333311101111123333333303003030030300003000011112030223332222222233200
13333333333030000333303003000300033330300303333333303033333333321000111133333333203330030030333303333011111030222222222222233100
13333333333000000000000000000000000000000003333333300033333333320000011233222211000000000000000000000021221000222222222222332000
