00000000000000000000000000000000000001110000000000000000100000000000000000000000001000000000000000000000000000000000000000000000
00000000000000000000000000000000000000100000000033333000000000003333300000000000300000033000000000033000000033333000000033330000
00000000000000000000000000000000000000000000000333333300000000033333330010000003300000333000000000333000000333333300000333333000
00000000000000000000000001000000000000000000003330003330000000333000333001000003300003333000001003333000003330003330003300003300
00000000000000000000000000000000000000000000003300000330000000330000033000000033300000033000000000033000003300000330033000000330
00000000000000000000000000000000000000000000000000000330000000330000033000000033300000033000000000033000003300000330033000000330
00000000001000000000000000000000000000000000000000000330000000000000033000000333300001033000000000033000000000000330033000000330
00000000000100000000000000000000000100000000000000003300000010000000033000003303300000033000000000033000000000000330033000000330
00000000000000000000000000000000000000000000000000333300000001000000330000003303300000033000000000033000000000003300033000000330
00000000000000000000000000000000000000000000000000333300000000000000330000033003300000033000000000033000100000003300033000000330
00000000000000000000000000000000000000000000000000003330000000000003300000333003300000033000000000033001000000033000033000000330
00000000000000000000000000000000000000000000000000000330000000000033000003330003300000033000000000033000000000330000033000000330
00000000000000000000000000000000000000000000000000000330101000000330000003333333333000033000000000033000000003300000033000000330
00000000000000000000000000000000000000000001033000000330000001003300000103333333333000033000001000033000000033000000033000000330
00000000000000000000000000000000000000000000033300003330000000033000000000000003300000033000000000033000000330000000003300003300
00000000000000000000000000000000000000000000003333333300033000333333333000000003300000033000033000033000003333333330000333333000
00000000000000000000000000000000000000000000000033333000033003333333333000000003300001033000033000033000033333333330100033330000
00000000001000000000000000000000000000000000000000000000000000000000000000001000000000000000000000000000000000000000110000000000
00000000011100000000000000000000000000010000000000000000001000100000000000000000000000000000000000000000000000000000100000000000
00000000001000000000000000000000000000000000000000000000000000000001000000000000000000000000000000000000000000000000000000000000
00000000000000000000001000000000000000000000000000000000000000000000000000000000000000000000000000000000000000000000000000000000
00000000000000000000000000000000000000000000000000000000000000000000100000000000010000000000000000000000000000000000000000000000
00000000000000000000000000000001000000000000000000000000000000010000000000000000000000000000000000000000000000000000000000000000
00000000000000000000000000000000000000000000000001000000100000100000000100000000000000000000000000000000000000000000000000000000
00000000000000000000000000000000000000000000000000000001000000000000000010000000000000000000000000000000000000000000000000000000
00000000000033300300000330030003033330333000000001003000000000000000000000000000003330003300300003001000000030000000000000000000
00000000000030030300003003003030030000300300000000033000000000000000000000000000003003030030300003000000000330000000000000000000
00000000000030030300003003000300030000300300000000003000000000000000000000000000003330030030300003000000000030000000000000000000
00000000000033300300003333000300033300333000000000003000000000000001000000000000003003033330300003000000000030000000000000000000
00000000000030000300003003000300030000303000000000003000000000000000000000000000003003030030300003000000000030000000000000000000
00000000000030000333303003000300033330300300000000003000000000100000000000000000003330030030333303333000000030001000000000000000
00000000000000000000000000000000000000000000000100000000000000000000000000010000000000000000000000000000000000011100000000000000
