00000000000000000000000000000000000000000000000000000000000000000000000000000000000000000000000000000000000000000000000000000000
00000000000000000000000000000000000000000000000000000000000000000000000000000000000000000000000000000000000000000000000000000000
00000000000003333333300033333000333333330003330000330000000000033333000003333000000333330000333333300033333330000000000000000000
00000000000003111111110331111100311111111003111000311000000000331111100033111100003311111000311111110031111111000000000000000000
00000000000000111111113311111110011111111033111000311000000000311111110331111110033111111100311111111031111111000000000000000000
00000000000000003110003111000111000311000031131100311000000000311000110311100111031110001110311000311031100000000000000000000000
00000000000000003110003110000311000311000031131100311000000000311333000311000010031100003110311333311031133330000000000000000000
00000000000000003110003110000311000311000331101100311000000000011111100311000000031100003110311111110031111111000000000000000000
00000000000000003110003110000311000311000311333110311000000000001111110311000300031100003110311111100031111111000000000000000000
00000000000000003110003110003311000311000311111110311000000000330003110311003310031100033110311001110031100000000000000000000000
00000000000000003110000111333111000311003311111110311333300000311333110011133111001113331110311003110031133330000000000000000000
00000000000000003110000011111110000311003110000311311111110000011111110001111110000111111100311000111031111111000000000000000000
00000000000000000110000001111100000011000110000011011111110000001111100000111100000011111000011000011101111111000000000000000000
00000000000000000000000000000000000000000000000000000000000000000000000000000000000000000000000000000000000000000000000000000000
00000000000000000000000000000000000000000000000000000000333300000000333333000000333300000000000033330000000033330000000033333300
00000000000000000000000000000000000000000000000000000003333330000003333333000003333330000000000333333000000333333000000333333300
00000000000000000000000000000000000000000000000000000033300333000003300000000033000033000000003300003300003300003300000330000000
00000000000000000000000000000000000000000000000000000330000003300003300000000330000003300000033000000330033000000330000330000000
00000000000000000000000000000000000000000000000000000330000003300003300000000330000003300000033000000330033000000330000330000000
00000000000000000000000000000000000000000000000000000330000003300033333330000330000003300000033000000330033000000330003333333000
00000000000000000000000000000000000000000000000000000330000003300033333330000330000003300000033000000330033000000330003333333000
00000000000000000000000000000000000000000000000000000333000033300033000033000330000003300000033000000330033000000330003300003300
00000000000000000000000000000000000000000000000000000033333333000000000003300330000003300000033000000330033000000330000000000330
00000000000000000000000000000000000000000000000000000003333333000000000003300330000003300000033000000330033000000330000000000330
00000000000000000000000000000000000000000000000000000000003330000000000003300330000003300000033000000330033000000330000000000330
00000000000000000000000000000000000000000000000000000000003300000000000003300330000003300000033000000330033000000330000000000330
00000000000000000000000000000000000000000000000000000000033000000030000033000330000003300000033000000330033000000330003000003300
00000000000000000000000000000000000000000000000000000000330000000333000333000033000033000000003300003300003300003300033300033300
00000000000000000000000000000000000000000000000000000003300000000033333330000003333330000330000333333000000333333000003333333000
00000000000000000000000000000000000000000000000000000033000000000003333300000000333300000330000033330000000033330000000333330000
00000000000000000000000000000000000000000000000000000000000000000000000000000000000000000000000000000000000000000000000000000000
00000000000000000000000000000000000000000000000000000000000000000000000000000000000000000000000000000000000000000000000000000000
