00000000000000000000000000000000000000000000000000000000000000000000000000000000000000000000000000000000000000000000000000000000
00000000000000000003300000003333300000003333300000000000333330000000333300000000333330000000000033333000000033333000000033333000
00000000000000000033300000033333330000033333330000000003333333000003333330000003333333000000000333333300000333333300000333333300
00000000000000000333300000333000333000333000333000000033300033300033000033000033300033300000003330003330003330003330003330003330
00000000000000000003300000330000033000330000033000000033000003300330001003300033000003300000003300000330003300000330003300000330
00000000000000000003300000330001033000000000033000000000000003300330000003300033000003301000003300000330000000000330003300000330
00000000000000000003300000000000033000000000033010000000000003300330000003300000000003300000000000000330000000000330000000000330
00000000000000000003300000000000033000000000330000000001000033000330000003300000010003300000000000000330000000003300000000000330
00000000000000000003300000000000330000010033330000000000003333000330000003300000000033000000000000003300000000333300000000003300
00000000000000000003300000000000330000000033330000000000003333000330000003300000000033000000000000003300000000333300000000003300
00000000000000000003300000000003300000000000333000000000000033300330000003300000000330000000000010033000000000003330000000033000
00000000000000000003300000000033000000000000033000000000000003300330000003300000003300000000000000330000000000000330000000330000
00000000000000000003300000000330000000000000033000000000101003300330000003300010033000000000000003300000000000000330000003300000
00000100000000000003300000003300000003300000033000000330000003300330010003300000330000001000000033000000033000000330000033000000
00000000000000000003300000033000000003330000333000000333000033300033000033000003300000000000000330000000033300003330000330000000
00000000000000000003300000333333333000333333330003300033333333000003333330000033333333300330003333333330003333333300003333333330
00000000000000000003300003333333333000003333300003300000333330000000333300000333333333300330033333333330000033333000033333333330
00000000000000000000000000000000000000000000000000000000000000000010000000000000000000000000000000000000000000000000000000000000
00000000000000000000000000000000000000000000000000000000000000100000000000000000000000000000000000000000000000000000000000000000
00000000000000000000000000000100000000000000000000000000001000000001000000000000000000000000000000000000000000000000000000000000
00000000000000000000000000000000000010000000000000000000000000000000000001000100000000000000000000000000000000000000000000000000
00000000000000000000000000000000000000000000000000000000000000100000000000000000000000000000000000000000000000000000000000000000
00000000000000000000000000000000000000000000000000010000010000000000010000000000000000000000000000000000000000000000000000000000
00000000000000000000000000000000000000000000000000000000000000000000000000000000000000100000100000000000000000000000001000000000
00000000100000000000000000000000000000000000000000000000000000000000000000000000010000000000000000000000000000000000000000000000
00000000000000330300300330003300333000330033300000003000000000000010000000000000000333000330030000033000000030000000000000000000
00000000000000030300303003030030300303003030030000033000000000000000000000000000000300303003030000300300000330000000000000000000
00000000000000030300303000030030300303003030030000003000000000100000000000000000000333003003030000300300000030000000000000000000
00000000000000030300303033033330300303003033330001003000000000000000000010000000000300303003030000333300000030000000000000000000
00000000000030030300303003030030300303003030300000003000000000000000000000000000000300303003030000300300000030000000000000000000
00000000000003300033000330030030333000330030030000003000000000000000100000000000000333000330033330300300000030000000000000000000
00000000000000000000000000000000000000000000000000000000000000010000000000000010000000000000000000000000000000000000000000000000
