00000000000000000000000000000000000000000000000000000000000000000000000000000000000000000000000000000000000000000000000000000000
00000000000000000000000000000000000000000000000000000000000000000000000000000000000000000000000000000000000000000000000000000000
00000000000000000000000000000000000000000000000000000000000000000000000000000000000000000000000000000000000000000000000000000000
00000000000000000000000000000000000000000000000000000000000000000000000000000000000000000000000000000000000000000000000000000000
00000000000330000003300003333000000330000000000000000000000000000000000000000000000000000000000000000000000000000000000000000000
00000000003333000033330003333300003333000000000000000000000000000000000000000000000000000000000000000000000000000000000000000000
00000000003333000033330003303300003333000000000000000000000000000000000000000000000000000000000000000000000000000000000000000000
00000000003303000033030003303330003303000000000000000000000000000000000000000000000000000000000000000000000000000000000000000000
00000000003303000033030003300330003303000000000000000000000000000000000000000000000000000000000000000000000000000000000000000000
00000000003303000033030003300330003303000000000000000000000000000000000000000000000000000000000000000000000000000000000000000000
00000000003303000033030003303330003303000000000000000000000000000000000000000000000000000000000000000000000000000000000000000000
00000000033333300333333003303300033333300000000000000000000000000000000000000000000000000000000000000000000000000000000000000000
00000000033333300333333003333300033333300000000000000000000000000000000000000000000000000000000000000000000000000000000000000000
00000000033003300330033003333000033003300000000000000000000000000000000000000000000000000000000000000000000000000000000000000000
00000000000000000000000000000000000000000000000000000000000000000000000000000000000000000000000000000000000000000000000000000000
00000000011111100111111001111110011111100000000000000000000000000000000000000000000000000000000000000000000000000000000000000000
00000000011111100111111001111110011111100000000000000000000000000000000000000000000000000000000000000000000000000000000000000000
00000000000000000000000000000000000000000000000000000000000000000000000000000000000000000000000000000000000000000000000000000000
00000000000000000000000000000000000000000000000000000000000000000000000000000000000000000000000000000000000000000000000000000000
00000000000000000000000000000000000000000000000000000000000000000000000000000000000000000000000000000000000000000000000000000000
00000000000000000000000000000000000000000000000000000000000000000000000000000000000000000000000000000000000000000000000000000000
00000000000000000000000000000000000000000000000000000000000000000000000000000000000000000000000000000000000000000000000000000000
00000000000000000000000000000000000000000000000000000000000000000000000000000000000000000000000000000000000000000000000000000000
00000000000000000000000000000000000000000000000000000000000000000000000000000000000000000000000000000000000000000000000000000000
00000000000000000000000000000000000000000000000000000000000000000000000000000000000000000000000000000000000000000000000000000000
00000000000000000000000000000000000000000000000000000000000000000000000000000000000000000000000000000000000000000000000000000000
00000000000000000000000000000000000000000000000000000000000000000000000000000000000000000000000000000000000000000000000000000000
00000000000000000000000000000000000000000000000000000000000000000000000000000000000000000000000000000000000000000000000000000000
00000000000000000000000000000000000000000000000000000000000000000000000000000000000000000000000000000000000000000000000000000000
00000000000000000000000000000000000000000000000000000000000000000000000000000000000000000000000000000000000000000000000000000000
00000000000000000000000000000000000000000000000000000000000000000000000000000000000000000000000000000000000000000000000000000000
00000000000000000000000000000000000000000000000000000000000000000000000000000000000000000000000000000000000000000000000000000000
