03333300000000001111100011111110000000000000000001111100111111000000000000111100111111001111111011111000001100000011100000000000
33333330000000001111110011111110000000000000000011111110111111000000000001111110111111101111111011111100001100000011100000000000
33003330000000001100111011000000000000000000000011001110110000000000000011000110110001101100000011001110000000000001100000000000
00033300000000001100011011111000000000000000000000011100111111000000000011000000110011101111100011000110000000000001100000000000
03333000000000001100111011000000000000000000000001111000000111100000000011100110111110001100000011001110000000000001100000000000
33333330000000001111110011111110000000000000000011111110000111100000000001111110110111001111111011111100001100000001100000000000
33333330000000001111100011111110000000000000000011111110111111000000000000111100110011101111111011111000001100000001100000000000
00000000000000000000000000000000000000000000000000000000000000000000000000000000000000000000000000000000000000000000000000000000
00111000000000001111100011111110000000000011100000111000001110000000000000111100111111001111111011111000001100000111110000000000
00111000000000001111110011111110000000000011100001111100011111000000000001111110111111101111111011111100001100000111111000000000
00011000000000001100111011000000000000000001100011001110110011100000000011000110110001101100000011001110000000000000111000000000
00011000000000001100011011111000000000000001100011000110110001100000000011000000110011101111100011000110000000000001110000000000
00011000000000001100111011000000000000000001100011100110111001100000000011100110111110001100000011001110000000001100011000000000
00011000000000001111110011111110000000000001100001111100011111000000000001111110110111001111111011111100001100001111111000000000
00011000000000001111100011111110000000000001100000111000001110000000000000111100110011101111111011111000001100000111110000000000
00000000000000000000000000000000000000000000000000000000000000000000000000000000000000000000000000000000000000000000000000000000
00111000000000001111100011111110000000000111110000111000001110000000000000111100111111001111111011111000001100001111111000000000
00111000000000001111110011111110000000001111111001111100011111000000000001111110111111101111111011111100001100001111111000000000
00011000000000001100111011000000000000001100111011001110110011100000000011000110110001101100000011001110000000000000111000000000
00011000000000001100011011111000000000000001110011000110110001100000000011000000110011101111100011000110000000000001110000000000
00011000000000001100111011000000000000000111100011100110111001100000000011100110111110001100000011001110000000000011100000000000
00011000000000001111110011111110000000001111111001111100011111000000000001111110110111001111111011111100001100000011000000000000
00011000000000001111100011111110000000001111111000111000001110000000000000111100110011101111111011111000001100000011000000000000
00000000000000000000000000000000000000000000000000000000000000000000000000000000000000000000000000000000000000000000000000000000
00111000000000001111100011111110000000001111110000111000001110000000000000111100111111001111111011111000001100000011100001111000
00111000000000001111110011111110000000001111110001111100011111000000000001111110111111101111111011111100001100000011100011001100
00011000000000001100111011000000000000001100000011001110110011100000000011000110110001101100000011001110000000000001100011111100
00011000000000001100011011111000000000001111110011000110110001100000000011000000110011101111100011000110000000000001100001111000
00011000000000001100111011000000000000000001111011100110111001100000000011100110111110001100000011001110000000000001100011011110
00011000000000001111110011111110000000000001111001111100011111000000000001111110110111001111111011111100001100000001100011000110
00011000000000001111100011111110000000001111110000111000001110000000000000111100110011101111111011111000001100000001100001111100
00000000000000000000000000000000000000000000000000000000000000000000000000000000000000000000000000000000000000000000000000000000
