00000000000000000000000000000000000000000000000000000000000000000000000000000000000000000000000000000000000000000000000000000000
00000000000000000000000000000000000000000000000000000000000000000001111100000000000000000000000000000000000000000000000000000000
00000000000000000000000000000000000000000000000000000000000000000033333330000000000000000000000000000000000000000000000000000000
00000000000000000000000000000000000000000000000000000000000000000333333330000000000000000000000003330000000000000000000000000000
00000000000000000000000000000000000000000000000000000000022200002220002220000000000000000000000020002000000000000000000000000000
00000000000000000000000000000000000000000000000000000111111110011100001110000000000000000000000101100100000000000000000000000000
00000000000000000000000000000000000000000000000000033333333330033300003330000000003330000000000303030300000000000000000000000000
00000000000000000000000000000000000000000000000003333333333330333000033300000000033333000000000303300300000000000000000000000000
00000000000000000000000000000000000000000000000022222222222200220000022200000000022222000000000202020200000000000000000000000000
00000000000000000000000000000000000000000000000111111111111001110000111000000000011111000000000010001000000000000000000000000000
00000000000000000000000000000000000000000000003333333333000003330000330000000000003330000000000003330000000000000000000000000000
00000000000000000000000000000000000000000000003333333000000003300003300333300000000000000333000000000000000000000000000000000000
00000000000000000000000000000000000000000000002222222000000002200022002222220000020000002222200000000000000000000000000000000000
00000000000000000000000000000000000000000000001111111110000001100110011100110000110000011100000000000000000000000000000000000000
00000000000000000000000000000000000000000000003333333333300003303300330000330003330000333000000000000000000000000000000000000000
00000000000000000000000000000000000000000000000333333333330003300000330003330033300000330000000000000000000000000000000000000000
00000000000000000000000000000000000000000000000022222222222002200000222222200222200002220000000000000000000000000000000000000000
00000000000000000000000000000000000000000000000000011111111001100001111110001111100011110001100000000000000000000000000000000000
00000000000000000000000000000000000000000000000033333333333003330333333003333303300333333033300000000000000000000000000000000000
00000000000000000000000000000000000000000000003333333333330000333333333333330003333300333333300000000000000000000000000000000000
00000000000000000000000000000000000000000000222222222222200000022200022222000002220000022220000000000000000000000000000000000000
00000000000000000000000000000000000000000001111111111100000000000000000000000000000000000000000000000000000000000000000000000000
00000000000000000000000000000000033333300333333333330003333333333333333333333333333333333333333000000000000000000000000000000000
00000000000000000000000000000000033333003333333330000033333333333333333333333333333333333333333000000000000000000000000000000000
00000000000000000000000000000000000000022222222000000000000000000000000000000000000000000000000000000000000000000000000000000000
00000000000000000000000000000000000000111111000000000000000000000000000000000000000000000000000000000000000000000000000000000000
00000000000000000000000000000000000003333300000000000000000000000000000000000000000000000000000000000000000000000000000000000000
00000000000000000000000000000000000033330000000000000000000000000000000000000000000000000000000000000000000000000000000000000000
00000000000000000000000000000000000222200000000000000000000000000000000000000000000000000000000000000000000000000000000000000000
00000000000000000000000000000000001111000000000000000000000000000000000000000000000000000000000000000000000000000000000000000000
00000000000000000000000000000000003330000000000000000000000000000000000000000000000000000000000000000000000000000000000000000000
00000000000000000000000000000000000000000000000000000000000000000000000000000000000000000000000000000000000000000000000000000000
