00000011000000000000000000000000000000000000000000000000111111111233323233333333333333232233332333333333333310000000000000000000
00333011030033303330000003000300030000000300030003000000111111111233322333333333333333222333333333333333333320000000000000000000
00333011330030003000000030003030303000003030303030300000111111111123333222333333333333333233333333333333333331000000000000000000
00033011030033003300000033003030303000003030303030300000111110111112333322223333333333333223333333333333333332000000000000000000
00033011030000300030000030303030303000003030303030300000100000011111233332222333333333333323323333333333333333000000000000000000
00033011030030303030000030303030303000003030303030300000000000001111133332223333333333333322323333333333333333100000000000000000
00033011030003000300030003000300030003000300030003000000000000001111123332223233333333333322232333333333333333200000000000000000
00033011000000000000000000000000000000000000000000000000000000000111123333222223333333333332322233333333333333200000000000000000
00000011111111111123333333333333333333333333333333320000000000001111113333222233333333333333222233333333333333300000000000000000
00000111101111111123333333333333333333333333333333331000000000000011112333222233333333333332223233333333333333310000000000000000
01001101100011111123333333333333333333333333333333331000000000000011112333322323333333333332223233333333333333310000000000000000
01000000000111100123333333333333333333333333333333331000000000000011111233321222333333333332222233333333333333320000000000000000
01110000000001100023333333333333333222222233333333331000000000000011111233322223333333333332222233333333333333320000000000000000
01111000001001000023333333333333332111222222233333331000000000000001111233322223333333333332222233333333333333320000000000000000
01111100001111010023333333333333333222232333333333320000000000000011111233322223333333333332222233333333333333320000000000000000
01111100000000000012222222222222333233322222222221110000000000000011111133322222333333333333222322333333333333320000000000000000
01111100000000010111111111122222233333321111111111010000000000000011111133331212333333333333222233333333333333320000000000000000
11111111111111111111122222222233323333321111111110100000000000000001111133332222333333333333223223333333333333320000000000000000
12222222222222222222222223332233332322211111111110000000000000000001011133331122233333333333222223333333333333320000000000000000
12221222222222222222222322333223332321112111111110000000000000000001111133331222233333333333222233333333333333320000000000000000
12232222222222222332223333333333333221111111111101000000000000000001111123321222233333333333222233333333333333310000000000000000
12322222222222222223223322233322222111111111111100000000000000000000111123321222233333333332222323333333333333300000000000000000
12222222222332222222333222222222211111111100000000000000000000000010111133332222333333333332223322333333333333300000000000000000
12221222222223333332332233333333111111111000000000000000000000000011111133322222333333333332222233333333333333200000000000000000
01111222333200000000000000000000000000000000000000000000000000000000011233321222333000000000000000000033330000200000000000000000
00000223333000330300300330003300333000330033300000003000000000000001111233321222330333000330030000033003300330000000000000000000
00000123233000030300303003030030300303003030030000033000000000000000001233322222330300303003030000300303303003000000000000000000
00000123333000030300303000030030300303003030030000003000000000000000111233212222330333003003030000300303300003000000000000000000
00000023333000030300303033033330300303003033330111003000000000000000111333212222330300303003030000333303300330000000000000000000
00100012333030030300303003030030300303003030300000003000000000000000112332212223330300303003030000300303303000000000000000000000
00000002333003300033000330030030333000330030030000003000000000000001112332111223330333000330033330300303303333000000000000000000
00000001233300000000000000000000000000000000000000000000000000000001123322122223333000000000000000000033300000000000000000000000
