00000000000000000000000011222212211100000000000000000110000001112100000000000000000000000000000000000012000000000000000000000000
00000000000000000000000111122222222100000000330000001100333300112100333300000000333330000000000033333001033333333330000033333300
00000000000000000000011111222211222100000003300001111003333330012003333330000003333333000000000333333300033333333330100333333300
00000000000000000000011111222211222100000033000111110033000033000033300333000033300033300000003330003330000000003300000330000000
00000000000000000000111111112112221100000330011111110330011003300330000003300033000003300000003300000330222111003301000330000000
00000000000000000000111111112112310000003300012111110330111103300330211203300000000003300000003300000330211111033001000330000000
00000000000000000000111111111122210000033333002101110330121103300330222303300000000003300000000000000330111110033011003333333000
00000000000000000000001111111123100000333333300000110330121103300330012003300000000033000000000000000330000110330000003333333000
00000000000000000000011121111212100000333003330000010330122103300333000033300000003333000000000000003300000000330000003300003300
00000000000000000000011111112321100003330000333000010330111103300033333333000000003333000000000000003300000003300000000000000330
00000000000000000000001111122210000003300110033000010330111103302003333333000000000033300000000000033000000003300000000000000330
00000000000000000000000011122110000103301112033001110330112103302100003330000000000003300000000000330000000033000000000000000330
00000000000000000000000012121000001103300110033011110330111103302122003300000000000003300000000003300000000033000000000000000330
00000000000000000000000001110000001103330000333021110330012003302220033000000330000003300000000033000000000330000000003000003300
00000000000000000000000000000000001100333003330000000033000033003200330000000333000033300000000330000000000330000000033300033300
00000000000000000000000000000000001110033333300103301003333330023003300110000033333333000330003333333330003300000000003333333000
00000000000000000000000000000000010111003333001103301100333300222033001210000000333330000330033333333330033300000000000333330000
00000000000000000000000000000000111111100000010100001110000002222000012210000000000000000000000000000000000000000000000000000000
00000000000000000000000000000000111110111111110111111111111111223233211211000000000000000000000000000000000000000000000000000000
00000000000000000000000000000000111100111111111100000001111111222233212221000000000000000000000000000000000000000000000000000000
00000000000000000000000000000000011001111111011100000011111222321122221110000000000000000000000000000000000000000000000000000000
00000000000000000000000000000000001101111110012110011111111122221111221100000000000000000000000000000000000000000000000000000000
00000000000000000000000000000000001100000111111110111111111111121122222100000000000000000000000000000000000000000000000000000000
00000000000000000000000000000000000000000111100110011011111011112222122100000000000000000000000000000000000000000000000000000000
00000000000000000000000000000000000010000110111110010011000011122221111000000000000000000000000000000000000000000000000000000000
00000000000000000000000000000000000111000010111110110011000011111232111100000000000000000000000000000000000000000000000000000000
00000000000000000000000000000000000010000000111110110011110111111122212110000000000000000000000000000000000000000000000000000000
00000000000000000000000000000000000000000000110110000011100110001122211110000000000000000000000000000000000000000000000000000000
00000000000000000000000000000000000000001001110000000011100011001232222100000000000000000000000000000000000000000000000000000000
00000000000000000000000000000000000000000001100000000000011111112333322100000000000000000000000000000000000000000000000000000000
00000000000000000000000000000000000000000000000000011110011111122333322100000000000000000000000000000000000000000000000000000000
00000000000000000000000000000000000000111000100000011221121112232233221000000000000000000000000000000000000000000000000000000000
