00000000000000000000000000000000000000000000000000000000000000000000000000000000000000000000000000000000000000000000000000000000
00000000000000000000000000000000003333000033333330000333333300333333000033003333333300033333000000000000000000000000000000000000
00000000000000000000000000000000033111100031111111000311111110311111100031103111111110331111100000000000000000000000000000000000
00000000000000000000000000000000331111110031111111100311111110311111110031100111111110311111110000000000000000000000000000000000
00000000000000000000000000000000311100111031100031100311000000311000111031100003110000311000110000000000000000000000000000000000
00000000000000000000000000000000311000011031133331100311333300311000311031100003110000311333000000000000000000000000000000000000
00000000000000000000000000000000311000000031111111000311111110311000311031100003110000011111100000000000000000000000000000000000
00000000000000000000000000000000311000330031111110000311111110311000311031100003110000001111110000000000000000000000000000000000
00000000000000000000000000000000311003311031100111000311000000311003311031100003110000330003110000000000000000000000000000000000
00000000000000000000000000000000011133111031100311000311333300311333111031100003110000311333110000000000000000000000000000000000
00000000000000000000000000000000001111110031100011100311111110311111110031100003110000011111110000000000000000000000000000000000
00000000000000000000000000000000000111100001100001110011111110011111100001100000110000001111100000000000000000000000000000000000
00000000000000000000000000000000000000000000000000000000000000000000000000000000000000000000000000000000000000000000000000000000
00000000000000000000000000000000000000000000000000000000000000000000000000000000000000000000000000000000000000000000000000000000
00000000000000000000000000000000000000000000000000000000000000000000000000000000000000000000000000000000000000000000000000000000
00000000000000000000000000000000000000000000000000000000000222000022220000000000000000000000000000000000000000000000000000000000
00000000000000000000000000000000000000000000000000000000002333000233332000000000000000000000000000000000000000000000000000000000
00000000000000000000000000000000000000000000000000000000002333000233332000000000000000000000000000000000000000000000000000000000
00000000000000000000000000000000000000000000000000000000002223000232232000000000000000000000000000000000000000000000000000000000
00000000000000000000000000000000000000000000000000000000000023000230032000000000000000000000000000000000000000000000000000000000
00000000000000000000000000000000000000000000000000000000000023000230032000000000000000000000000000000000000000000000000000000000
00000000000000000000000000000000000000000000000000000000000023000230032000000000000000000000000000000000000000000000000000000000
00000000000000000000000000000000000000000000000000000000000023000230032000000000000000000000000000000000000000000000000000000000
00000000000000000000000000000000000000000000000000000000000023000230032000000000000000000000000000000000000000000000000000000000
00000000000000000000000000000000000000000000000000000000000023000230032000000000000000000000000000000000000000000000000000000000
00000000000000000000000000000000000000000000000000000000000023000230032000000000000000000000000000000000000000000000000000000000
00000000000000000000000000000000000000000000000000000000002223000232232000000000000000000000000000000000000000000000000000000000
00000000000000000000000000000000000000000000000000000000002332000233332000000000000000000000000000000000000000000000000000000000
00000000000000000000000000000000000000000000000000000000002332000233332000000000000000000000000000000000000000000000000000000000
00000000000000000000000000000000000000000000000000000000002222000022220000000000000000000000000000000000000000000000000000000000
00000000000000000000000000000000000000000000000000000000000000000000000000000000000000000000000000000000000000000000000000000000
00000000000000000000000000000000000000000000000000000000000000000000000000000000000000000000000000000000000000000000000000000000
