00000000000000000000000000000000000000000000000000000000000000000000000000000000000000000000000000000000000000000000000000000000
00000000000000000000000000000000000000000000000000000000000000000000000000000000000000000000000000000000000000000000000000000000
00000000000000000000000000000000000000000000000000000000000000000000000000000000000000000000000000000000000000000000000000000000
00000000000000000000000000000000000000000000000000000000000000000000000000000000000000000000000000000000000000000000000000000000
00000000000033000000000000000000000000000000000000000000000000000000000000000000000000000000000000000000000000000000000000000000
00000000000333000000000000000000000000000000000000000000000000000000000000000000000000000000000000000000000000000000000000000000
00000000003330000000000000000000000000000000000000000000000000000000000000000000000000000000000000000000000000000000000000000000
00000000033300000000000000000000000000000000000000000000000000000000000000000000000000000000000000000000000000000000000000000000
00000000033000000000000000000000000000000000000000000000000000000000000000000000000000000000000000000000000000000000000000000000
00000000033000000000000000000000000000000000000000000000000000000000000000000000000000000000000000000000000000000000000000000000
00000000033300000000000000000000000000000000000000000000000000000000000000000000000000000000000000000000000000000000000000000000
00000000003330000000000000000000000000000000000000000000000000000000000000000000000000000000000000000000000000000000000000000000
00000000000333000000000000000000000000000000000000000000000000000000000000000000000000000000000000000000000000000000000000000000
00000000000033000000000000000000000000000000000000000000000000000000000000000000000000000000000000000000000000000000000000000000
00000000000000000000000000000000000000000000000000000000000000000000000000000000000000000000000000000000000000000000000000000000
00000000011111100111111001111110000000000000000000000000000000000000000000000000000000000000000000000000000000000000000000000000
00000000011111100111111001111110000000000000000000000000000000000000000000000000000000000000000000000000000000000000000000000000
00000000000000000000000000000000000000000000000000000000000000000000000000000000000000000000000000000000000000000000000000000000
00000000000000000000000000000000000000000000000000000000000000000000000000000000000000000000000000000000000000000000000000000000
00000000000000000000000000000000000000000000000000000000000000000000000000000000000000000000000000000000000000000000000000000000
00000000000000000000000000000000000000000000000000000000000000000000000000000000000000000000000000000000000000000000000000000000
00000000000000000000000000000000000000000000000000000000000000000000000000000000000000000000000000000000000000000000000000000000
00000000000000000000000000000000000000000000000000000000000000000000000000000000000000000000000000000000000000000000000000000000
00000000000000000000000000000000000000000000000000000000000000000000000000000000000000000000000000000000000000000000000000000000
00000000000000000000000000000000000000000000000000000000000000000000000000000000000000000000000000000000000000000000000000000000
00000000000000000000000000000000000000000000000000000000000000000000000000000000000000000000000000000000000000000000000000000000
00000000000000000000000000000000000000000000000000000000000000000000000000000000000000000000000000000000000000000000000000000000
00000000000000000000000000000000000000000000000000000000000000000000000000000000000000000000000000000000000000000000000000000000
00000000000000000000000000000000000000000000000000000000000000000000000000000000000000000000000000000000000000000000000000000000
00000000000000000000000000000000000000000000000000000000000000000000000000000000000000000000000000000000000000000000000000000000
00000000000000000000000000000000000000000000000000000000000000000000000000000000000000000000000000000000000000000000000000000000
00000000000000000000000000000000000000000000000000000000000000000000000000000000000000000000000000000000000000000000000000000000
