00000000000000000000000000000000000000000000000000000000000000000000000000000000000000000000000000000000000000000000000000000000
00000000000000000000000000000000000000000000000000000000000000000000000000000000000000000000000000000000000000000000000000000000
00000000000000000000000000000000000001111111000001111100001100001100110000110001111100000000000000000000000000000000000000000000
00000000000000000000000000000000000001333333300011333330001330001330133000133011333330000000000000000000003330003330000000330000
00000000000000330000033000330000033000330000033000000003300000000330000003300000033000000000000003300000003300000330000003300000
00000001000000330000033000000000033000000000033000000003300000000330000003300000330000010000000033000000003300000330000033000000
00000011100000000000033000000000033000000000033000000033333330000330000003300003333300000000000333330000000000000330000333330000
00000001000000000000033000000000330000000000330000000033333330000330000003300033333330000000003333333000000000000330003333333000
00000000000000000000330000000033330000000033330000000033000033000333000033300033300333000000003330033300000000003300003330033300
00000000000000000000330000000033330000000033330000000000000003300033333333000333000033300000033300003330000100003300033300003330
00000000000000000003300000000000333000000000333000000000000003300003333333000330000003300000033000000330000000033000033000000330
00000000000000000033000100000000033000000000033000000001000003300000003330000330000003300000033000000330000000330000033000000330
00000000000000000330000000000000033000000001033000000000001003300000003300000330000003300000033000000330000003300000033000000330
00000000000000003300000003300000033003300010033000000030000033000100033000000333000033300000033300003330000033000000033300003330
00000000000000033000000003330000333003330000333000000333000333000000330010000033300333000000003330033300000330000000003330033300
00000000000000333333333000333333330000333333330003300033333330000003300000000003333330000330000333333000003333333330000333333000
00000000000003333333333000003333300000003333300003300003333300000033000000000000333300100330000033330000033333333330000033330000
00000000000000000000000000000000000000000000000000000000000000000000000000001000000000000000000000000000000000000000001000000000
00000001000000000000000000000000000000010000000001000000010000100000000000000000000000000000000000000000000000000000000100000000
00000000000000000000000000000000000000100000000010000000000000000001000000000000000000000000000000000000000000000000000000000000
00000000000000000000000000000000000000000000000000000000000000000000000000000000000000000000000000000000000000000000000000000000
00000000000000000000100000000000000000000000000000000000000000000000010000000000001000000000000000000000000000000000000000000000
00000000000000000000000000000100000000000000000000000000000000000000000000001000000100000000000000000000000000000000000000000000
00000000000000000000000000000000000000000000000000000000000000010000000000000000000000000000000000000000000000000000000000000000
00000000000000000000000000000000000000000000000000000000100000000000000000000000000000000000000000000000000000000000000000000000
00000000000033300300000330030003033330333000000010003001000000000000000010000000003330003300300003000010000330000000000000000000
00000000000030030300003003003030030000300300000000033000000000000000000000000000003003030030300003000111003003000000000000000000
00000000000030030300003003000300030000300300000000003000000000000000000000000000003330030030300003000010000030000000000000000000
00000000000033300300003333000300033300333000000000003000000000000000100000000000003003033330300003000000000003000000000000000000
00000000000030000300003003000300030000303000000000003000000000000001000000000000003003030030300003000000003003000000000000000000
00000000000030000333303003000300033330300300000000003000000000000000000000000000003330030030333303333000000330000000000000000000
00000000000000000000000000000000000000000000000000000000000000100000000000000000000000000000000000000000000000000001000000000000
