00000000000000000000000000000000000000000000000000000000000000000000000000000000000000000000000000000000000000000000000000000000
00000000000000000000000000000000000000000000000000000000000000000000000000000000000000000000000000000000000000000000000000000000
00000000000000000000000000000000000000000000000000000000000000000000000000000000000000000000000000000000000000000000000000000000
00000000000000000000000000000000000000000000000000000000000000000000000000000000000000000000000000000000000000000000000000000000
00000000000000000000000000000000000000000000000000000000000000000000000000000000000000000000000000000000000000000000000000000000
00000000000000000000000000000000000000000000000000000000000000000000000000000000000000000000000000000000000000000000000000000000
00000000000000000000000000000000000000000000000000000000000000000000000000000000000000000000000000000000000000000000000000000000
00000000000000000000000000000000000000000000000000000000000000000000000000000000000000000000000000000000000000000000000000000000
00000000000000000000000000000000000000000000000000000000000000000000000000000000000000000000000000000000000000000000000000000000
00000000000000000000000000000000000000000000000000000000000000000000000000000000000000000000000000000000000000000000000000000000
00000000000000000000000000000000000000000000000000000000000000000000000000000000000000000000000000000000000000000000000000000000
00000000000000000000000000000000000000000000000000000000000000000000000000000000000000000000000000000000000000000000000000000000
00000000000000000000000000000000000000000000000000000000000000000000000000000000000000000000000000000000000000000000000000000000
00000000000000000000000000000000000000000000000000000000000000000000000000000000000000000000000000000000000000000000000000000000
00000000000000000000000000000000000000000000000000000000000000000000000000000000000000000000000000000000000000000000000000000000
00000000000000000000000000000000000000000000000000000000000000000000000000000000000000000000000000000000000000000000000000000000
01111110111111100000000000000000000000000000000000000000000000000000000000000000000000000000000000000000000000000000000000000000
01111110111111100000000000000000000000000000000000000000000000000000000000000000000000000000000000000000000000000000000000000000
00011000110000000000000000000000000000000000000000000000000000000000000000000000000000000000000000000000000000000000000000000000
00011000111110000000000000000000000000000000000000000000000000000000000000000000000000000000000000000000000000000000000000000000
00011000110000000000000000000000000000000000000000000000000000000000000000000000000000000000000000000000000000000000000000000000
00011000000000000000000000000000000000000000000000000000000000000000000000000000000000000000000000000000000000000000000000000000
00011000000000000000000000000000000000000000000000000000000000000000000000000000000000000000000000000000000000000000000000000000
00000000000000000000000000000000000000000000000000000000000000000000000000000000000000000000000000000000000000000000000000000000
00111100011111001100000001111100001111000011100011111100000000001111110001111100110000000011100001111100000000000000000000000000
01111110111111101100000011111110011111100111110011111110000000001111111011111110110000000111110011111110000000000000000000000000
11000110110001101100000011000110110001101110111011000110000000001100111011000110110000001110111011100000000000000000000000000000
11000000110001101100000011000110110000001100011011001110000000001111110011000110110000001100011001111100000000000000000000000000
11100110110001101100000011000110111001101111111011111000000000001100111011000110110000001111111000001110000000000000000000000000
01111110111111101111110011111110011111101100011011011100000000001111111011111110111111001100011011111110000000000000000000000000
00111100011111001111110001111100001111001100011011001110000000001111110001111100111111001100011001111100000000000000000000000000
00000000000000000000000000000000000000000000000000000000000000000000000000000000000000000000000000000000000000000000000000000000
