00000000011111101111111001111100011111100000000000111100011111001100011001111110001110000011110001111110011111000111110000000000
00000000011111101111111011111110011111100000000001111110111111101110011001111110011111000111111001111110111111101111111000000000
00000000000110001100000011100000000110000000000011000110110001101111011000011000111011101100011000011000110001101110000000000000
00000000000110001111100001111100000110000000000011000000110001101111111000011000110001101100000000011000110001100111110000000000
01111100000110001100000000001110000110000000000011100110110001101101111000011000111111101110011000011000110001100000111001111100
00000000000110001111111011111110000110000000000001111110111111101100111000011000110001100111111000011000111111101111111000000000
00000000000110001111111001111100000110000000000000111100011111001100011000011000110001100011110000011000011111000111110000000000
00000000000000000000000000000000000000000000000000000000000000000000000000000000000000000000000000000000000000000000000000000000
03333330333333300333330003333330000000000033330003333300330003300333333000333000003333000333333003333300033333000000000000000000
03333330333333303333333003333330000000000333333033333330333003300333333003333300033333300333333033333330333333300000000000000000
00033000330000003330000000033000000000003300033033000330333303300003300033303330330003300003300033000330333000000000000000000000
00033000333330000333330000033000000000003300000033000330333333300003300033000330330000000003300033000330033333000000000000000000
00033000330000000000333000033000000000003330033033000330330333300003300033333330333003300003300033000330000033300000000000000000
00033000333333303333333000033000000000000333333033333330330033300003300033000330033333300003300033333330333333300000000000000000
00033000333333300333330000033000000000000033330003333300330003300003300033000330003333000003300003333300033333000000000000000000
00000000000000000000000000000000000000000000000000000000000000000000000000000000000000000000000000000000000000000000000000000000
01111110111111100111110001111110000000001111111011000110110001100000000011111100111111100011110000000000000000000000000000000000
01111110111111101111111001111110000000001111111011100110110001100000000011111110111111100111111000000000000000000000000000000000
00011000110000001110000000011000000000001100000011110110110001100000000011000110110000001100011000000000000000000000000000000000
00011000111110000111110000011000000000001111100011111110111011100000000011001110111110001100000000000000000000000000000000000000
00011000110000000000111000011000000000001100000011011110011111000111110011111000110000001110011000000000000000000000000000000000
00011000111111101111111000011000000000001111111011001110001110000000000011011100111111100111111000000000000000000000000000000000
00011000111111100111110000011000000000001111111011000110000100000000000011001110111111100011110000000000000000000000000000000000
00000000000000000000000000000000000000000000000000000000000000000000000000000000000000000000000000000000000000000000000000000000
00111100011111001100000001111100001111000011100011111100000000001111110001111100110000000011100001111100000000000000000000000000
01111110111111101100000011111110011111100111110011111110000000001111111011111110110000000111110011111110000000000000000000000000
11000110110001101100000011000110110001101110111011000110000000001100111011000110110000001110111011100000000000000000000000000000
11000000110001101100000011000110110000001100011011001110000000001111110011000110110000001100011001111100000000000000000000000000
11100110110001101100000011000110111001101111111011111000000000001100111011000110110000001111111000001110000000000000000000000000
01111110111111101111110011111110011111101100011011011100000000001111111011111110111111001100011011111110000000000000000000000000
00111100011111001111110001111100001111001100011011001110000000001111110001111100111111001100011001111100000000000000000000000000
00000000000000000000000000000000000000000000000000000000000000000000000000000000000000000000000000000000000000000000000000000000
