00000000011111101111111001111100011111100000000000111100011111001100011001111110001110000011110001111110011111000111110000000000
00000000011111101111111011111110011111100000000001111110111111101110011001111110011111000111111001111110111111101111111000000000
00000000000110001100000011100000000110000000000011000110110001101111011000011000111011101100011000011000110001101110000000000000
00000000000110001111100001111100000110000000000011000000110001101111111000011000110001101100000000011000110001100111110000000000
01111100000110001100000000001110000110000000000011100110110001101101111000011000111111101110011000011000110001100000111001111100
00000000000110001111111011111110000110000000000001111110111111101100111000011000110001100111111000011000111111101111111000000000
00000000000110001111111001111100000110000000000000111100011111001100011000011000110001100011110000011000011111000111110000000000
00000000000000000000000000000000000000000000000000000000000000000000000000000000000000000000000000000000000000000000000000000000
01111110111111100111110001111110000000000011110001111100110001100111111000111000001111000111111001111100011111000000000000000000
01111110111111101111111001111110000000000111111011111110111001100111111001111100011111100111111011111110111111100000000000000000
00011000110000001110000000011000000000001100011011000110111101100001100011101110110001100001100011000110111000000000000000000000
00011000111110000111110000011000000000001100000011000110111111100001100011000110110000000001100011000110011111000000000000000000
00011000110000000000111000011000000000001110011011000110110111100001100011111110111001100001100011000110000011100000000000000000
00011000111111101111111000011000000000000111111011111110110011100001100011000110011111100001100011111110111111100000000000000000
00011000111111100111110000011000000000000011110001111100110001100001100011000110001111000001100001111100011111000000000000000000
00000000000000000000000000000000000000000000000000000000000000000000000000000000000000000000000000000000000000000000000000000000
01111110111111100111110001111110000000001111111011000110110001100000000011111100111111100011110000000000000000000000000000000000
01111110111111101111111001111110000000001111111011100110110001100000000011111110111111100111111000000000000000000000000000000000
00011000110000001110000000011000000000001100000011110110110001100000000011000110110000001100011000000000000000000000000000000000
00011000111110000111110000011000000000001111100011111110111011100000000011001110111110001100000000000000000000000000000000000000
00011000110000000000111000011000000000001100000011011110011111000111110011111000110000001110011000000000000000000000000000000000
00011000111111101111111000011000000000001111111011001110001110000000000011011100111111100111111000000000000000000000000000000000
00011000111111100111110000011000000000001111111011000110000100000000000011001110111111100011110000000000000000000000000000000000
00000000000000000000000000000000000000000000000000000000000000000000000000000000000000000000000000000000000000000000000000000000
00111100011111001100000001111100001111000011100011111100000000001111110001111100110000000011100001111100000000000000000000000000
01111110111111101100000011111110011111100111110011111110000000001111111011111110110000000111110011111110000000000000000000000000
11000110110001101100000011000110110001101110111011000110000000001100111011000110110000001110111011100000000000000000000000000000
11000000110001101100000011000110110000001100011011001110000000001111110011000110110000001100011001111100000000000000000000000000
11100110110001101100000011000110111001101111111011111000000000001100111011000110110000001111111000001110000000000000000000000000
01111110111111101111110011111110011111101100011011011100000000001111111011111110111111001100011011111110000000000000000000000000
00111100011111001111110001111100001111001100011011001110000000001111110001111100111111001100011001111100000000000000000000000000
00000000000000000000000000000000000000000000000000000000000000000000000000000000000000000000000000000000000000000000000000000000
