00000000000000000000000000000000000000000000000000000000000000000000000000000000000000000000000000000000000000000000000000000000
00000000000000000000000000000000000000000000000000000000000000000000000000000000000000000000000000000000000000000000000000000000
00000000000000000000000000000000000000000000000000000000000000000000000000000000000000000000000000000000000000000000000000000000
00000000000000000000000000000000000000000000000000000000000000000000000000000000000000000000000000000000330000330000330003333000
00000000000000000000000000000000000000000000000000000000000000023333333300033033033000000330000003300000033003300000033000033000
00000000000000000000000000000000000000000000000000000000000000333333333333033033033020000330000003300000033003300000033000033000
00000000000000000000000000000000000011000000000000000000000002333333333333033033033033000330000003300000033003300000033000033000
00000000000000000000000000000000000233320000000000000000000023333333333333033033033033200330000003300000033003300000033000033000
00000000000000000000000000000000002333332000000000000000000133333333333101033022033033300330000003300000033003300000033000033000
00000000000000000000000000000000003333333200000000000000000233333333333000033000033032220330000003300000033003300000033000033000
00000000000000000000000000000000013322233200000000000000001333333333333222033021033010010330000003300000033003300000033000033000
00000000000000000000000000000000013221123200000000000000013333333333333333033033033022210330000003300000033003300000033000033000
00000000000000000000000000000000002221123200000000000111233333333333333333033033033033330330000003300000033003300000033000033000
00000000000000000000000000000000001211223100000011111222333333333333333333033033033003300330000003300000033003300000033000033000
00000000000000000000000000000000000011222012221112310100333333333333333333033033003300003300000000330000330000330000330000033000
00000000000000000000000000000000000001222111320002311221333333333333333333033033300333333000033000033333300000033333300000033000
00000000000000000000000000023222211111112002221112233212332333333222333333033033330033330000033000003333000000003333000000033000
00000000000000000000000011222333321211212112222222222112332333322222223333000033332000000100000000000000000000000000000000000000
00000000000000000000000012312333321112211111122111111102332333223333323333333333333223333100000000000000000000000000000000000000
00000000000000000000000122102232221111100000001000001002333233233333322333333333333323333100000000000000000000000000000000000000
00000000000000000000000012101222210110000000000000001002322232233333333233333333333322333000000000000000000000000000000000000000
00000000000000000000000012101122110110000010011111111112322332233333333233333333333331332000000000000000000000000000000000000000
00000000000000000000000012100011100111101111122211222211222332233333333333333333333331330000000000000000000000000000000000000000
00000000000000000000000001111011100111112212222222222222222222233333333223333233333331330000000000000000000000000000000000000000
00000000000000000000000000000000000000000011111122200022122222233333333223333233300000000000000000000000000000000000000000000000
00000000000033300300000330030003033330333000000000003000012222323333333333333333303330003300300003000000000030000000000000000000
00000000000030030300003003003030030000300300000000033000001222332333322333333333303003030030300003000000000330000000000000000000
00000000000030030300003003000300030000300300000000003000000112333323233333333323303330030030300003000000000030000000000000000000
00000000000033300300003333000300033300333000000000003000000002233333333333333333303003033330300003000000000030000000000000000000
00000000000030000300003003000300030000303000000000003000000000222333333333333333303003030030300003000000000030000000000000000000
00000000000030000333303003000300033330300300000000003000000000022332233333333333303330030030333303333000000030000000000000000000
00000000000000000000000000000000000000000000000000000000000000001222222333223333300000000000000000000000000000000000000000000000
