00000000000000000000000000000000000000000000000000000001000000000000000000000000011000000000000000000000000000000000000000000000
00000000000000000000000330000000333330000000000030000000000033330000000000003000000033330000000000003333000000033000000033333300
00000000000000000000003330000003333333000000000330000000000333333000000001033000000333333000000000033333300000333000000333333300
00000000000000000000033330000033300033300000000330000000003330033300000000033000003300003300000000333003330003333000000330000000
00000000000000000000000330000033000003300000103330000000033000000330000000333000033000000330000003300000033000033000000330000000
00000001000000000000000330000033000003300000003330000000033000000330000000333000033000010330000003300000033000033000000330000000
00000011100000000000000330000000010003300000033330000010033000000330000003333000033000000330000003300000033000033000003333333000
00000001000000000000000330000000001003300000330330000100033001000330000033033000033000000330000003300000033000033000003333333000
00000000000000000000000330000000000033000000330330000000033300003330000033033000033000000330000003330000333000033000003300003300
00000000000000000000000330000000000033000003300330000000003333333300000330033000033000000330000000333333330000033000000000000330
00000000000000000000000330000000000330000033300330000000000333333300003330033000033000000330000000033333330000033000000000000330
00000000000000000000000330000000003300000333000330000001000000333000033300033000033010000330000000000033300000033000000000000330
00000000000000000000000330000000033000000333333333300000001000330000033333333330033000000330000000000033000000033000000000000330
00000000000000000000000330000000330000000333333333300000000003300100033333333330033000000330000000000330000000033000003000003300
00000000000000000000000330000003300000000000000330000000000033000000000000033000003300003300000010003300000000033000033300033300
00000000000000000000000330000033333333300000000330000330000330000000001000033000000333333000033000033000000000033000003333333000
00000000000000000000000330000333333333300000000330000330003300000000000000033000000033330000033000330000000000033000000333330000
00000000000000000000000000000000000000000000000000000000000000000010000000000000000000000000000000000000000000000000000000000000
00000001000000000000000000000000000000010000000001000000010000100000000000000000000000000000000000000000000000000000000100000000
00000000000000000000000000000000000000100000000010000000000000000001000000000000000000000000000000000000000000000000000000000000
00000000000000000000000000000000000000000000000000000000000000000000000000000000000000000000000000000000000000000000000000000000
00000000000000000000100000000000000000000000000000000000000000000000010000000000001000000000000000000000000000000000000000000000
00000000000000000000000000000100000000000000000000000000000000000000000000001000000100000000000000000000000000000000000000000000
00000000000000000000000000000000000000000000000000000000000000010000000000000000000000000000000000000000000000000000000000000000
00000000000000000000000000000000000000000000000000000000100000000000000000000000000000000000000000000000000000000000000000000000
00000000000033300300000330030003033330333000000010003001000000000000000010000000033303030333033000300000330003003000300000000000
00000000000030030300003003003030030000300300000000033000000000000000000000000000030003030030030303030000303030303000300000000000
00000000000030030300003003000300030000300300000000003000000000000000000000000000030000300030030303030000330030303000300000000000
00000000000033300300003333000300033300333000000000003000000000000000100000000000033000300030033003330000303033303000300000000000
00000000000030000300003003000300030000303000000000003000000000000001000000000000030003030030030303030000303030303000300000000000
00000000000030000333303003000300033330300300000000003000000000000000000000000000033303030030030303030000330030303330333000000000
00000000000000000000000000000000000000000000000000000000000000100000000000000000000000000000000000000000000000000000000000000000
