00000000000000000000000000000000000000000000000000000000000000000000000000000000000000000000000000000000000000000000000000000000
00000000000000000000000000000000000000000000000000000000000000000000000000000000000000000000000000000000000000000000000000000000
00000000000000000000000000000000003000000000000000000000000000000000000000000000000000000000000000000000000000000000000000000000
00000000000000000000000000000000003300000000000000000000000000000000000000000000000000000000000000000000000000000000000000000000
00000000000000000000000000000000003130000000000000000000000000000000000000000000000000000000000000000000000000000000000000000000
00000000000000000000000000000000003110000000000000000000000000000000000000000000000000000000000000000000000000000000000000000000
00000000000000000000000000000000113113000000000000000000000000000000000000000000000000000000000000000000000033333330000000000000
00000000000000000000000000000000003111000000000000000000000000000000000000000000000000000000000000000000001333333333300000000000
00000000000000000000000000000000003101000000000000000000000000000000000000000000000000000000000000000000033333333333330000000000
00000033333333000000000000000000003101000000000000000000000000000000000000000000000000000000000000000002222333333333333000000000
00000111101111100000000000000000003001000000000000000000000000000000000000000000000000000000000000123333222233333333333300000000
00001111111133321000333333333000000011000000333333333000033333333100003333333330000333333330000001223333222222333333333330000000
00002333121133311000121222222100001122100000221222223100021222222200002122222221001212222221000002212333211222233333333110000000
22112333310133310000210101113100123333321000211111112100021110111200002211111121001321111111000003312333321111223333333110000000
33211211111113200100211111111000122222331000211111213100021211112200001211111121000221111112000003311233321111123333333333000000
22110000000012200133111110101033100022232133111111121133111111111113311111111111331122212221133303211223311111112333333333000000
00111001111022200111000000000011111001222111000000000111100000000011110000000001111000000011111113211122211111112233333333000000
11011011111022211000000000000000111110121000000000000000000000000000000000000000000000000000111113211112211111111223332123000000
11011111111012211000111111111100211111012000111111111100011111111110001111111111000111111111011113111111211111111123331213000000
11000111111011111000112121001100021111101000112121100100011212100110001121210011000121210011000003111111211111111123333213000000
00000112111111111000122222222000002111110000122222222100012222222210002222222221000222222222000003111111211111111122333213000000
00000122222222110000011111110000000111100000011111111000001111111100000111111110000011111110000003111111111111111112331223000000
00000011111111100000000000000000000000000000000000000000000000000000000000000000000000000000000001111111111111111112333130000000
00000000000000000000000000000000000000000000000000000000000000000000000000000000000000000000000001111111111111111111333300000000
00000000000000000000000000000000000000000000000000000000000000000000000000000000000000000000000000011111111111111111223000000000
00000000000000000000000000000000000000000000000000000000000000000000000000000000000000000000000000000000011111111111130000000000
00000000000000000000000000000000000000000000000000000000000000000000000000000000000000000000000000000000001111111111100000000000
00000000000000000000000000000000000000000000000000000000000000000000000000000000000000000000000000000000000111111111000000000000
00000000000000000000000000000000000000000000000000000000000000000000000000000000000000000000000000000000000000000000000000000000
00000000000000000000000000000000000000000000000000000000000000000000000000000000000000000000000000000000000000000000000000000000
00000000000000000000000000000000000000000000000000000000000000000000000000000000000000000000000000000000000000000000000000000000
00000000000000000000000000000000000000000000000000000000000000000000000000000000000000000000000000000000000000000000000000000000
