00000000000000000000000000000000000000000000000000000000000000000000000000000000000000000000000000000000000000000000000000000000
00000000000000000000000000000000000000000000333333000000000000003300000033333000000330000000000033330000000033333000000033333000
00000000000000000000000000000000000000000003333333000000000010033000000333333300003330000000000333333000000333333300000333333300
00000000000000000000000000000000000000000003300000000000023300330020003330003330033330000000003300003300003330003330003330003330
00000000000000000000000000000000000000000003300000000002333003300333103300000330000330000000033000000330003300000330003300000330
00000000000000000000000000000000000000000003300000000133330033000333303300000330000330000000033000000330003300000330000000000330
00000000000000000000000000000000000000000033333330001333300333330033300000000330000330000000033000000330000000000330000000000330
00000000000000000000000000000000000000000033333330013333303333333003333310000330000330000000033000000330000000000330000000003300
00000000000000000000000000000000011000000033000033003333003330033300333331003300000330000000033000000330000000003300000000333300
00000000000000000000000000000001233320000000000003303333033300003330223333003300000330000000033000000330000000003300000000333300
00000000000000000000000000000002333332000000000003303333033001100330001110033000000330000000033000000330000000033000000000003330
00000000000000000000000000000003332233000000000003303333033033320330221100330000000330000000033000000330000000330000000000000330
00000000000000000000000000000002221123100000000003303333033003300330333003300000000330000000033000000330000003300000000000000330
00000000000000000000000000000002221123100030000033003333033300003330330033000000000330000000033000000330000033000000033000000330
00000000000000000000000000000001111123100333000333030000003330033300300330000000000330000000003300003300000330000000033300003330
00000000000000000000000000000000111121110033333330030330300333333003003333333330000330000330000333333000003333333330003333333300
00000000000000000000000000000000001220121003333300330330330033330033033333333330000330000330000033330000033333333330000033333000
00000000000000000000000001222111011120121100000003320000333000000322000000000000000000000000000000000000000000000000000000000000
00000000000000000000000012333321111121221111111223322333322333333223332333320000000000000000000000000000000000000000000000000000
00000000000000000000001232233221111111110100010233323333333333332233332233310000000000000000000000000000000000000000000000000000
00000000000000000000001211222211110000000000000232323333333333322333333133200000000000000000000000000000000000000000000000000000
00000000000000000000000110112110100000000100011122223333333233322233333133200000000000000000000000000000000000000000000000000000
00000000000000000000000210011100110001111111222122222333333233322333333233100000000000000000000000000000000000000000000000000000
00000000000000000000000110000000111111111222222222222333333233222233332233000000000000000000000000000000000000000000000000000000
00000000000000000000000000000000000000000011111111200022333233233233332231000000000000000000000000000000000000000000000000000000
00000000000033300300000330030003033330333000000000003032333322223233222320000000003330003300300003000000000030000000000000000000
00000000000030030300003003003030030000300300000000033022223222222322223310000000003003030030300003000000000330000000000000000000
00000000000030030300003003000300030000300300000000003022222222222222333200000000003330030030300003000000000030000000000000000000
00000000000033300300003333000300033300333000000000003022222222222222322000000000003003033330300003000000000030000000000000000000
00000000000030000300003003000300030000303000000000003022222222222222210000000000003003030030300003000000000030000000000000000000
00000000000030000333303003000300033330300300000000003001122222222222100000000000003330030030333303333000000030000000000000000000
00000000000000000000000000000000000000000000000000000000001122111000000000000000000000000000000000000000000000000000000000000000
