00000000000000000000000000000000000000000000000000000000000000000000000000000000000000000000000000000000000000000000000000000000
00000000000000000000000000000000000000000000000000000000000000000000000000000000000000000000000000000000000000000000000000000000
00000000000000000000000000000000000000000000000000000000000000000000000000000000000000000000000000000000000000000000000000000000
00000000000000000000000000000000000000000000000000000000000000000000000000000000000000000000000000000000000000000000000000000000
00000000000330000003300000033300000333000000000000033000000330000033330000000000000000000000000000000000000000000000000000000000
00000000003333000033330000333330003333300000000000333300003333000333333000000000000000000000000000000000000000000000000000000000
00000000003333000033330003330330033303300000000000333300003333000330033000000000000000000000000000000000000000000000000000000000
00000000003303000033030003300000033000000000000000330300003303000330033000000000000000000000000000000000000000000000000000000000
00000000003303000033030003300000033000000000000000330300003303000033330000000000000000000000000000000000000000000000000000000000
00000000003303000033030003300000033000000000000000330300003303000033330000000000000000000000000000000000000000000000000000000000
00000000003303000033030003300000033000000000000000330300003303000330033000000000000000000000000000000000000000000000000000000000
00000000033333300333333003330330033303300000000003333330033333300330033000000000000000000000000000000000000000000000000000000000
00000000033333300333333000333330003333300000000003333330033333300333333000000000000000000000000000000000000000000000000000000000
00000000033003300330033000033300000333000000000003300330033003300033330000000000000000000000000000000000000000000000000000000000
00000000000000000000000000000000000000000000000000000000000000000000000000000000000000000000000000000000000000000000000000000000
00000000011111100111111001111110011111100111111001111110011111100111111000000000000000000000000000000000000000000000000000000000
00000000011111100111111001111110011111100111111001111110011111100111111000000000000000000000000000000000000000000000000000000000
00000000000000000000000000000000000000000000000000000000000000000000000000000000000000000000000000000000000000000000000000000000
00000000000000000000000000000000000000000000000000000000000000000000000000000000000000000000000000000000000000000000000000000000
00000000000000000000000000000000000000000000000000000000000000000000000000000000000000000000000000000000000000000000000000000000
00000000000000000000000000000000000000000000000000000000000000000000000000000000000000000000000000000000000000000000000000000000
00000000000000000000000000000000000000000000000000000000000000000000000000000000000000000000000000000000000000000000000000000000
00000000000000000000000000000000000000000000000000000000000000000000000000000000000000000000000000000000000000000000000000000000
00000000000000000000000000000000000000000000000000000000000000000000000000000000000000000000000000000000000000000000000000000000
00000000000000000000000000000000000000000000000000000000000000000000000000000000000000000000000000000000000000000000000000000000
00000000000000000000000000000000000000000000000000000000000000000000000000000000000000000000000000000000000000000000000000000000
00000000000000000000000000000000000000000000000000000000000000000000000000000000000000000000000000000000000000000000000000000000
00000000000000000000000000000000000000000000000000000000000000000000000000000000000000000000000000000000000000000000000000000000
00000000000000000000000000000000000000000000000000000000000000000000000000000000000000000000000000000000000000000000000000000000
00000000000000000000000000000000000000000000000000000000000000000000000000000000000000000000000000000000000000000000000000000000
00000000000000000000000000000000000000000000000000000000000000000000000000000000000000000000000000000000000000000000000000000000
00000000000000000000000000000000000000000000000000000000000000000000000000000000000000000000000000000000000000000000000000000000
