33333333333333333333333333333333333333333333333333333333333333333333333333333333333333333333333333333333333333333333333333333333
30000000000000000000000000000000000000000000000000000000000000000000000000000000000000000000000000000000000000000000000000000003
30000000000000000000000000000000000000000000000000000000000000000000000000000000000000000000000000000000000000000000000000000003
30000000000000000000000000000000000000000000000000000000000000000000000000000000000000000000000000000000300003333000000000033000
00000000000000000000000000000000000000000033000000000033000003300000000330000000003330000003300000000003300000033000000000333000
01000000000000000000000000000010000000000033000000001033000003300000000330000000003330000003300000000003300000033000000000333000
11100000000000000000000000000111000000000000000000000000000003300000000330000000033330000003300000000003300000033000000003333000
01000000000000000000000000000010000000000000000000000000000003300000000330000100330330000003300000000003300000033000000033033000
00000000000000000000000000000000000000000000000000000000000033000000000330000000330330000003300000000003300000033000000033033000
00000000000000000000000000000000000000000000000000000000000033000000000330000003300330000003300000000003300000033000000330033000
00000000000000000000000000000000000000000000000300000000000330000000000330000033300330100003300000000003300000033000003330033000
00000000000000000010000000000000000000000000003300000010003300000000000330000333000330000003300000000003300000033000033300033000
00000000000000000001000000000000000000001000033000000000033000100000000330000333333333300003300000000003300000033000033333333330
00000000000000000000000000000000000000000100330000000000330001000010000330000333333333300003300000000103300000033000033333333330
00000000000000000000000000000000000000000003300000000003300000000000100330100000000330000003300000001003300000033000000000033000
00000000000000000000000000000000000000000033333300000033333333300330000330000000000330000003300003300003300000033000000000033000
00000000000000000000000000000000000000000333333300000333333333300330000330000000000330000003300003300003300000033000000000033000
00000000000000000000000000000000000000000000000000000000000000000000000000000010000000000000000000000000000000000000000000000001
10000000000000000000000000000000000000000000000100000000000000000001000100000001000000000000000000000000000000000000000000000011
00000000000000000000000000000000000100000000001000000000010000100000000000000010000000000000000000000000000000000000000000000001
00000000000000000000000000000000000000000000000000000000001000000000100000000000000000000000000000000000000000000000000000000000
00000000000000010000000000000000000000000000000000000000000000000000000000000000000000000000000000000000000000000000000000000000
00000000000000100000000000000000000000000000000000000000000000000000001000000000000000000000000000000000000000000000000000000000
00000000000000000000000001000000000000000000000000000000000000000000000000000101000010100000000000000000000000000000000000000000
00000000000000000000000000000000000000000000000000000000000000010000000000000010000000000000000000000000000000000000000000000000
00000000000000330300300330003300333000330033300000003001000000000000000000000000000333000330030000033000000030000000000000000000
00000000000000030300303003030030300303003030030100033000000000000000000000100000000300303003030000300300000330000000000000000000
00000000000000030300303000030030300303003030030000003001000000000000000001000000000333003003030000300300000030000000000000000000
00000000000000030300303033033330300303003033330000003000000000000000000000000000000300303003030000333300001030000000000000000000
00000000000030030300303003030030300303003030300000003000000000000000000000000000000300303003030000300300000030000000000000000000
00000000000003300033000330030030333000330030030000003000000000000000100000000000000333000330033330300300000030000000000000000000
00000000000000000000000000000000000000000000000000000000000000000000010000000000000000000000000000000000000000000000000000000000
