00000000001000000001000000000010000000000000000000000000000000011100000000000000000000000000000000000000000000000000000000000000
00000000000000000000000000000000000000000000000000000000000000001000000000000000000000000000000001000000000000000000000000000001
00000000000000000000000000000000000000000000000000000000000000000000000000000000000000000000000011100000000000000000000000000011
00000000000000000000000000000000000000000001000000000000010000000000000000000000000000000000000001000000000000000000000000000001
00000000000000000000000000000000000000000000000000000000000000000000000000001000000000000000000000000000000000000000000000000000
00000000000000000000000000000000001000000000000000000000000000000000010000000000000000100000000000000000000000000000000000000000
00000000000000000000000000000000000000000000000001000000000000001000000000000000000000000000000000000000000000010000000000000000
00000000000000000000000000000000000000000000000000000000000000000000000000000001000000000000000000000000000000000000000000100000
00000000000000000000000100000000000000000100000000000001000000000000000000000000000000000000000000000000000000000000000000000000
00000000000000000000000000000000000000000000000000000000000010000000000000000000000000000000000000000000000000000000000000000000
00000000000000000000000000000000000000000000000000000000000000000000000100000000000000000000010000000000000000000000000000000000
00000000000000000000000000000000000000000000000000000000000000000000000000000000000000000000000000000000000000000000000000000000
00000000000000000000000000000000001000000000000010000000101000100000000000000000000000000000000000000000000000000000000000000000
00000000001000000000000000000000000000000000000000000000000001000010100000000000000000100000000000000000000000000000000000000000
00000000000000000000000000000000000000000000000000000000000000000000000000000000000000000000000000000000000000000000000000000000
00000000000000000000000000000000000000000000000000000000000000000000000100000001000000000000000000000000000000000000000010000000
00000000000000000000001000000000000000000000000000000000000100000000000010000000000000000000000000000010000000000000000000000000
00000000000000000000000000000000000000000000010000001000000000000000000000000000000000000000000000000000000000000000000000000000
00000000000000000000000000000000100000000000000000000000000000000010000100000000000000000000000000000000000000000000000000000000
00000000000000000000000000000000000000100000000000000000001000000000100010001000000000000000000000000000000000000000000000000000
00000000000000000000000000000000000000000000000000000000000000100000000000000000000000000000000000000000000000000000000000000000
00000000000000000000000000000000000000000000000000001000010000000000010000000000000000000000000000000000000000000000000000000000
00000000000000000000000000000000000000000000000000000000000000000000000000000000000100000010000000000000000000000100000000000000
00000000000010000000000000000000000000000000000000000000000000000000000000000001000000000000000000000000000000000000000000000000
00000000000000000000000000000000000000000000100000000000000000000100000000000000000000000000000000000000000000000000000000000000
00000000000033300300000330030003033330333000000000003010000000100000000000000000003330003300300003000000000030000000000000000000
00000000000030030300003003003030030000300300000000033000000000000000000000000000003003030030300003010000000330000000000000000000
00000000000030030300003003000300030000300300000000003000000000000000000100000000003330030030300003000000000030000000000000000000
00000000000033300300003333000300033300333000000000003000000000000000000000000000003003033330300003000000000030000000000000000000
00000000000030000300003003000300030000303000000000003000000000010001000000001000003003030030300003000000000030000000000000000000
00100000000030000333303003000300033330300300000000003000010000111000000000000000003330030030333303333000000030000000000000000000
00000000000000000000000000000000000000000000000000000000000000010000000000000000000000000000000000000000000000000000000000000000
