01000000000000100000000000000000000000000000000000000000000000000000000000000000000000000000000000000000000000000000000000000000
00000000000000000000001000000000100000000000000000001000000000010000000000000000000000000000001000000000000000000000000000100000
00000000000000000000000000000000000000000000000000000000000000000000000000000000000000000000011100000000000000000000000001110000
00000000000000000000000000000000000000000000000000000000000000000000000000000000000000000000001000000000000000000000000000100000
00000000000000000000000000000000000000000000010000000000010000000000000000010000000000000000000000000000000000000000000000000000
00000000000000000000000000000000000000000000000000000000000000000000010000000000000000000000000000000000000000000000000000000000
00000000000000000000000000000000000010000000000000100000000000000000000000000000000010000000000000000000000100000000000000000000
00001000000000000000000000000000000000000000000000000000000000001000000000000000000000000000000000000000000000000000000000000000
00000000000000000000000000100000000000000001000000000000100000000000000000000000000000000000000000000000000000000000010000000000
00000000000000000000000000000000000000000000000000000000000010000000000000000000000000000000000000000000000000000000000000000000
00000000000000000000000000000000000000000000000000000000000000000000001000000000000000000010000000000000000000000000000000000000
00000000000000000000000000000000000000000000000000000000000000000000000000000000000000000000000000000000000000000000000000000000
00000000000000000000000000000000000010000000000000000000001000000000000000010000000000000000000000000000000000000000000000000000
00000000000000100000000000000000000000000000000001000000000001000100100000000000000010000000000000000000000000000000000000000001
00000000000000000000000000000000000000000000000000000000000000000000000000000000000000000000000000000000000000000000000000000000
00000000000000000000000000000000000000000000000000000000000000000000001000000100000000000000000000000000000000000001000000000000
00000000000000000000000000100000000000000000001000001000000100000000000000000000000000000000000000000000000000000000000000000000
00000010000000000000000000000000000000000000000000000000000000000000000000000000000000000000000000000000000000000000000000000000
01000000000000000000000000000000001000000000000000000000000000000010001000000000000000000000000000000000000000000000000000000000
00000000000000000000000000000000000000001000000000000000000000100000000100000000000000000000000000000000000000000000000000000000
00000000000000000000000000000000000000000000000000000100010000000000100000000000000000000000000000000000000000000000000000000000
00000000000000000000000000000000000000000000000000000000000000000000000000000000010000010000000000000000000001000000000000000000
00000000000000001000000000000000000000000000000000000000000000000000000000000010000000000000000000000000000000000000000000000000
00000000000000000000000000000000000000000000010000000000000000000100000000000000000000000000000000000000000000000000000000000000
00000000000000000000000000000000000000010000000000000000000000000000000000000000000000000000000000000000000000000000000000000000
00000000000000000000000000000000000000000000000000100001000000100000000000000000000000000000000010000000000000000000000000000000
00000000000000000000000000001000000000000000000000000000000000000000000000000000000000010000000000000000000000000000000000000000
00000000000000000000000000000000000000000000000000000000000000000010000000000000000000000000000000000000000000000000000000000000
00000010000000000000000000000000000000000000000000000000000000000000000000010000000000000000000000000000000000000000000000000000
00000111000000000000000000000000000000000000000000000000010000000000000000000000000000000000000000000000000000000000000000000000
00000010000000000000010000000000001000000000010000000000000000000000000000000000000000000000000000000000000000000000000000000000
00000000000000000000000000000000000000000000000000000000000000000000000010000000000000000000000000000000010000000000001000000000
