01000000000000100000000000000000000000000000000000000000000000000000000000000000000000000000000000000000000000000000000000000000
00000000000000000000001000000000100000000000000030001000000033333000000330000000000030000000000033333000000033330000000033333000
00000000000000000000000000000000000000000000000330000000000333333300003330000000000330000000000333333300000333333000000333333300
00000000000000000000000000000000000000000000000330000000003330003330033330000000000330000000003330003330003330033300003330003330
00000000000000000000000000000000000000000000003330000000003300000330000330010000003330000000003300000330033000000330003300000330
00000000000000000000000000000000000000000000003330000000000000000330010330000000003330000000003300000330033000000330000000000330
00000000000000000000000000000000000010000000033330100000000000000330000330000000033330000000000000000330033000000330000000000330
00001000000000000000000000000000000000000000330330000000000000003300000330000000330330000000000000000330033000000330000000003300
00000000000000000000000000100000000000000000330330000000100000333300000330000000330330000000000000003300033300003330010000333300
00000000000000000000000000000000000000000003300330000000000010333300000330000003300330000000000000003300003333333300000000333300
00000000000000000000000000000000000000000033300330000000000000003330000330000033300330000010000000033000000333333300000000003330
00000000000000000000000000000000000000000333000330000000000000000330000330000333000330000000000000330000000000333000000000000330
00000000000000000000000000000000000010000333333333300000000000000330000330010333333333300000000003300000000000330000000000000330
00000000000000100000000000000000000000000333333333300000033001000330100330000333333333300000000033000000000003300000033000000330
00000000000000000000000000000000000000000000000330000000033300003330000330000000000330000000000330000000000033000000033300003330
00000000000000000000000000000000000000000000000330000330003333333300000330000100000330000330003333333330000330000001003333333300
00000000000000000000000000100000000000000000000330000330000033333000000330000000000330000330033333333330003300000000000033333000
00000010000000000000000000000000000000000000000000000000000000000000000000000000000000000000000000000000000000000000000000000000
01000000000000000000000000000000001000000000000000000000000000000010001000000000000000000000000000000000000000000000000000000000
00000000000000000000000000000000000000001000000000000000000000100000000100000000000000000000000000000000000000000000000000000000
00000000000000000000000000000000000000000000000000000100010000000000100000000000000000000000000000000000000000000000000000000000
00000000000000000000000000000000000000000000000000000000000000000000000000000000010000010000000000000000000001000000000000000000
00000000000000001000000000000000000000000000000000000000000000000000000000000010000000000000000000000000000000000000000000000000
00000000000000000000000000000000000000000000010000000000000000000100000000000000000000000000000000000000000000000000000000000000
00000000000000000000000000000000000000000000000000000000000000000000000000000000000000000000000000000000000000000000000000000000
00000000000033300300000330030003033330333000000000003001000000100000000000000000003330003300300003000000000030000000000000000000
00000000000030030300003003003030030000300300000000033000000000000000000000000000003003030030300003000000000330000000000000000000
00000000000030030300003003000300030000300300000000003000000000000010000000000000003330030030300003000000000030000000000000000000
00000010000033300300003333000300033300333000000000003000000000000000000000010000003003033330300003000000000030000000000000000000
00000111000030000300003003000300030000303000000000003000010000000000000000000000003003030030300003000000000030000000000000000000
00000010000030000333303003000300033330300300010000003000000000000000000000000000003330030030333303333000000030000000000000000000
00000000000000000000000000000000000000000000000000000000000000000000000010000000000000000000000000000000010000000000001000000000
