33333333333333333333333333333333333333333333333333333333333333333333333333333333333333333333333333333333333333333333333333333333
33333333333333333333333333333333333333333333333333333333333333333333333333333333333333333333333333333333333333333333333333333333
33333333333333333333333333333333333333333333333333333333333333333333333333333333333333333333333333333333333333333333333333333333
33333333333333333333333333333333333333333333333333333333333333333333333333333333333333333333333333333333333333333333333333333333
33333333333333333333333333333333333333333333333333333333333333333333333333333333333333333333333333333333333333333333333333333333
33333333333333333333333333333333333333333333333333333333333333333333333333333333333333333333333333333333333333333333333333333333
33333333333333333333333333333333333333333333333333333333333333333333333333333333333333333333333333333333333333333333333333333333
33333300000000000330000003333333330000003300000033000000333333333333300000003333333333333333330000003333333330000003333333333333
33333002222222220330222203333333330222203302222033022220333333333330002222200033333333333333330222203333333330222203333333333333
33330020000022220330022203333333330222203300222033002220333333333300222222222003333333333333330022203333333330222203333333333333
33300220333002220333022203333333330000003330222033302220333333333002220000022200333333333333333022203333333330000003330000033333
33302220333300000333022203333333333333333330222033302220333333330022000333000220033333333333333022203333333333333333330222033333
33302220033333333333022203333333333333333330222033302220333333330220033333330022033333333333333022203333333333333333330222033333
33302222000000333333022203000000030000003330222033302220333333300220333333333022003000000300033022200000033330000003300222003333
33300222222220003333022203022222030222203330222033302220333333302220333333333022203022220002003022222222000330222203302222203333
33330022222222200333022203002200030022203330222033302220333333302220333333333022203002222222203022220002002112201130033111330000
00000333111111113300311130031330000311130003111300031113000000031113000000000311130031113331330311133033113300311130003111300000
00000003333331111300311133331300000311130003111300031113000000033113000000000311330031113033300311130003111300311130003111300000
00000000000033111300311111111300000311130003111300031113000000003113300000003311300031113000000311130003111300311130003111300000
00033333300003111300311133331330000311130003111300031113000000003311333000333113300031113000000311130003111300311130003111300000
00031111330003113300311130031133000311130003111300031113000000000331113333311133000031113000000311133033113300311130003111300000
00031111133333133003311130331113303311133033111330331113300000000033111111111330000331113300003311113331133003311133003111333000
00031113111111330003111130311111303111113031111130311111300000000003331111133300000311111300003111111111330003111113003311113000
00033333333333300003333330333333303333333033333330333333300000000000033333330000000333333300003333333333300003333333000333333000
00000000000000000000000000000000000000000000000000000000000000000000000000000000000000000000000000000000000000000000000000000000
00000000000000000000000000000000000000000000000000000000000000000000000000000000000000000000000000000000000000000000000000000000
00000000000000000000000000000000000000000000000000000000000000000000000000000000000000000000000000000000000000000000000000000000
00000000000000000000000000000000000000000000000000000000000000000000000000000000000000000000000000000000000000000000000000000000
00000000000000000000000000000000000000000000000000000000000000000000000000000000000000000000000000000000000000000000000000000000
00000000000000000000000000000000000000000000000000000000000000000000000000000000000000000000000000000000000000000000000000000000
00000000000000000000000000000000000000000000000000000000000000000000000000000000000000000000000000000000000000000000000000000000
00000000000000000000000000000000000000000000000000000000000000000000000000000000000000000000000000000000000000000000000000000000
