00001122210000002222200001111121111111111111111111123333232232233333333333333222333333233333333333333331000000000000000000000000
00000011100000001321100000111112210000022221111111112333322323233333333333333322222333333333333333333332000000000000000000000000
00000000000000000310000002100000000000012221110111112333322222233333333333333332233233333333333333333333100000000000000000000000
00111211000001001210000123100000000000000000000011111233333222333333333333333332223223233333333333333333100000000000000000000000
01223332211100101322211233210000000000000000000001111123333222223333333333333333222222233333333333333333200000000000000000000000
12233333322211112322322333321000000000000000000001111123333222322333333333333333222332333333333333333333200000000000000000000000
13333333333332222333333333332100000000000000000000111123333222223333333333333333322332233333333333333333310000000000000000000000
13333333333333333333333333333321000000000000000001111112333322222333333333333333222232233333333333333333320000000000000000000000
13333333333333333333333333333333100000000000000000011112333332222233333333333333322232233333333333333333320000000000000000000000
13333333333333333333333333333333100000000000000100011111333332223223333333333333332333233333333333333333320000000000000000000000
13333333333333333333333333333333200000000000000000011111233332222333333333333333332222323333333333333333330000000000000000000000
13333333333333333000000000000000000000000000000000011111233332222233333333333333332222333333333333333333330000000000000000000000
13333333322221110033300333330033300333300333330000001111233332212223333333333333332223222333333333333333331000000000000000000000
13333333211111110300030003000300030300030003000000001111133333212223333333333333332222222333333333333333331000000000000000000000
13333332111111220300000003000300030300030003000000001111123333222233333333333333322222233333333333333333331000000000000000000000
12322222211222330033300003000300030333300003000000001111123333221233333333333333332222222333333333333333331000000000000000000000
11211112222233330000030003000333330303000003000000001011123333222222333333333333332222222333333333333333331000000000000000000000
01121122222222330000030003000300030300300003000000001111123333222222333333333333332222222333333333333333331000000000000000000000
11222222222222220300030003000300030300030003000000001111123333222222333333333333332222223333333333333333331000000000000000000000
12222222222222220033300003000300030300003003000000011011123333222222333333333333332222222233333333333333331000000000000000000000
12222222222222221000000000000000000000000000000000001111123333222222333333333333332222222233333333333333330000000000000000000000
12222222222322210011111111111110100000000000000000000011123333222222333333333333332222222333333333333333320000000000000000000000
12222222222222110111111111111111000000000000000000001111123333212222333333333333332222232333333333333333320000000000000000000000
12222222211111001111111111000000000000000000000000000001123333212223333333333333332222233333333333333333310000000000000000000000
12222222221000000000000000000000000000000000000000000011123332212222333333333333300000000000000000033333300000000000000000000000
13333333321033300300000330030003033330333000000000003001123332112222333333333333303330003300300003033333200030000000000000000000
13332322332030030300003003003030030000300300000000033001123332212222333333333333303003030030300003033333200330000000000000000000
13332322233030030300003003000300030000300300000000003001123332212222333333333333203330030030300003033333100030000000000000000000
13333333223033300300003333000300033300333000000000003001123332122223333333333332203003033330300003033333100030000000000000000000
13333333333030000300003003000300030000303000000000003011233322122223333333333332203003030030300003000032000030000000000000000000
13323333333030000333303003000300033330300300000000003011233322122223333333333322203330030030333303333031000030000000000000000000
13223333333000000000000000000000000000000000110000000011233322112223333333333322200000000000000000000030000000000000000000000000
