00000000000000000000000000000000000000000000000000000000333333333222100122333333333333310000000000000000000000000000000000000000
00333000000000000300000003003330030000000300030003000000333333333333210011233333333333310000000000000000000000000000000000000000
00333000000000003030000030003000303000003030303030300000322222333333332001123333333333100000000000000000000000000000000000000000
00033000000000000030000030303300003000000030030030300000222222233333333210011233333333000000000000000000000000000000000000000000
00033000000000000300000033300030030000000300003030300000222222223333333331011133333331000000000000000000000000000000000000000000
00033000000000003000000000303030300000003000303030300000111012323333333333221012333210000000000000000000000000000000000000000000
00033000000000003330030000300300333003003330030003000000000001233333333333332001233100000000000000000000000000000000000000000000
00033000000000000000000000000000000000000000000000000000000000022233333333333200122100000000000000000000000000000000000000000000
00000000000000000000000000000000000013223221111122210000000000002233233333333321112000000000000000000000000000000000000000000000
00000000000000000000000000100000000002323321111121100000000000001323223333333332112100000000000000000011211100000000000000000000
00000000000000000000000000000000000001322321111111000000000000000322212233333333223211122210110000001223333321000000000000000000
00000000000000000000000000000000000000232322111112000000000000000222311233233332233322332232332210022333333332210000000000000000
00000000000000000000000000000000000000232222111111000000000000000131320222232112012321232233333332232333333333331000000000000000
00000000000000000000000000000000000000232221111111000000000000000132310132222000010100132333333333332333333333332100000000000000
00000000000000000000000000000000000000232221101111000000000000000031310133323100221001123333333333321331233333333200000000000000
00000000000000000000000001000000000000232221001111000000000000000131320122333101332001122333323333321111113333333310000000000000
00000000000000000000000001000000000000222221001111000000000000000131320222333100332000122233333333331122101333333320000000000000
00000000000000000000000001000000000000222221001111000000000000000122310222333100332000122222333333332332211233333330000000000000
00000000000000000000000000100000000001222210011111000000000000000222311222333100332000112222323333321221321123333331000000000000
00000000000000000000000000100000000002222210010111100000000000001323101223333212332100012222222333321110111123333331000000000000
00000000000000000000000000010000000012222100110111100000000000002222001222333333333310012222222233322210000123333331000000000000
00000000000000000000000000001000000122221000010011110000000000022231012222233333333310011222222233223100000123333331000000000000
00000000000000000000000000000110012222210000011110011100000000222221123222233333333211132222222333212200000122333331000000000000
00000000000000000000000000000011111112210000010001001111111112211112223223233333322111232222212322321320000123323320000000000000
00000000000000000000000000000000000000000000110001100011211211111122222233333333300000000000000000032221000000333320000000000000
00000000000033300300000330030003033330333001111101003011111111111223332333333333203330003300300003021111000330023310000000000000
00000000000030030300003003003030030000300301111111033011111111122222223333333222103003030030300003011111103003022100000000000000
00000000000030030300003003000300030000300301111111003011111111232333333333332000003330030030300003011111100030021000000000000000
00000000000033300300003333000300033300333002222222203022212222223323333333210000003003033330300003001101100003020000000000000000
00000000000030000300003003000300030000303001233222303022222222233333333321000000003003030030300003000001103003000000000000000000
00000000000030000333303003000300033330300300011111103022222222333333222100000000003330030030333303333001100330000000000000000000
00000000000000000000000000000000000000000000000000000001111111111111000000000000000000000000000000000001000000000000000000000000
