00000001000000000000000000000000000000000000000000000000222222223333333333333333333333332100000000000000000000000000000000000000
00333002000033303330000003000300030000000300030003000000222222111233333333333333333333333210000000000000000000000000000011111100
00333003000000300030000030303030303000003030303030300000212221111123333333333333333333333332222110000000000000000000011222222100
00033003000003000300000003003030303000003030303030300000222221111113333333333333333333333333333332221000000000000001222333333200
00033003000003000300000030303030303000003030303030300000111121111123333333333333333333333333333223332100000000000112233333333200
00033002000030003000000030303030303000003030303030300000111111110133333333333333333333333333333112223211122110001222233333333100
00033000000030003000030003000300030003000300030003000000111111100233333333333333333333333333332210012211233322112322333333333200
00033000000000000000000000000000000000000000000000000000111111001233333333333333333333333333333211001211233223212333333333333200
00000000133333321111111111111111211222222222222222121111111111001232233333333333333333333333333222211112132101112333322223333200
00000000133333332211111111111110111111111111111111111111111111001223233333333333333333333333333222332112123200112322311112233200
00000000133333332222221011111111111111100001111111110111111111002222232333333233333333333333333321233333222210011321211111133200
00000000233333332222222111011111111111000001111111111011111110002222222332233222233333333333333331023333333222111222211000123200
00000000233333332222221000011111111111111001111111111011111110002222222222223322223333333333333331023333333321233333222110012200
00000000233333332222221110111111111111011111111111111011111110001122222222223323333333333333333211123333233221133333223322011200
00000000233333333232221100011111111111010111111111111001111111001112222222222223323333333333333312232222222111233223223333211100
00000000233333333332111111111111111111111111111111111101111111001212222222222222233333333333333322332111111111123222223332221000
00000000233333322222111111111111111111111111111111010111111110001122222222222222222333333333333333333332122222222223111111011000
00000000233333332321111111111111111111111111111111000111111110000122222222222222222333333333333333333333333333333323100000001000
00000000233333332211111111111111111111112111111111000111111110000122222222222222223233333332333333333333333333333332100000001000
00000001233333332111111111211111111111122111111000001111110100000122222222222222232333333332333333211233333322233321000000001100
01111112333333333211111111111111111211112111111000000111111111000012222222222222223333333333333333210123333321133321000000000000
12223233333333322322111111111111112111222211111100001111111111100011222222222222233333333333333333321012333332123332100000000000
12333333333333201233222111211121112112222221111100001111111111111101222222222222223333333333233333332101333333212333200000000100
13333333333333200233333222211122222112222221111101111111111110111101222222222222233233333321123333333211233333321233310000001100
13333333333300000000000000000000000000000000001111100011111110111111232222222233300000000000000000000000000000000000000000012200
13333333333000330300300330003300333000330033300111003011111111111112333322233233033000300300003000033303030333033000300000012200
13333333333000030300303003030030300303003030030111033011111110111133333331122222030303030300030300030003030030030303030000122200
12333333333000030300303000030030300303003030030111003011111111112333333321000112033003030300030300030000300030030303030111122100
12333222323000030300303033033330300303003033330000003000000000112222222221100012030303030300033300033000300030033303330111212100
12333223322030030300303003030030300303003030300100003000000000000001110000000123030303030300030300030003030030033003030111122100
13222322322003300033000330030030333000330030030200003000000000000000000000000011033300300333030300033303030030030303030112222100
13233333221100000000000000000000000000000000003100000000000000000000000000000000000000000000000000000000000000000000000121222100
