00000000000000000000000000000000000000000000000000000000000000000000000000000000000000000000000000000000000000000000000000000000
00000000000000000000000000000000000000000000000000000000000000000000000000000000000000000000000000000000000000000000000000000000
00000000000000000000000000000000000000000000000000000000000000000000000000000000000000000000000000000000000000000000000000000000
00000000000000000000000000000000000000000000000000000000000000000000000000000000000000000000000000000000000000000000000000000000
00000000000000000000000000000000000000000000000000000000000000000000000000000000000000000000000000000000000000000000000000000000
00000000000000000000000000000000000000000000000000000000000000000000000000000000000000000000000000000000000000000000000000000000
00000000000000000000000000000000000000000000000000000000000000000000000000000000000000000000000000000000000000000000000000000000
00000000000000000000033300000000000333330000033333003330033300000000033300000000000003333330000003330000003330000000000000000000
00000000000000000000031110000000000311111000031111103111031110000000031110000000000333111111300003111000003111000000000000000000
00000000000000000000331110000000000311111000031111103111031110000000031110000000000311111111110003111100003111000000000000000000
00000000000000000033311110000000000311111000331111103111031110000000031110000000003311111111110003111110003111000000000000000000
00000000000000000331111110000000000311131100311311103111031110000000031110000000033111100001111003111110003111000000000000000000
00000000000000000311111110000000000311131100311311103111031110000000031110000000031111000000111103111111003111000000000000000000
00000000000000000011131110000000000311131103311311103111031110000000031110000000031110000000311103111311003111000000000000000000
00000000000000000000031110000000000311131113111311103111031110000000031110000000031110000000311103111011103111000000000000000000
00000000000000000000031110000000000311101113111311103111031110000000031110000000031110000000311103111031103111000000000000000000
00000000000000000000031110000000000311103113110311103111031110000000031110000000031110000000311103111001113111000000000000000000
00000000000000000000031110000000000311103113110311103111031110000000031110000000031110000003311103111003113111000000000000000000
00000000000000000000031110000000000311103111110311103111031110000000031110000000001111000033111103111000111111000000000000000000
00000000000000000000031110000000000311100111110311103111031113333330031113333330000111133331111003111000333133022203330222033333
33302222003330220033022203302200333022203330222033302220333333333002220000022200333302220333333022200300220033022203330222033333
33302222200000200330022203002220030022200300222003002220033333333300222222222003333002220033330022220002200330022200330222000333
33302220222222003330222203022222030222220302222203022222033333333330002222200033333022222033330222222222003330222220330022220333
33300000000000033330000003000000030000000300000003000000033333333333300000003333333000000033330000000000033330000000333000000333
33333333333333333333333333333333333333333333333333333333333333333333333333333333333333333333333333333333333333333333333333333333
33333333333333333333333333333333333333333333333333333333333333333333333333333333333333333333333333333333333333333333333333333333
33333333333333333333333333333333333333333333333333333333333333333333333333333333333333333333333333333333333333333333333333333333
33333333333333333333333333333333333333333333333333333333333333333333333333333333333333333333333333333333333333333333333333333333
33333333333333333333333333333333333333333333333333333333333333333333333333333333333333333333333333333333333333333333333333333333
33333333333333333333333333333333333333333333333333333333333333333333333333333333333333333333333333333333333333333333333333333333
33333333333333333333333333333333333333333333333333333333333333333333333333333333333333333333333333333333333333333333333333333333
33333333333333333333333333333333333333333333333333333333333333333333333333333333333333333333333333333333333333333333333333333333
