00000000000000000000000000000000000000000000000000000000000000000000000000000000000000000000000000000000000000000000000000000000
00000000000000000000000000000000000000000000000000000000000000000000000000000000000000000000000000003000000033333000000033333300
00000000000000000000000000000000000000000000000000000000000000000000000000000000000000000000000000033000000333333300000333333300
00000000000000000000000000000000000000000000000000000000000000000000000000000000000000000000000000033000003330003330000330000000
00000000000000000000000000000000000000000000000000000000000000000000000000000000000000000000000000333000003300000330000330000000
00000000000000000000000000000000000000000000000000000000000000000000000000000000000000000000000000333000003300000330000330000000
00000000000000000000000000000000000000000000000000000000000000000000000000000000000000000000000003333000000000000330003333333000
00000000000000000000000000000000000000000000000000000000000000000000000000000000000000000000000033033000000000000330003333333000
00000000000000000000000000000000000000000000000000000000000000000000000000000000000000000000000033033000000000003300003300003300
00000000000000000000000000000000000000000000000000000000000000000000000000000000000000000000000330033000000000003300000000000330
00000000000000000000000000000000000000000000000000000000000000000000000000000000000000000000003330033000000000033000000000000330
00000000000000000000000000000000000000000000000000000000000000000000000000000000000000000000033300033000000000110000000000000000
00000000000000000000000000000000000000000000000000000000000000000000111000000001221112232111111110000000000000000000000000000000
00000000000000000000000000000000000000000000000000000000000000000111121000000011121111221111111110000000000000000000000000000000
00000000000000000000000000000000000000000000000000000000000000111111112100000011111112222111110000000000000000000000000000000000
00000000000000000000000000000000000000000000000000000000000001111111122100000011111111221111100000000000000000000000000000000000
00000000000000000000000000000000000000000000000000000000000001111122123100000000111111122111000000000000000000000000000000000000
00000000000000000000000000000000000000000000000000000000000011111122112100000000111111122110000000000000000000000000000000000000
00000000000000000000000000000000000000000000000000000000000011111233212210000000111111122100000000000000000000000000000000000000
00000000000000000000000000000000000000000000000000000000000001211221211220000000001112221100000000000000000000000000000000000000
00000000000000000000000000000000000000000000000000000000000001111221111221000000000111111000000000000000000000000000000000000000
00000000000000000000000000000000000000000000000000000000000001111221122211000000000000000000000000000000000000000000000000000000
00000000000000000000000000000000000000000000000000000000000001111221223200000000000000000000000000000000000000000000000000000000
00000000000000000000000000000000000000000000000000000000000000011122222110000000000000000000000000000000000000000000000000000000
00000000000000000000000000000000000000000000000000000000000000011222111110000000000000000000000000000000000000000000000000000000
00000000000000000000000000000000000000000000000000000000000000011211000000000000000000000000000000000000000000000000000000000000
00000000000000000000000000000000000000000000000000000000000000001100000000000000000000000000000000000000000000000000000000000000
00000000000000000000000000000000000000000000000000000000000000000000000000000000000000000000000000000000000000000000000000000000
00000000000000000000000000000000000000000000000000000000000000000000000000000000000000000000000000000000000000000000000000000000
00000000000000000000000000000000000000000000000000000000000000000000000000000000000000000000000000000000000000000000000000000000
00000000000000000000000000000000000000000000000000000000000000000000000000000000000000000000000000000000000000000000000000000000
00000000000000000000000000000000000000000000000000000000000000000000000000000000000000000000000000000000000000000000000000000000
