00000000000000000000000000000000000000000000000000000000000000000000000000000000000000000000000000000000000000000000000000000000
00000000000000000000000001111100111111000111111011000110111111100111111011101110111111101110011001111110000000000000000000000000
00000000000000000000000011101110110011100000011011000110111000000001100011111110110000001111011000011000000000000000000000000000
00000000000000000000000011000110110001100000011011000110011111000001100011111110111110001111111000011000000000000000000000000000
00000000011111000000000011111110110011101100111011101110000011100001100011010110110000001101111000011000000000000111110000000000
00000000000000000000000011000110111111001111111011111110111111100001100011000110111111101100111000011000000000000000000000000000
00000000000000000000000011000110111110000111110001111100011111000001100011000110111111101100011000011000000000000000000000000000
00000000000000000000000000000000000000000000000000000000000000000000000000000000000000000000000000000000000000000000000000000000
01111100011111001100011011000110111110000000001011000110001111001111100011111110011111000000000000000000000000000000000000000000
11111110111111101100011011100110111111000000010011000110001111001111110011111110111111100000000000000000000000000000000000000000
11100000110001101100011011110110110011100000100011000110000110001100111011000000110001100000000000000000000000000000000000000000
01111100110001101100011011111110110001100001000011101110000110001100011011111000110001100000000000000000000000000000000000000000
00001110110001101110111011011110110011100010000001111100000110001100111011000000110001100000000000000000000000000000000000000000
11111110111111101111111011001110111111000100000000111000001111001111110011111110111111100000000000000000000000000000000000000000
01111100011111000111110011000110111110001000000000010000001111001111100011111110011111000000000000000000000000000000000000000000
00000000000000000000000000000000000000000000000000000000000000000000000000000000000000000000000000000000000000000000000000000000
00111110001110001100011011111110000000000000000000000000000000000000000000000000000000000000000000000000000000000000000000000000
01111110011111001110111011111110000000000000000000000000000000000000000000000000000000000000000000000000000000000000000000000000
11100000111011101111111011000000000000000000000000000000000000000000000000000000000000000000000000000000000000000000000000000000
11001110110001101111111011111000000000000000000000000000000000000000000000000000000000000000000000000000000000000000000000000000
11100110111111101101011011000000000000000000000000000000000000000000000000000000000000000000000000000000000000000000000000000000
01111110110001101100011011111110000000000000000000000000000000000000000000000000000000000000000000000000000000000000000000000000
00111110110001101100011011111110000000000000000000000000000000000000000000000000000000000000000000000000000000000000000000000000
00000000000000000000000000000000000000000000000000000000000000000000000000000000000000000000000000000000000000000000000000000000
01111110111111100011110011000110110001100011110000111100001110001100000000000000000000000000000000000000000000000000000000000000
01111110111111100111111011000110111001100011110001111110011111001100000000000000000000000000000000000000000000000000000000000000
00011000110000001100011011000110111101100001100011000110111011101100000000000000000000000000000000000000000000000000000000000000
00011000111110001100000011111110111111100001100011000000110001101100000000000000000000000000000000000000000000000000000000000000
00011000110000001110011011111110110111100001100011100110111111101100000000000000000000000000000000000000000000000000000000000000
00011000111111100111111011000110110011100011110001111110110001101111110000000000000000000000000000000000000000000000000000000000
00011000111111100011110011000110110001100011110000111100110001101111110000000000000000000000000000000000000000000000000000000000
00000000000000000000000000000000000000000000000000000000000000000000000000000000000000000000000000000000000000000000000000000000
