00000000000000000000000000000000000000000000000000000000000000000000000000000000000000000000000000000000000000000000000000000000
00000000000000000000000000000000000000000000000000000000000000000000000000000000000000000000000000000000000000000000000000000000
00000000000000000000000000000000000000000000000000000000000000000000000000000000000000000000000000000000000000000000000000000000
00000000000000000000000000000000000000000000000000000000000000000000000000000000000000000000000000000000000000000000000000000000
00000000000330000003300000033300033333300000000000000000000000000000000000000000000000000000000000000000000000000000000000000000
00000000003333000033330000333330033333300000000000000000000000000000000000000000000000000000000000000000000000000000000000000000
00000000003333000033330003330330000033300000000000000000000000000000000000000000000000000000000000000000000000000000000000000000
00000000003303000033030003300000000033000000000000000000000000000000000000000000000000000000000000000000000000000000000000000000
00000000003303000033030003300000000033000000000000000000000000000000000000000000000000000000000000000000000000000000000000000000
00000000003303000033030003300000000330000000000000000000000000000000000000000000000000000000000000000000000000000000000000000000
00000000003303000033030003300000000330000000000000000000000000000000000000000000000000000000000000000000000000000000000000000000
00000000033333300333333003330330000330000000000000000000000000000000000000000000000000000000000000000000000000000000000000000000
00000000033333300333333000333330003300000000000000000000000000000000000000000000000000000000000000000000000000000000000000000000
00000000033003300330033000033300003300000000000000000000000000000000000000000000000000000000000000000000000000000000000000000000
00000000000000000000000000000000000000000000000000000000000000000000000000000000000000000000000000000000000000000000000000000000
00000000011111100111111001111110011111100000000000000000000000000000000000000000000000000000000000000000000000000000000000000000
00000000011111100111111001111110011111100000000000000000000000000000000000000000000000000000000000000000000000000000000000000000
00000000000000000000000000000000000000000000000000000000000000000000000000000000000000000000000000000000000000000000000000000000
00000000000000000000000000000000000000000000000000000000000000000000000000000000000000000000000000000000000000000000000000000000
00000000000000000000000000000000000000000000000000000000000000000000000000000000000000000000000000000000000000000000000000000000
00000000000000000000000000000000000000000000000000000000000000000000000000000000000000000000000000000000000000000000000000000000
00000000000000000000000000000000000000000000000000000000000000000000000000000000000000000000000000000000000000000000000000000000
00000000000000000000000000000000000000000000000000000000000000000000000000000000000000000000000000000000000000000000000000000000
00000000000000000000000000000000000000000000000000000000000000000000000000000000000000000000000000000000000000000000000000000000
00000000000000000000000000000000000000000000000000000000000000000000000000000000000000000000000000000000000000000000000000000000
00000000000000000000000000000000000000000000000000000000000000000000000000000000000000000000000000000000000000000000000000000000
00000000000000000000000000000000000000000000000000000000000000000000000000000000000000000000000000000000000000000000000000000000
00000000000000000000000000000000000000000000000000000000000000000000000000000000000000000000000000000000000000000000000000000000
00000000000000000000000000000000000000000000000000000000000000000000000000000000000000000000000000000000000000000000000000000000
00000000000000000000000000000000000000000000000000000000000000000000000000000000000000000000000000000000000000000000000000000000
00000000000000000000000000000000000000000000000000000000000000000000000000000000000000000000000000000000000000000000000000000000
00000000000000000000000000000000000000000000000000000000000000000000000000000000000000000000000000000000000000000000000000000000
