11111111111100011111111111111110011111100000001111111110000000011110000000111100000000111111000000000000111110000001111000000111
11111111111111111111111111111110001111003333300111111100333333011100333330011003333330011111033333333330111111003301110033330011
11111111111111111111111111111111101110033333330011111103333333011003333333001033333333011111033333333330111110033001100333333001
11111111111111111111111111111111100000333000333011111103300000011033300033300033000033001111000000003300111100330011003330033300
11111111111111111111111111111111000000330010033011111103301121111033001003300330011003301111111111003301111003300111033000000330
11111111111111111110011111111110000000330111033011111003300000111033011103300330011003301111111111033001110033000111033011110330
11111111111111111102210011111110000000000111033011111033333330111000011103300333000033301111111110033011100333330010033011110330
11111111111111111033333201111111110001111110033011111033333330011111111003300033333333001111111100330011103333333000033001100330
11111111101111111133322331111111111100101110330011111033000033001111111033001003333330011111111000330111003330033300033300003330
10011111101110110233332233111111111110101100330111111000011003301111100033010033333333001111111103300111033300003330003333333300
00111111111110001332333233301111111000000003300111111111111103301111100330010333300333301111111003301111033001100330100333333301
01111111112110011231233233320111111000000033001111111111111103301111003300110333000033301111111033002110033011110330110000333001
01111111112211001231233223331111111100000330011111111000011003301110033001110330011003301111110033022210033001100330111100330011
00111111001111000133333333332001111111003300011111110030000033001100330011110330011003301111110330012211033300003330111003300111
10111111001111000023333333333100111110033000000000000333000333011003300000000333000033300000100330001111003330033300110033001110
11111111111111000013323331233200001100333333333003300033333330010033333333300033333333000330003300001111100333333001100330011111
11111111111110100012312331223200000003333333333003300003333300010333333333301003333330010330033301001111110033330011103300110111
11111111111110100000233332223300000000000000000000000000000000010000000000001000000000110000000001111111111000000111100001111111
11111111111101110000033333323200000000000000000000100001000000000000000111111111100111111110111111111111111111111111111101111000
11111111111100111010022333333100000000000000000000010000100000000000000001111111100001111110111111111111111111111110110001101000
11111111111100022110022333221000000000000000000000000000000000000000000001111111100000011110001111111111111111011100100000010000
11111111110012112210023332000000000000000000000000000000000000000000000000111111100000001010000100111111001110001100100000000000
11111111101122110110022320000000000000000000000000000000010000000000000000001111110000000000000101011110000111001100000000000000
00111111012221001111000000000000000000000000000000000000000000000000000000000100011000000000000001101111111111011100000000000000
00111111022200000000000000000000000000000000000000000000000000000000000000000000001000000000000000000011110000011100000000000000
10111111022000330300300330003300333000330033300000003000000000000000000000000000000333000330030000033001100330001110000000000000
11111111101000030300303003030030300303003030030000033000000000000000000000000000000300303003030000300301103003011110000000000000
10012211000000030300303000030030300303003030030000003000000000000000000000000000000333003003030000300300000003011110000000000000
10002221000000030300303033033330300303003033330000003000000000000000000000000000000300303003030000333300000330011100001111000000
00001211100030030300303003030030300303003030300000003000000000000000000000000000000300303003030000300300003000011100011111100000
10000111110003300033000330030030333000330030030000003000000000000000000000000000000333000330033330300300003333011100101111100000
10000111111000000000000000000000000000000000000000000000000000000000000000000000000000000000000000000010000000001111000010000001
