10000010000000000000000000000000000000000000000000000000101110000111123332233333333212222223333333333333232222333333333320000000
10333021030003003330000033300300030000000300030033300000200110000111123322113333233311111122233322233333333232223333333331000000
10333032330030303000000030003300303000003300303000300000000111100111123321111222013310011111123332223333333232222333333332000000
10033033030000303300000033000300030000000300030003000000000111000111113222111001002310001111111232222333333332222333333333200000
13033033030003000030000000300300003000000300003003000000000100000111111322102001000110001111111123322223333332222223333333300000
12033033030030003030000030300300303000000300303030000000000011012101111232211101001100000011111112332222333332222233333333320000
13033033030033300300030003000300030003000300030030000000210023223200010123221110001100000011111111332222333333222223333333320000
13033033000000000000000000000000000000000000000000000000331233333321110112222211100000000000000011233222333333322332333333330000
13000032221111222222333333333310111101111111111333333333333333333333321111133333321111210000000011123322233333322223333333331000
13333332211110111122222233333310111100010111111333333333333333333333331011111233333323332100000011113321233333332223333333332000
13333332222211222222222223333310101101001111111333333333333333333333331001110233333333333320000000112331223333332222333333333000
12222222222222333333333333333211100100101011111333333333333212233212332000110233333333333331000000111332223333332222333333333100
11111111222222322122222222222111100111111111002333333333322111122222332000000233333332233332100000101332123333333222233333333100
01011112212222221011111111111111111111011111111233333333321112122222332000000233333311122333200000011232122333332222333333333100
11122222122222222111111111111111110000000000000111111222211111111111111001111133332211222220000000011233122333333223333333333200
12222222222222222111111111111111111011101111222122222333321111111111111111112233331111110000000000111133122333333222333333333200
12222222222222222222222222222221111111222222233222223333322222232222222222233333321111000000000000111133122333333222233333333200
12222222222212222322322232223332222222222223333323333333333333333333333333333333211111000000000000101133122333333222333333333100
12222222222222222222223333223333232222222333333333333333333333333333333333333333111110000000000000001133122333333222223333333100
12222222222222222222233323333333333332233333332233233332233323333333333333333221001000000000000000000132122333333222233333333100
12222222222222222222223322323222233333333333222332233333222212211333333333333210000000000000000000100232112333332222233333333000
12223322223232322332322222222223332333333333333333333333200000100233333333333321000000000000000000001231123333332222233333332000
13333322333222332222211111001011333333333333333333333333310000000123333333333332200000000000000000011231123333332222233333332000
13333333333333332000000000000000233333333333333333333333321000000013333333333333320000000000000000011321223333322222333333331000
13333333333000000000000000000000000000000033333333300033332100000102333333333333000000000000000000000000000000000000003333320000
13332233333033300300000330030003033330333003333333003033333200000001333333333333033303030333033000300000330003003000303333310000
13333333333030030300003003003030030000300303333333033033333310000000233333333333030003030030030303030000303030303000303333310000
13333333333030030300003003000300030000300303333333003033333321000000023333333333030000300030030303030000330030303000303333200000
12233333333033300300003333000300033300333003333333303033333332100000013333333333033000300030033003330000303033303000303332100000
13333333333030000300003003000300030000303003333333303033333333210000012333333333030003030030030303030000303030303000300031000000
13333333333030000333303003000300033330300303333333303033333333310000001233333333033303030030030303030000330030303330333020000000
13333333333000000000000000000000000000000003333333300033333333320000001233332222000000000000000000000000000000000000000000000000
