00000000000000000000000000000000000000000000000000000000000133222222222222222233333222333333333321002013333333330000000000000000
00000000000000000000000000000000000000000000000001111100001332222222222222222222223333333333333332112012333333310000000000000000
00000000000000000000000000000000000000000000000122333322123322222222222222210000001333333333333333332100133332000000000000000000
00000000000000000000000000000000000000000000001110113333333222222222222221000000000123333333333333333210013332000000000000000000
00000000000000000000000000000000000000000000011000001233333222222222222210000000000002332333333333333321012221000000000000000000
00000000000000000000000000000000000000000000110000000023333322222222222100000000000000232332333333333332121120000000000000000000
00000000000000000000000000000000000000000001000000000013333332222222222000000000000000132232233333333333320120000000000000000000
00000000000000000000000000000000000000000001000000000002333333212222221000000000000000023233223333333333321121000110000000000000
00000000000000000000000000000000000000000001000000000000333333211211220000000000000000013223212333332333333333122233221222210000
00000000000000000000000000000000000000000010000000000000232233211111220000000000000000002313311223333212111333323332233333332100
00000000000000000000000000000000000000000010000000000000132333221111110000000000000000002313311222333200110112201332333333333200
00000000000000000000000000000000000000000000000000000000133232221111110000000000000000001322311233332210000101101233333333333200
00000000000000000033300333330033300333300333330000000000133232221111110000000000000000001322310223323310012110011133333333333200
00000000000000000300030003000300030300030003000000000000132232221111110000000000000000001322310223333320013320000223333333333200
00000000000000000300000003000300030300030003000000000000132222210111110000000000000000001312310233332320013320000222333333333200
00000000000000000033300003000300030333300003000000000000132222210111120000000000000000002313311222333320013320000222223233333200
00000000000000000000030003000333330303000003000000000000232222100111120000000000000000002313211223233320013320000112222232223200
00000000000000000000030003000300030300300003000000000000232222101111121000000000000000013223101222233320013320000111222222223200
00000000000000000300030003000300030300030003000000000001322222101111111000000000000000023233111232333332123331000112222222223200
00000000000000000033300003000300030300003003000000000002322321001111112100000000000000132231011233233333333333200111222222223200
00000000000000000000000000000000000000000000000000000022222210001111111210000000000001322220012222222333333333200111122222223200
00000000000000000000000000000000000000000000011000000222222100001111111120000000000012222211122322322333333333100132122222223200
00000000000000000000000000000000000000000000000221122222231000001111111112100000000222222111222223223333333232111233222222232200
00000000000000000000000000000000000000000000000012111111232100001011111111111111122221111122223333333333333211112322333212332100
00000000000000000000000000000000000000000000000000000000122211001111111111112222211000000000000000000033332000111111333212332100
00000000000000330300300330003300333000330033300000003000002321111111111111111111110333000330030000033003320030110001222101111000
00000000000000030300303003030030300303003030030000033000000232111111111111111111110300303003030000300302210330000000000000000000
00000000000000030300303000030030300303003030030000003000000023211111111111111111110333003003030000300300000030000000000000000000
00000000000000030300303033033330300303003033330000003000000002333222222222212111110300303003030000333300000030000000000000000000
00000000000030030300303003030030300303003030300000003000000000123332323332223222220300303003030000300300000030000000000000000000
00000000000003300033000330030030333000330030030000003000000000002222333322233322330333000330033330300300000030000000000000000000
00000000000000000000000000000000000000000000000000000000000000000011112122222222332000000000000000000000000000000000000000000000
