01000000000000100000000000000000000000000000000000000000000000000000000000000000000000000000000000000000000000000000000000000000
00000000000000000000001000000000100000003333300000001000333333010000333333000000000030000000000033333000000333333000000033333000
00000000000000000000000000000000000000033333330000000003333333000003333333000000000330000000000333333300003333333300000333333300
00000000000000000000000000000000000000333000333000000003300000000003300000000000000330000000003330003330003300003300003330003330
00000000000000000000000000000000000000330000033000000003300000000003300000010000003330000000003300000330033000000330003300000330
00000000000000000000000000000000000000330000033000000003300000000003300000000000003330000000003300000330033000000330003300000330
00000000000000000000000000000000000010000000033000100033333330000033333330000000033330000000000000000330033300003330000000000330
00001000000000000000000000000000000000000000033000000033333330001033333330000000330330000000000000000330003333333300000000000330
00000000000000000000000000100000000000000000330000000033000033000033000033000000330330000000000000003300000333333000010000003300
00000000000000000000000000000000000000000000330000000000000003300000000003300003300330000000000000003300003333333300000000003300
00000000000000000000000000000000000000000003300000000000000003300000001003300033300330000010000000033000033330033330000000033000
00000000000000000000000000000000000000000033000000000000000003300000000003300333000330000000000000330000033300003330000000330000
00000000000000000000000000000000000010000330000000000000001003300000000003300333333333300000000003300000033000000330000003300000
00000000000000100000000000000000000000003300000001000030000033000030000033000333333333300000000033000000033000000330000033000001
00000000000000000000000000000000000000033000000000000333000333000333000333000000000330000000000330000000033300003330000330000000
00000000000000000000000000000000000000333333333003300033333330000033333330000100000330000330003333333330003333333300003333333330
00000000000000000000000000100000000003333333333003301003333300000003333300000000000330000330033333333330000333333000033333333330
00000010000000000000000000000000000000000000000000000000000000000000000000000000000000000000000000000000000000000000000000000000
01000000000000000000000000000000001000000000000000000000000000000010001000000000000000000000000000000000000000000000000000000000
00000000000000000000000000000000000000001000000000000000000000100000000100000000000000000000000000000000000000000000000000000000
00000000000000000000000000000000000000000000000000000100010000000000100000000000000000000000000000000000000000000000000000000000
00000000000000000000000000000000000000000000000000000000000000000000000000000000010000010000000000000000000001000000000000000000
00000000000000001000000000000000000000000000000000000000000000000000000000000010000000000000000000000000000000000000000000000000
00000000000000000000000000000000000000000000010000000000000000000100000000000000000000000000000000000000000000000000000000000000
00000000000000000000000000000000000000000000000000000000000000000000000000000000000000000000000000000000000000000000000000000000
00000000000033300300000330030003033330333000000000003001000000100000000000000000003330003300300003000000000330000000000000000000
00000000000030030300003003003030030000300300000000033000000000000000000000000000003003030030300003000000003003000000000000000000
00000000000030030300003003000300030000300300000000003000000000000010000000000000003330030030300003000000000003000000000000000000
00000010000033300300003333000300033300333000000000003000000000000000000000010000003003033330300003000000000330000000000000000000
00000111000030000300003003000300030000303000000000003000010000000000000000000000003003030030300003000000003000000000000000000000
00000010000030000333303003000300033330300300010000003000000000000000000000000000003330030030333303333000003333000000000000000000
00000000000000000000000000000000000000000000000000000000000000000000000010000000000000000000000000000000000000000000001000000000
