00000000000000000000000000000000000000000010000000000000000000000000000000000000000000000000000000000000000000000000000000000000
00000001000000000000000000000000000000000100330000000000333330000000333330000000333333000000000033333300000033330000000333333000
00000000000000000001000000100000000100000003300000000003333333000003333333000003333333000000000333333300000333333000003333333300
01000000000000000000000000000000000000000033000000000033300033300033300033300003300000000010000330000000003300003300003300003300
00000000000000000000000000000000000000000330000000000033000003300033000003300003300000000000000330000000033000000330033000000330
00000000000000000000000000000000000000003300001000000033010003300033000003300003300000000000000330000000033000000330033000000330
00000000000000000000000000000000000000033333000000000000000003300000000003300033333330000000003333333000033000000330033300003330
00000000001000000000000000000000000000333333300000010000000003301000000003300033333330000000003333333000033000000330003333333300
00000000000000000000000000000000000000333003330000000000000033000000000033001033000033000000003300003300033000010330000333333000
00000000000000000000000000000100000003330000333000000000100033000000000033000000000003300000000000000330033000000330003333333300
01000000000000000000000000000000000003300000033000000000000330000000000330000000000003300000000000000330033000000330033330033330
00000000000000000000000000000000000003300000033000000000003300000000003300000000000003300000000000000330033000000330033300003330
00000000000000000000000000000000000003300000033000100000033000000000033000000000000003300000000000000330033000000330033000000330
00000000000000000001000000000000000003330000333000000000330001000100330000000030010033000000003000003300033000000330033000000330
00000000000000000000000000000000000000333003330000000003300000000003300000000333000333000000033300033300003300003300033300003330
00000000000000000000000000000100000000033333300003300033333333300033333333300033333330000330003333333000000333333000003333333300
00000000000000000000000000000000000000003333000103300333333333300333333333300003333300000330000333330000000033330000000333333000
00000001000000000000000000000000000001000000000000000000000000000000000000000000000000000000000000000000000000000000000000000000
00000000000000000000000000000000000000000010000000000000000000000100001001000000000000000000000000000000000000000000000000000001
00000000000000000000000000000000000000000000000000000000000000000000000000000000000000000000000000000000000000000000000000000000
00000000000000000000000000000000000000000000000000000100000000000001000000000001000001000000000000000000100000000000000000000000
00000000000000000000010000000000000000000000000000000000000000000000000000001000000000000000000000000000000000000000000000000000
00000000000000000000000000000000000000000000000100000000000000000100000000000000000000000000000000000000000000000000000000000000
00000000000000000000000000000000000000000100000000000001000000100000000000000000000000000000000000000000000000000000000000000000
00000000000000000000000000000000000000000000000000000000000000000000001000000000000000000000000000000000000000000000000001000000
00000000000033300300000330030003033330333000000000003000000000000000000000000000003330003300300003000000000030000000000000000000
00000000000030030300003003003030030000300300000000033000000000000010000000100000003003030030300003000000000330000000000000000000
00000000000030030300003003000300030000300300000000003000010000100000000000000000003330030030300003000000000030000000000000000000
00100000000033300300003333000300033300333000000000003000000000000000000000000000003003033330300003000000000030000000000000000000
01110000000030000300003003000300030000303000000100003000000000000000000100000000003003030030300003000000000030001000000000000000
00100000000030000333303003000300033330300300000000003000000000000000000000000001003330030030333303333000000030000000000000000000
00000000000000000000000000000000000000000000000000000010000010000001000000000000000000000000000000000000000000000000000010000000
