01100000000233333333333222233310000000000000000002333333333223333333333333333333331221111133322210000000000000000000000000000000
01000000000033333223333222222200000000000000000001333223333223333333333333333333333310012122111210000000000000000000000000000000
10000000000023333332332222222100000000000000000000233223333321223333333333333333333320022101112200000000000000000000000000000000
00000000000013333323323232122000000000000000000000133222333331122333333333333333333332113211112210000000000000000000000000000000
00000000000002332332222222112000000000000000000000033222333331112333333333333333333333323331222310000112100000000000000000000000
00000000000001322222222222112000000000000000000000023222333332011222333333332121122222333333222322222113321122221000000000000100
00000000000001322232222222111000000000000000000000013322333333111123333332220011100021223333222322333223333333333221000000012200
00000000000000222222222222211000000000000000000000013321233333111123233333220001100022122122222222223333333333333332100001123200
00000000000000222222222222210000000000000000000000013321233333101123333333321000010001000000013332112333333333333333321122333200
00000000000000222222222222120000000000000000000000013321233333101122333333332100001211110000012233111233333333333333333333333100
00000000000000222222222222120000000000000000000000013321233333101122233333332100003333221000123322111233333333333333333322233200
00000000000000222000000000000000000000000000000000003321233333101122333233332110003333332000133321101233333333333333333311133200
00000000000000220033300333330033300333300333330000113321233333101113333333332100003333332000022211001333333333333333333320122100
00000000000000220300030003000300030300030003000001123321233333011122223333332110003333332000011111002222333333333333333332122100
00000000000000220300000003000300030300030003000011123321233332001122322233332110003333332000011111001222223333322333333333333200
00000000000001220033300003000300030333300003000001123311333331001122322333332200002333332000011111001222223333332333333332233200
00000000000001220000030003000333330303000003000000133212333331011112222333332200002333332000011111101222222223322233333321123200
00000000000002220000030003000300030300300003000000133212333320011122222222333210003333332100011111101122222222223233333321122100
11000000000002220300030003000300030300030003000000233213333310011123222233333322123333332211011111000122222222223333333332222100
02000000000022220033300003000300030300003003000001332123333201111123223333333333333333333332011111000122222222222333333223321000
01100000000023211000000000000000000000000000000002332123332001110123223333333333333333333332011111100122222222322333333312321000
00100000000232212222221000000011000000000000000023321233321001111222333222333333333333333332011111110232222222222333223321232000
00021000002332122322211000000011100000000000000133212233210001012222333222233333333333332331011111111233222322223333212332223100
00001111123221123311221100010111220000000000001332212332101001223332222222233333333333233321111111112332233332322333322333323200
00000122322000000000000000000000000000000000123322100020001112322233222233333333300000000000000000023331133000311233321233212200
00000000111033300300000330030003033330333002332221003011001122322223222233333333303330003300300003012211130030211222211122111000
00000000000030030300003003003030030000300302222122033011112222223222233333333333303003030030300003011000120330000110000111111100
00000000000030030300003003000300030000300301112222003011123333233322233333333333303330030030300003000000000030000000000011111100
00000000000033300300003333000300033300333002222222203011223333233332333333333333303003033330300003000000000030000000000001111100
00000000000030000300003003000300030000303002222222203022333333323333333333333333303003030030300003000000000030000000000000011000
00000000000030000333303003000300033330300302222222203033222333333333333333333333203330030030333303333000000030000000000000000000
00000000000000000000000000000000000000000002222222200022223333333333333333333321000000000000000000000000000000000000000000000000
