00000000000000000000000000000000000000000000000000000000000100000000000000010000000000000000000000000000000000000000000000000000
00000000000000000000000000000000000000000001000000000000000000000000111110000000111110000000000011111000010011111000000011111000
00000000000100000000010000000000000000000000000000000000000000000001111111000001111111000000000111111100000111111100000111111100
00000000000000000000000000000000000001000000000000000100000000000011100011100011100011100000001110001110001110001110001110001110
00000100000000000000000000000000000000000000000000000000000000000011000001100011000001101000001100000110001100000110001100000110
00000000000000000000000000000000000000000000000100000000001000000011000001100011000001100000001100000110001100000110001100000110
00000000000000000000000000000000000000000000000000000000000000000000000001100000000001100000000000000110000000000110000000000110
00000000000000000000000000000000000000001000000000000000000000000000000001100000100001100000000000000110000000000110000010000110
00000000000001000000000000000000000000000000000000000000000000000000000011000000000011000000000000001100000010001100000000001100
00000000000000000000000000000001000000000000001000000000100000000000000011000000000011000000000000001100000000001100000000001100
00000100000000000000000000000000000000000000000000000000000010000000000110000000000110000000000000011000000000011000000000011000
00000000000000000000000000000000000000000000000000000000000000000000001100000000001100000000000000110000000000110000000000110000
00000000000000000000000000000000000000001000000000000000010000000000011001000000011000000000000001100000000001100000000001100000
00000000000000000000010000000000000000000000000000000000000001000100110000000000110000000000000011000000000011000000100011000000
00000000000000000000000000000000000000000000000000000000000000000001100000000001100000000000000110000000000110000000000110000000
00000000000000000000000000000001000000000000000000000000000100000011111111100011111111100110001111111110001111111110001111111110
00000000000000010000000000000000000000000000000000000000000000000111111111100111111111100110011111111110011111111110011111111110
00000000001000000000000000000000000000100000000000000000000000000000000000000000000000000000000000000000000000000000000000000000
00000000000000000000000000000000000000000001000000000000000000100000010000000000000000000000000000000000000000000000000000100000
00000000000000000000000000000000000000000000000000000010001000000001000000000000000000000000000000000000000000000000000000000000
00000000000000000000000100000000000000000000000000000000000000000000000000000010000100000000000000000100000000000000000000000000
00100000000000000000000000000000000000000000000100000000000000001000000000010000000000000000000000000000000000000000000000000000
00000000000000000000000000000000000000000000000000000000000000000000000000000000000000000000000000000000000000000000000000000000
00000000000000000000000000000000010000000000000000001000000000000000010000000000000000000010000000000000000000000000000000000000
00000000000000000000000000000000000000000000000000000000000000000000000000000000000000000000000000000000000000000000000000000000
00000000000033300300000330030003033330333000000000003000000000000100000001000000003330003300300003000000000030000000000000000000
00000000000030030300003003003030030000300300000000033000001000100000000000000000003003030030300003000000000330000000000000000000
00000000000030030300003003000300030000300300000010003000000000000000000000000000003330030030300003000000000030000000000000000000
00000010000033300300003333000300033300333000000000003000000000000000001000000000003003033330300003000000000030000000000000000000
00000111000030000300003003000300030000303000000000003000000000000000000000000010003003030030300003000000000030000000000000000000
10000010000030000333303003000300033330300301000000003001000010000001000000000000003330030030333303333000000030000000100000000001
00000000000000000000000000000000000000000000000000000000000000000000000000000000000000000000000000000000000000000000000000000000
