00000000000000000000000000000000000000000000000000000000000000000000000000000000000000000000000000000000000000000000000000000000
00000000001000000000000000000000000000003333330000000000333300000000333300000000333300000000000033330000000033330000000033330000
00000000011100000000000000100000000100033333330000000003333330010003333330000003333330000000000333333000000333333000000333333000
00000000001000000000000000000000000000033000000000000033000033000033000033000033000033000000003300003300003300003300003300003300
00000000000000000000000000000000000000033000000000000330000003300330000003300330000003300001033000000330033000000330033000000330
00000000000000000000000000000000000000033000001000000330000003300330000003300330000003300000033000000330033000000330033000000330
00000000000000000000000000000000000000333333300000000330000003300330100003300330000003300000033000000330033000000330033000000330
00000000001000000000000000000000000000333333300000010330000003300330000003300330000003300000033000000330033000000330033000000330
00000000000000000000000000000000000000330000330000000330000003300330000003300330000003300000033000000330033000000330033000000330
00000000000000000000000000000100000000000000033000000330100003300330000003300330000003300000033000000330033000000330033000000330
00000000000000000000000000000000000000000000033000000330000003300330001003300330000003300000033000000330033000000330033000000330
00000000000000000000000000000000000000000000033000000330000003300330000003300330000003301000033000000330033000000330033000000330
00000000000000000000000000000000000000000000033000100330010003300330000003300330000003300000033000000330033000000330033000000330
00000000000000000001000000000000000000300000330000000330000003300330000003300330010003300000033000000330033000000330033001000330
00000000000000000000000000000000000003330003330000000033000033000033000033000033000033000000003300003300003300003300003300003300
00000000000000000000000000000000000000333333300003300003333330000003333330001003333330000330000333333000000333333000000333333000
00000000000000000000000000000100000000033333000003300100333300000000333300000000333300000330000033330000000033330000000033330000
00000000000000000000000000000000000001000000000000000000000000000000000000000000000000000000000000000000000000000000000000000000
00000000000000000000000000000000000000000010000000000000000000100000001001000000000000000000000000000000000000000000000000000001
00000000000000000000000000000000000000000000000000000000000000000000000000000000000000000000000000000000000000000000000000000000
00000000000000000000000000000000000000000000000000000100000000000000000000000000000001000000000000000000000000000000000000000000
00000000000000000000010000000000000000000000000000000000000000000000000000000100000000000000000000000000000000000000000000000000
00000000000000000000000000000000000000000000000100000000000000000100000000000000000000000000000000000000000000000000000000000000
00000000000000000000000000000000000000000000000000000000100000100000000000000000000000000000000000000000000000000000000000000000
00000000000000000000000000000000000000000000000000000001000000000000001000000000000000000000000000000000000000000000000000000000
00000000000000330300300330003300333000330033300000003000000000000000000000000000000333000330030000033000000030000000000000000000
00000000000000030300303003030030300303003030030000033000000000000100000000100000000300303003030000300300000330000000000000000000
00000000000000030300303000030030300303003030030000003000001000010000000000000000000333003003030000300300000030000000000000000000
00000000000000030300303033033330300303003033330100003000000000000000000000000000000300303003030000333300000030000000000000000000
00000000000030030300303003030030300303003030300000003000000000000000000000000000000300303003030000300300000030000000000000000000
01000000000003300033000330030030333000330030030000003000000000000000000100000000000333000330033330300300000030000000000000000000
11100000000000000000000000000000000000000000000000000000000000000000100000000000000000000000000000000000000000000000000000000000
