10000033000000000000000000000000000000000000000000000000100011123322112333323332111111122333232333333333222222333333333200000000
10333033000000000300000003003330030000000300030003000000100111123322211222312332011111111233332333333333222222333333333310000000
10333033000000003030000030003000303000003030303030300000000111113322111111210233111111111122332223333333322322333333333320000000
10033033000000000030000030303300003000000030030030300000000111112322112100100022000111111111233222333333332222233333333331000000
13033033000000000300000033300030030000000300003030300000210101111322211201100121110011111111123322233333333222233333333332000000
12033033000000003000000000303030300000003000303030300000321010111233211111110111121000001111112332223333333222232333333333000000
12033033000000003330030000300300333003003330030003000000332110111123321211110000000000001101112232223333333322222333333333100000
12033033000000000000000000000000000000000000000000000000333221111112332222121000011000000000111233222233332222233333333331000000
13000000110000100001111123333333333333333333333333333333200011112333333332212332000000000011123312223333333222223333333331000000
12111100011010100101111123333333333333333333333333333333200011011133333333333333321000000011123322223333333222223333333332000000
12111000011000000000001123333333333333333332233333223333200001110133333333333333332000000000112321223333333222223333333333000000
12111000011000000001000023333333333333332211122332112333200011010133333333333333333100000001112331223333333222223333333333100000
12111000111001110011111023333333333333322211111222222333100001100133333333222223333200000001012332123333333322223333333333100000
11111100111001100011111123333333333333221211222222223332110000100133333333121222233200000001011232122333333322233333333333100000
01111111100000000000000011111111111112222211111221112210011101100122233332122222222000000000011232122333333322223333333333200000
01111011111000000000000111111111112222222210111111111111111111111112333321111111000000000000111233122333333322223333333333200000
12111111110000001111112222222222222222222222222222222222222222222233333320011100000000000000111232122333333322223333333333100000
12222221111111112222222222222222222233322322323333332333333333333333333211111100000000000001111233122333333322223333333333100000
12222222222221222222222223223322233233323223333332333333333333333333332111111000000000000000111233112333333322223333333333100000
12222222222222222222332223323223333333333333333333333332333223323332221111110000000000000000001233112333333322223333333333100000
12322222222222222222323233332223322333333333333333322333332233322332111000000000000000000010011232122333333322223333333333000000
13222222222222222222233332333222222222333222221111111333333333333332110000000000000000000000011232112333333322222333333332000000
12222222222322222333333333333333333333333200000000001333333333333333321100000000000000000010101331112333333322222333333331000000
11111111123333322333333333323333333333333320000000000133333333333333332100000000000000000000001321222333333222223333333331000000
00000000012300000000000000000000000000000000000110000023333333333333333320000000000000000000000000000033330000223333333320000000
00000000002000330300300330003300333000330033300011003013333333333333333332000000000333000330030000033003300330022333333320000000
00000000001000030300303003030030300303003030030000033002333333333333333333100000000300303003030000300303303003022333333310000000
00000000000000030300303000030030300303003030030010003001333333333333333333200000000333003003030000300303200003023333333200000000
00010000000000030300303033033330300303003033330000103000233333333333333333310000000300303003030000333303200330033323333100000000
00111000000030030300303003030030300303003030300010003000123333333333333333331000000300303003030000300302203000033333332000000000
01111000000003300033000330030030333000330030030201003000013333333333333333331000000333000330033330300302203333033333331000000000
01110010000000000000000000000000000000000000003311100000012333333333333333310000000000000000000000000022200000033333320000000000
