00000011000000000000000000000000000000000000000000000000221002333100111011111112333223333333333333322333333333333320000000000000
00333012030033303330000003000300030000000300030003000000111101233100111111111111233332333333333333222333333333333331000000000000
10333022330030003000000030003030303000003030303030300000222101011100011111111111113333223333333333222333333333333332000000000000
10033023030033003300000033003030303000003030303030300000111002012220111100101111112333222233333333222222223333333333100000000000
13033033030000300030000030303030303000003030303030300000121121000010100000011111111233322333333333332223233333333333200000000000
13033033030030303030000030303030303000003030303030300000010000001000000000011000111123322223333333332223233333333333200000000000
13033033030003000300030003000300030003000300030003000000222110101112100000000000011123332223333333333222233333333333310000000000
13033033000000000000000000000000000000000000000000000000333321111223210000000000001112332223333333333222223333333333320000000000
13000033333333333333333333333333333333310010111111123333333333332333332100000000001112333222233333333322233333333333320000000000
13333333333333333333333333333333333333310011111111023333333333333333333320000000000111233222233333333322222333333333331000000000
13333333333333333333221233333322233333310000011111023333333333333333333331000000000111233322233333333322222333333333331000000000
13333333333333333322111222333211122333310100011111023333333333333333333331000000000111133312233333333322223333333333331000000000
13333333333333332211100111222222223333200001110111023333333333222222223332000000000111123322223333333322222333333333332000000000
13332233333333221111111112222222333322101111100111023333333333112122223331000000000011123321223333333322222333333333332000000000
12112111211111111112221111112111222211101111111111012332233333222223332220000000000011123321223333333322223333333333332000000000
01000110111111122222222210111111111111110011111111111111233333211111111000000000000101113322223333333332223333333333333000000000
11111111121221222222222111111111222221221111111112222233333333111111110000000000000101023321223333333332222333333333333000000000
12222222222222222222222222222222222222222232222223333333333332111111110000000000000111113321222333333322223333333333332000000000
12222222222222222222222222222322222232333333333333333233333321111101100000000000000001113321122333333332222333333333332000000000
12222222222222222223222222222332222233333332333333333322333211111111000000000000000000013321222333333332222333333333332000000000
12222222222222232333333333333332222222222232333333333232222111111111000000000000000110113321222333333332223333333333331000000000
12222222222222222222333333333332222222233323332333333333211100000000000000000000000001123321223333333322222333333333330000000000
12222222222222222222222222222222111111333323332333333333211100000000000000000000001101123321223333333332222233333333330000000000
12232222333332333233333210000000000000233333333333333333332110000000000000000000001101123311223333333322222333333333320000000000
13333333333000000000000000000000000000000033333333300033333221000000000000000000000000000000000000033322220000333333310000000000
12333233233033300300000330030003033330333003333333003033333332100000000000000000003330003300300003033222200330033333300000000000
12232233332030030300003003003030030000300303333333033033333333210000000000000000003003030030300003032222203003033333200000000000
12332233323030030300003003000300030000300303333333003033333333320000000000000000003330030030300003022222200003033333100000000000
12333333323033300300003333000300033300333003333333303033333333331000000000000000003003033330300003022222200330033333000000000000
13333333322030000300003003000300030000303003333333303033333333332000000000000000003003030030300003000022203000033331000000000000
13333333333030000333303003000300033330300303333333303033333333333200000000000000003330030030333303333022203333033320000000000000
13333333333000000000000000000000000000000003333333300033333333333210000000000000000000000000000000000022200000033310000000000000
