00000000000000000000000000000011111111110000000000001110011101101011110010000000000000000000000001111111111110100000000000000000
00000000000000000000000000000111101010010000000001111110000011000010001000000000000000000000000000111111111110010000000000000000
00000000000000000000000000000111101000010000000111111100111101000001001100000000000000000000000000111111111100010000000000000000
00000000000000000000000000000111001000010000001111110100010101100000001110000000000000000000000000011111111000010000000000000000
00000000000000000000000000000110000000010000011111110000000101010000001000000000000000000000000000011111110000010000000000000000
00000000000000000000000000000111000100010000011111111000001100110000111000000000000000000000000000001111100000010000000000000000
00000000000000000000000000001111000110000001111111111011101100001001111010000000000000000000000000000111100100010000000000000000
00000000000000000000000000011111000110100001110001111101100111000111110010000000000000000000000000000001111111110000000000000000
00000000000000000000000000011111000110100111110010111101101110000000011010000000000000000000000000000000000010000000000000000000
00000000000000000000000000011111010100101110101010011111110110011110110100000000000000000000000000000000000000000000000000000000
00000000000000000000000000011111222112201222133110011111122112123212332100000000000000000000000000000000000000000000000000000000
00000000000000000000000000000011121111112222232110001111111221223322332100000000000000000000000000000000000000000000000000000000
00000000000000000000000000000000110000002212122210011101111121233333332210000000000000000000000000000000000000000000000000000000
00000000000000000000000000000000000000001221122210011100221121223333332210000000000000000000000000000000000000000000000000000000
00000000000000000000000000000000000000011211222211111100121111123233331210000000000000000000000000000000000000000000000000000000
00000000000000000000000000000000000000111121123211221111221111122222321210000000000000000000000000000000000000000000000000000000
00000000000000000000000000000000000001222121122222321111121122111222321211000000000000000000000000000000000000000000000000000000
00000000000000000000000000000000000001232111110111221111211232222222211221000000000000000000000000000000000000000000000000000000
00000000000000000000000000000000000011221111000111112112212222122232212221000000000000000000000000000000000000000000000000000000
00000000000000000000000000000000000011111110001221121112221211112221112321000000000000000000000000000000000000000000000000000000
00000000000000000000000000000000000011111101101111111111111111112221112221000000000000000000000000000000000000000000000000000000
00000000000000000000000000000000000001110011111111111111112111112221122110000000000000000000000000000000000000000000000000000000
00000000000000000000000000000000000000110011121211110000111111222122221111000000000000000000000000000000000000000000000000000000
00000000000000000000000000000000000000000111121112111011111112221112222112100000000000000000000000000000000000000000000000000000
00000000000000000000000000000000000000001111122112211012111112111112233222100000000000000000000000000000000000000000000000000000
00000000000000000000000000000000000000000100011111111011111111111222212221100000000000000000000000000000000000000000000000000000
00000000000000000000000000000000000000000000011111011001111101001222112212100000000000000000000000000000000000000000000000000000
00000000000000000000000000000000000000000000001110111011011100011111222222100000000000000000000000000000000000000000000000000000
00000000000000000000000000000000000000000000000001111111001110111110122221100000000000000000000000000000000000000000000000000000
00000000000000000000000000000000000000000000000001111101000110111000133321000000000000000000000000000000000000000000000000000000
00000000000000000000000000000000000000000000111001110001000000011001233321000000000000000000000000000000000000000000000000000000
00000000000000000000000000000000000000000000111111100000000000011112233221000000000000000000000000000000000000000000000000000000
