00000000000000000000000000000000000000000000000000000000000000000000000000000000000000000000000000000010000000000000000000000000
00000000000000000000000000000000000000000003300000000333333333300000333333000000333300000000000033330000000033330000000000003300
00000000000000000000000000000000000000000033300000000333333333300003333333000003333330000000000333333000000333333000000000033000
00000000000000000000000000000000000000000333300000000000000033000003300000000033000033000000003300003300003300003300000000330000
00000000000000000000000000000010000000000003300000000000000033000003300100000330000003300010033000000330033000000330000003300000
00000000000000000000000000000000000000000003300100000000000330000003300000000330001003300000033000000330033000000330000033000000
00000000000000000000000000000000000000000003300000000000000330000033333330000330011103300000033000000330033000000330000333330000
00000000000000000100000000000000000000010003300000000010003300000033333330000330001003300000033000000330033000000330003333333000
00000000000000000000000000000000000000000003300000000000003300000033000033000330000003300000033000000330033000000330003330033300
00000000000000000000000000000000000000000003300000000000033000000000000003300330000003300000033000000330033000000330033300003330
00000000000000000000000000000000000000000003300000000000033000000000000003300330000003300000033000100330033000000330033000000330
00000000000000000000000000000000000000000003300000000000330000000000000003300330000003300000033000000330033000000330033000000330
00000000000000000000000000000010000000000003300000000000330000000000000003300330000003300000033000000330033000000330033000000330
00010000000000000000000000000000000000000003301000000003300001000030000033000330000003300100033000000330033000000330033300003330
00000000000000000000000000000000000000000003300000000003300000000333000333000033000033000000003300003300003300003300003330033300
00000000000000000000000000000000000000000003300003300033000100000033333330000003333330000330000333333000000333333000000333333000
00000000000000000000000000000000000000000003300003300333000000000003333300000000333300000330000033330000000033330000000033330000
00000000000000000100000000000000000000000000000000000000001000000000000000000000000000000000000000000000000000000000000000000000
00000000000000000000000000000000000000000000000000000000000000100000001000000000000000000000000000000000000000000000000000000000
00000000000000000000000000001000000000000000000000000000001000000000100000000000000000000000000000000000000000000000000000000000
00000000000000000000000000000000000000000000000000000000000000000001000001000010000000000000000000000000000000000000000000000000
00000000000000000000000000000000000100000000000000000000000000100000000000000000000000000000000000000000000000000000000000000000
00000000000000000000000000000000000000000000000000010000010000000000001000000000000000000000000000000000000000000000000001000000
00000100000000000000000000000000000000000000000000000000000000000000000000000000000000000000001000000000000000000000000011100000
00001110000000000000000000000000000000000000000000000000000000000000000000000000000000000000000000000000000000000000000001000000
00000100000033300300000330030003033330333000000000003000000000000000000000000000003330003300300003000000000030000000000000000000
00000000000030030300003003003030030000300300000000033000000000000010000000000000003003030030300003000000000330000000000000000000
00000000000030030300003003000300030000300300000000003000000000000000000000000000003330030030300003000000000030000000000000000000
00000000000033300300003333000300033300333000000000003000000000100000000001000000003003033330300003000000010030000000000000000000
00000000000030000300003003000300030000303000000010003000000000000000000000000000003003030030300003000000000030000000000000000000
00000000000030000333303003000300033330300300000000003000000000000000000000000000003330030030333303333000000030000000000000000000
00000000000000000000000000000000000000000000000000000000000000000001000000000001000000000000000000000000000000000000000000000000
