00000000000000000000000000000000000000000000000000000000000000000000000000000000000000000000000000000000000000000000000000000000
00000000000000000000000000000000000000000000000000000000000000000000000000000000000000000000000000000000000000000000000000000000
00000000000000000000000000000000000000000000000000000000000000000000000000000000000000000000000000000000000000000000000000000000
00000000000000000000000000000000000000000000000000000000000000000000000000000000000000000000000000000000000000000000000000000000
00000000000000000000000000000000000000000000000000000000000000000000000000000000000000000000000000000000000000000000000000000000
00000000000000000000000000000000000000000000000000000000000000000000000000000000000000000000000000000000000000000000000000000000
00000000000000000000000000000000000000000000000000000000000000000000000000000000000000000000000000000000000000000000000000000000
00000000000000000000000000000000000000000000000000000000000000000000000000000000000000000000000000000000000000000000000000000000
00000000000000000000000000000000000000000000000000000000000000000000000000000000000000000000000000000000000000000000000000000000
00000000000000000000000000000000000000000000000000000000000000000000000000000000000000000000000000000000000000000000000000000000
00000000000000000000000000000000000000000000000000000000000000000000000000000000000000000000000000000000000000000000000000000000
00000000000000000000000000000000000000000000000000000000000000000000000000000000000000000000000000000000000000000000000000000000
00000000000000000000000000000000000000000000000000000000000000000000000000000000000000000000000000000000000000000000000000000000
00000000000000000000000000000000000000000000000000000000000000000000000000000000000000000000000000000000000000000000000000000000
00000000000000000000000000000000000000000000000000000000000000000000000000000000000000000000000000000000000000000000000000000000
00000000000000000000000000000000000000000000000000000000000000000000000000000000000000000000000000000000000002003000300000000000
00000000000013103000000000000000000000000210000000000030000010000000000000000000000000300000000000000000030000000000000032003000
00030000000001000000000000000000000003000000130000010000300000000000030300000000000000100000000120000000000000300000000010000000
00000000300000000000303000010000000000000030000000231000000003000000000000002100300000000000000130000000003000000003100000000000
00001300000000000000000000131030000000000000000000120000030000000000000000003100001000001310000000000000000000003000000000000000
03000000000000300000000000010000000000000000000000000000000000310000000000000000003000000200000000000000000030000000000003000000
01000000000000000000000030000000003000300000000030000003000300000000000003000000000000310000300000300000300010000000000000000000
00000000000000000300000000000000000000000003000000000000000000000030000000010000000000000000000000001100000000000000000000003000
30000000000000000000003000000000000000000000000000032000000000000000000000030000000000000000002000002300000300000000000000000000
10003000013003000000000000003000000000000000000000021000003000100000100300000000300000001300013100001100000000011000030031000001
00000100000000000003100000000000030000030000000000000000000000130000300100000210000003000000001000000000000000003100000000000023
10000000000000000001000000000000000000000130000000000000003000010000000000000310000000000000000000000000000300000000000000000011
03000000010000030000000000003000000000000010031000000000000000000000000000000000000000130000000000000010000010000000100000300000
00000000030000000000130000000000000000000000000000000300000300000003000003000003000000000000000001000031000000000000300000000000
00000000000000000000010000000000000300000000000000000030000000000000000000000001000000000000000003000001000000000000000000000000
00000300000000000000013000000000000000000130000000000000000000030000000000000000000000000030000000000000000000003000000000003000
30000110003000000300000000000000000000000000031000000000003000000000300000000000000000000000000031000000000300001100030000001000
