22222222222222233333333322222333333333222222222210000003000000000003000000000011222222222333333333333333233333333333333222221111
22222222222222223333333332222222222211100000110010000000000000000000000000001300000011000112223233333333333333333333333222222111
22222222332222222333333322211111000300000000310031030000000000000000000000000000000031000011001112212222223233333333333222222211
22222223333222222222232110000000000000002310000010000300003013000000001100000003000000000131000001000011222222333333333322222222
22222222333222221110132000100030000000001200000000000003000001003100003200030000000000000010000000000000100001223333333322222222
22222222223221100000010000300000030000000000000000000000000000012000300000000000003000000000000000000000000000011122333332222222
12222222221100000001000000000000000003000100000000000003000003000000000010000000000000300030000000000000030000300001122233222222
11111122210000000000000300000000000000000300301200300000000000000000000030000000000000000000031131030000000000000000011222222222
11111111000000031000000000000000003100000000002300000000000000000300000000000000000130000000000131000000000000000030000011222222
11110003000000000000030000030000001100000000001100000000000013000000003000003000000000000000000000000000000000000000000000111222
11000001000011000000000000000000000000000300000000000000110000000000000000000003000000000030030000000000021000000000000030000111
01300130000030000000000000000000000000000000000000110012320000000000000000000000000000000000000000022003132003000300000100000111
00000000000000000310000300000000000030000000000000330000210130013000000030000000000003100000000100023100010000000000000000000300
00000000000000000000000000000011000000000000003000220000000000000000000000000002200000000000000300001000000000000000000000000000
13003001300000000000000000300032000000002100000000000000000300300300000000030002300000000131000000000000000030030003000000000000
00000000100131031000000000000011000000003200000000000300000100000000000000000000000000000000000000000000100000000001000310030000
00300000000021000000000000000000000030000000300000000003000000000000003000000000000003000000001100000000300003000000000210000000
00100003000000000003030000100000000000000300000002310000000030000000301000021000000000000000002300000000000000000013000000000031
00013000000000000000000001310300000000000000000001310000300000000000000000032000000000002100000000000000030000030000000000000000
10001000000013000000000000210000000000000000000000000000000001300000000000000000030000013100000000000000000000010000000030000000
30000000000000000000000300000000031003000000000300000030003000000000000030000000000001300003100003000003000300000000000000000000
00000000000000003000000100000000000000000030000000000010000000000300000000100000000000000000000000011000000000000000000000031011
00000000000000001000030000000000000000000000000000320000000000000000000000300000000000000000010000023000003000000000000000011122
00030000130030000000010000010000000000000000000000220000030000000000001000000003000000013000231000011000000000010000300310112233
00000000000000000031000000030000300000000000000000000000000001300013003000002100000030001000120000000000000000031000100111223333
00000000000000000021000000000000000000301300000000000000030000100000000000003100000000000000000000000000003000000000011223333333
00000000030000100000000000000000000000000200320000000000000000000000000000000000000001300000000000000100000100000001112233333333
00000000000000300001300000000000000000000000000000003000003000000030000030000010000001100000000000000310000000001112222233333333
00000000000000000000100000000000003000000000000000000200000000000000000000000030000000000000000030000030000011122222222223333333
00000000000000000000111030000000000000001300000000000000000000300000000000001000000000001300000000000011112222222222222223333333
00000000000000000000011111000000000000000000310000000000010000000003000000000000000000000000000111111112222222222222222223333333
00000000000000000000000011111111111000000000000000000000030000000000000003000000000000011011111111111222222222222222222223333333
