11111111111100011111111111111110011111111111111111111111110000111110000000110000000000001111111000000001111110000001111000000001
11111111111111111111111111111110001111111111111111111111100330111100333330010333333333301111110033333301111111003301110033333301
11111111111111111111111111111111101111111111111111111111003330111003333333000333333333301111110333333301111110033001110333333301
11111111111111111111111111111111100000111111111111111111033330111033300033300000000033001111110330000001111100330011110330000001
11111111111111111111111111111111000000111111111111111111000330111033001003301111110033011111110330111111111003300111100330111111
11111111111111111110011111111110000000011111111111111111000330111033011103301111110330011111100330000011110033000111000330000011
11111111111111111102210011111110000000111111111111111111000330111000011103301111100330111111103333333011100333330010003333333011
11111111111111111033333201111111110001111111111111111111000330111111111003301111103300111111103333333001103333333000003333333001
11111111101111111133322331111111111100101111111111111111100330111111111033001111003301111111103300003300003330033300103300003300
10011111101110110233332233111111111110101111111111111111110330111111100033011111033001111111100001100330033300003330100001100330
00111111111110001332333233301111111000000111111111111111110330111111100330011110033011111111111101110330033001100330111111110330
01111111112110011231233233320111111000000011111111111111110330111111003300111110330011111111111100120330033011110330111111110330
01111111112211001231233223331111111100000001111111111111010330111110033001111100330111111111100000100330033001100330100011100330
00111111001111000133333333332001111111000001011111111100000330111100330011111103300111101111003000003300033300003330003001003300
10111111001111000023333333333100111110000000001111111010000330111003300000001003301111100000033300033301003330033300033300033300
11111111111111000013323331233200001111000000100011111110000330110033333333300033001111110330003333333001100333333001003333333001
11111111111110100012312331223200000001000000100001100110000330010333333333300333011111110330100333330011110033330011100333330011
11111111111110100000233332223300000000100000000001110010000000010000000000000000011111110000110000000111111000000111110000000111
11111111111101110000033333323200000000000000000000100001000000000000000111111111100111111110111111111111111111111111111101111000
11111111111100111010022333333100000000000000000000010000100000000000000001111111100001111110111111111111111111111110110001101000
11111111111100022110022333221000000000000000000000000000000000000000000001111111100000011110001111111111111111011100100000010000
11111111110012112210023332000000000000000000000000000000000000000000000000111111100000001010000100111111001110001100100000000000
11111111101122110110022320000000000000000000000000000000010000000000000000001111110000000000000101011110000111001100000000000000
00111111012221001111000000000000000000000000000000000000000000000000000000000100011000000000000001101111111111011100000000000000
00111111022000000000000000000000000000000000000000000000000000000000000000000000000000000000000000001111110000011100000000000000
10111111022033300300000330030003033330333000000000003000000000000000000000000000003330003300300003001111110030001110000000000000
11111111101030030300003003003030030000300300000000033000000000000000000000000000003003030030300003011111110330111110000000000000
10012211000030030300003003000300030000300300000000003000000000000000000000000000003330030030300003001100000030111110000000000000
10002221000033300300003333000300033300333000000000003000000000000000000000000000003003033330300003001100001030111100001111000000
00001211100030000300003003000300030000303000000000003000000000000000000000000000003003030030300003000010000030111100011111100000
10000111110030000333303003000300033330300300000000003000000000000000000000000000003330030030333303333010010030111100101111100000
10000111111000000000000000000000000000000000000000000000000000000000000000000000000000000000000000000010011000101111000010000001
