00000000000000000000000000000000000000000000000000000000000000000000000000000000000000000000000000000000000000000000000000000000
00000000000000000000000000000000000000000000000000000000000000000000000000000000000000000000000000000000000000000000000000000000
00000000000000000000000000000000000000000000000000000000000000000000000000000000000000000000000000000000000000000000000000000000
00000000000000000000000000000000000000000000000000000000000000000000000000000000000000000000000000000000000000000000000000000000
00000000000000000000000000000000003330000333333033333330330003300033330000333300033333003300033000000000000000000000000000000000
00000000000000000000000000000000033333000333333033333330333003300333333000333300333333303330033000000000000000000000000000000000
00000000000000000000000000000000333033300003300033000000333303303300033000033000330003303333033000000000000000000000000000000000
00000000000000000000000000000000330003300003300033333000333333303300000000033000330003303333333000000000000000000000000000000000
00000000000000000000000000000000333333300003300033000000330333303330033000033000330003303303333000000000000000000000000000000000
00000000000000000000000000000000330003300003300033333330330033300333333000333300333333303300333000000000000000000000000000000000
00000000000000000000000000000000330003300003300033333330330003300033330000333300033333003300033000000000000000000000000000000000
00000000000000000000000000000000000000000000000000000000000000000000000000000000000000000000000000000000000000000000000000000000
00000000000000000000000000000000000000000000000000000000000000000000000000000000000000000000000000000000000000000000000000000000
00000000000000000000000000000000000000000000000000000000000000000000000000000000000000000000000000000000000000000000000000000000
00000000000000000000000000000000000000000000000000000000000000000000000000000000000000000000000000000000000000000000000000000000
00000000000000000000000000000000000000000000000000000000000000000000000000000000000000000000000000000000000000000000000000000000
00000000000000000000000000000000330003303300033000333000000000003333333000333000330000000333333000333000000000000000000000000000
00000000000000000000000000000000330003303330033003333300000000003333333003333300330000000333333003333300000000000000000000000000
00000000000000000000000000000000330003303333033033303330000000003300000033303330330000000003300033303330000000000000000000000000
00000000000000000000000000000000330003303333333033000330000000003333300033000330330000000003300033000330000000000000000000000000
00000000000000000000000000000000333033303303333033333330000000003333300033333330330000000003300033333330000000000000000000000000
00000000000000000000000000000000333333303300333033000330000000003300000033000330333333000003300033000330000000000000000000000000
00000000000000000000000000000000033333003300033033000330000000003300000033000330333333000003300033000330000000000000000000000000
00000000000000000000000000000000000000000000000000000000000000000000000000000000000000000000000000000000000000000000000000000000
00000000000000000000000000000000000000000000000000000000000000000000000000000000000000000000000000000000000000000000000000000000
00000000000000000000000000000000000000000000000000000000000000000000000000000000000000000000000000000000000000000000000000000000
00000000000000000000000000000000000000000000000000000000000000000000000000000000000000000000000000000000000000000000000000000000
00000000000000000000000000000000000000000000000000000000000000000000000000000000000000000000000000000000000000000000000000000000
00000000000000000000000000000000000000000000000000000000000000000000000000000000000000000000000000000000000000000000000000000000
00000000000000000000000000000000000000000000000000000000000000000000000000000000000000000000000000000000000000000000000000000000
00000000000000000000000000000000000000000000000000000000000000000000000000000000000000000000000000000000000000000000000000000000
00000000000000000000000000000000000000000000000000000000000000000000000000000000000000000000000000000000000000000000000000000000
