00000000000000000000000000000000000000000000000000000000000000000000000000000000000000000000000000000000000000000000000000000000
00000000000000000000000000000000000000000000000000000000333330000000000000003000000330000003300000000003300000003333300000033000
00000000000000000000000000000000000000000000000000000003333333000000000000033000003330000033300000000033300000033333330000333000
00000000000000000000000000000000000000000000000000000033300033300000000000033000033330000333300000000333300000333000333003333000
00000000000000000000000000000000000000000000000000000033000003300000000000333000000330000003300000000003300000330000033000033000
00000000000000000000000000000000000000000000000000000000000003300000000000333000000330000003300000000003300000000000033000033000
00003333000000333333000033033003333300000033333300033330333003300330033003333000000330333003303330000303300003333030033033033000
00003333000000333333000033333003333330000033333300033330300033003330033033033000000330333303303333000303303003333000330033033000
00003111100000311111100331131103111110000031111110031111303333011311030033033000000330311103301111000303301303111033330111033000
00003111100000311111100331111103111111000031111110031111303333001111000330033000000330111103301111100303301103111033330011033000
00003111100000311111100311111103111111000031111110031111300033301111003330033000000330111103301111100303301113111000333011033000
00000111100000011111100311111100111111100001111110001111011003301111033300033000000330111103301111110003301110111130033011033000
00000111100000011111100311111100111111100001111110000000011103301111033333333330000330111103301111110003301100001131033011033000
00000311000000331111000311001100311031100033111100000330031003300011033333333330000330100303301103110003303103300000033001033000
00000311000000331011000311331100311331100033101100000333000033300000000000033000000330100303301100000003303103330000333001033000
00000311000000311331000311333300311301000031133100000033333333000330003113033000000330100303301100000003303100333333330000033000
00000311033000311331100311011110311111000031133110003000333330010330103111033000000330100303301100000003301100003333300100033000
00000311033000311111100311011110311110000031111110003110000000110000103111000000000000100300001100000000001110300000001100000000
00000311031103311111100311031100311031000331111110003110111103110311003110330000000031100311031103100031100310311000031100000000
00003311331133310033130311331103311031303331003313033110111103113311033113311000000031133311331103130331133313311000331100000000
00003311331133110033110311331103311031303311003311033110311103113311033113311000000031133311331103130331133313311000331100000000
00003111111131111031111311111103111131113111103111131111011103111111031111111000000031111111311113111311111113111100311110000000
00003111111131111031111011111103111131113111103111131111011100111111031111111000000001111111311113111311111113111100311110000000
00003111111131111031111011111103111131113111103111131111031100111111031111111000000001111111311113111311111113111100311110000000
00000111111000000000000000000000000000000011100111100011001100011111001111111000000000000000000000011011111000111100011110000000
00000111111033300300000330030003033330333001100111003011001100011111001111111000003330003300300003011011110030111100011110000000
00000000000030030300003003003030030000300300000000033000000000000000000000000000003003030030300003000000000330000000000000000000
00000000000030030300003003000300030000300300000000003000000000000000000000000000003330030030300003000000000030000000000000000000
00000000000033300300003333000300033300333000000000003000000000000000000000000000003003033330300003000000000030000000000000000000
00000000000030000300003003000300030000303000000000003000000000000000000000000000003003030030300003000000000030000000000000000000
00000000000030000333303003000300033330300300000000003000000000000000000000000000003330030030333303333000000030000000000000000000
00000000000000000000000000000000000000000000000000000000000000000000000000000000000000000000000000000000000000000000000000000000
