00000000000000000000000000001000000000000000000000010000000000000000000000000000000000000000000000000000000000000000000000000000
00000000000000000000000000000000000000003000000330000000000330000000333333000000333300000000000033330000000033330000033333333330
00000000000000000000000000000000000000033001003330000000003330000003333333000003333330000000000333333000000333333000033333333330
00000000000000000000000000000000000000033011033330000000033330000003300000000033000033000000003300003300003300003300000000003300
00000000000000000000000000000000000000333001000330000000000330000003301000000330000003300000033000000330033000000330000000003300
00000000000000000000000000000000010000333000000330000000000330000003300000000330000003300000033000000330033000000330000000033000
00000000000000000000000000000000000003333000000330000000000330001033333330000330000003300000033000000330033000000330000000033000
00000000000000000000000000000000000033033000000330000000000330000033333330000330100003300000033000000330033000000330000000330000
00000000000000000000010000000000000033033000000330000001000330000033000033000330000003300000033000000330033000000330000000330000
00000000000000000000000000000000000330033000000330000000000330000000000003300330000003300000033000000330033000000330000003300000
00000000000000000000000000000000003330033000000330000000000330000000000003300330000003300000033000000330033000000330000003300000
00000000000000000000000000000000033300033000000330000000000330000000000003300330000003300000033000000330033000000330000033000000
00000000000000000000000000000000033333333330000330000000100330000000000003300330000003300000033000000330033000000330000033000000
00000000100000000000000000000000033333333330000330000000000330000030010033000330000003300000033000000330033000000330000330000000
00000000000000000000000000000000000000033000000330000000000330000333000333000033000033000000003300003300003300003300000330000000
00000000000000000000000000000000000000033000000330000330000330000033333330000003333330000330000333333000000333333000003300000000
00000000000000000000010000000000000000033000000330000330000330000003333300000000333300000330000033330001000033330000033300100000
00000000000000000000000000000000000000000000100000010000000000000100000000000000000000000000000000000000000000000000000000000000
00000000000000000000000000000001000000000000000000000000001000100000000000000000000000000000000000000000000000000000000000000000
00000000000000000000000000000000000000000000000000000000000000000001000000001000000000000000000000000000000000000000000000000000
00000000000000000000000000000000000001000000000000000000000000100000000010000000000000000000000000000000000000000000000000000000
00000000000000000000000000000000000000000000000000000000100000000000000000000000000000000000000000000000000000000000000000000000
00000000000000000000000000000000000000000000000000010000000000000000010000000000000010000000000000000000000000000001000000000000
00000000001000000000000000000000000000000000000000000000000000000000000000000000000000000001000000000000000000000000000000000000
00000000000000000000000000000000000000000001000000000000000000000010000000000000100000000000000000000000000000000000000000000000
00000000000033300300000330030003033330333000000000003000000000000000000000000000003330003300300003000000000030000000000000000000
00000000000030030300003003003030030000300300000000033010000000100000000000000000003003030030300003000000000330000000000000000000
00000000000030030300003003000300030000300300000001003000000000000000000010000000003330030030300003001000000030000000000000000000
00000000000033300300003333000300033300333000000000003000000000000000000000000000003003033330300003000000000030000000000000000000
00000000000030000300003003000300030000303000000000003000000000000001000000000000003003030030300003000000000030000000000000000000
00000000000030000333303003000300033330300300000000003000000000000000000000000100003330030030333303333000000030000000000000000000
10000000000000000000000000000000000000000000000000000000100000010000000000000000000000000000000000000000000000000000000000000000
