22222222222211221222122110100111000000000000110001111111111110111111111112222222211111122221112222222222222222122211211111121111
22222222222211211222122111000011000000000000000001111111111111111111111111222222211111112121111211222222112221112211211111111110
22222222222222211222222100000000000000000011010000111111121111111111111111112222221111111111111212122221111222112211111111111110
11222222222222222222222100000000000000000011110000111111111111111111111111111211122111111111111112212222222222122211111111111110
11200000000000000022222111000000000000100000000000011110000000001111111111111111112111111111111111112222000000002211100000000100
21203333333333333102220000000000000000000333333320011102333333301111110000000011111111111100000000112222033333302221023333330110
22203133133313313200200122221000000000000313313320001103331331301111100122221001111111111001222210022220231331310220223133130100
21103333333333333220013333333310000000000333333331000003333333301110013333333310111111100133333333102202233333330202223333330110
21101133333333311222233333333333100000000333333332000013333333300002233333333333111111022333333333331022233333331022213333330110
11002131333331311122233333333333300000000333333332000023333333300022233333333333301110222333333333333022133333332222113333330100
21001033333333321122223333333333320000000333333333000033333333300122223333333333320101222233333333333221133333333221113333330100
21111033333333321122223333333333331000000313333313100131333331300122223333333333331001222233333333333321131333313311113133130100
22221033333333321122222233333333333100000333333333100233333333301122222233333333333101222222333333333331133333333331113333330100
22222033333333321122222233333333333100000333333333200333333333301122222233333333333101222222333333333333133333333333113333330100
22222031333331321122222223333333333100000333333333200333333333301122222223333333333301222222233333333333133333333333313333330111
22222033333333231122222222333333333100000333333233311333323333301122222222333333333301222222223333333333133333333331323333330111
21222033333332231112222223333333333200000333333222211333223333301112222223333333333301122222233333333332133333332333333333320100
21122033333322231111122222223333333200000313312221222313222131301111122222223333333201111222222233333332133333322333333333220100
21212033333222231111122222222322322100000333322122222332212333201111122222222322322201111222222223223222131333121331333332120000
22222031332221231111111222222222222011110333222112222222112332201111111222222222222001111112222222222221133332221133333322220100
12222033322222233111111222222222222022110332222112222231112322200111111222222222222000111112222222222221133322221113333222220100
12200033222222233311111111222222221222220222222102222231012222200111111111222222221000111111112222222211133222221113332222220100
22202222222222222211111111112122210333330222222102232221012222200011111111112122210000011111111121222111122222221111322222220100
22202122122221221231111111111111103333330212212102122121012121200001111111111111100000001111111111111011122222221111132222220100
22202222222222222233111111111110033333330222222102222221012222200000111111111110000000000111111111100011121222120111112122120111
22200111111111111113311111111100333333330111111101111111011111100000001111111100000000000001111111000011122222220011112222220122
22222011111111111111300000000033333333330011111100111111011111000000000000000000000000000000000000000011111111100001111111110122
22222200000000000000002233333333333333333000000003000000300000011111000000000000000000000000000000000011111111001200111111100222
22222222222223322222222233333333333333333333333333333333333333322121000000000000000000000000000000000000000000001220000000001222
22222222222222322222222333333333333333333333333333333333333333333222111100000000000000000000000000011100001111111122111222222222
22222222222222222222222333333333333333333333333333333333333333333333222110000000000000000000000000011000100111012112112222222222
22222222222222222222222322333333233333333333333333333333333333333333332221000000000000000000000000000000111111001211112222222222
