22222222222211222222222100000110000000111111111001121111211111011111111112222222211112222221222222222222222222222221221112212111
22222222222211221222122110100111000000000000110001111111111110111111111112222222211111122221112222222222222222122211211111121111
22222222222211211222122111000011000000000000000001111111111111111111111111222222211111112121111211222222112221112211211111111110
22222222222222211222222100000000000000000011010000111111121111111111111111112222221111111111111212122221111222112211111111111110
11200000000000000022222100000000000000000000000000111110000000001111111111111211122111111111111112212222000000002211100000000110
11203333333333333102220000000000000000100333333320011102333333301111110000000011112111111100000000112222033333302211023333330100
21203133133313313200200122221000000000000313313320011103331331301111100122221001111111111001222210012220231331310220223133130110
22203333333333333220013333333310000000000333333331001103333333301110013333333310111111100133333333102202233333330202223333330100
21101133333333311222233333333333100000000333333332000013333333301102233333333333111111022333333333331022233333331022213333330110
21113131333331311122233333333333300000000333333332000023333333300022233333333333301110222333333333333022133333332222113333330110
11002033333333321122223333333333320000000333333333000033333333300122223333333333320101222233333333333221133333333221113333330100
21001033333333321122223333333333331000000313333313100131333331300122223333333333331001222233333333333321131333313311113133130100
21111033333333321122222233333333333100000333333333100233333333301122222233333333333101222222333333333331133333333331113333330100
22221033333333321122222233333333333100000333333333200333333333301122222233333333333101222222333333333333133333333333113333330100
22222031333331321122222223333333333100000333333333200333333333301122222223333333333301222222233333333333133333333333313333330100
22222033333333231122222222333333333100000333333233311333323333301122222222333333333301222222223333333333133333333331323333330111
22222033333332231112222223333333333200000333333222211333223333301112222223333333333301122222233333333332133333332333333333320111
21222033333322231111122222223333333200000313312221222313222131301111122222223333333201111222222233333332133333322333333333220100
21122033333222231111122222222322322100000333322122222332212333201111122222222322322201111222222223223222131333121331333332120100
21212031332221231111111222222222222010000333222112222222112332201111111222222222222001111112222222222221133332221133333322220100
21212033322222233111111222222222222010000332222112222231112322200111111222222222222000111112222222222221133322221113333222220000
22200033222222233311111111222222221211110222222102222231012222200111111111222222221000111111112222222211133222221113332222220100
12202222222222222211111111112122210222110222222102232221012222200011111111112122210000011111111121222111122222221111322222220100
12202122122221221231111111111111102222220212212102122121012121200001111111111111100000001111111111111011122222221111132222220100
22202222222222222233111111111110033333330222222102222221012222200000111111111110000000000111111111100011121222120111112122120100
22200111111111111113311111111100333333330111111101111111011111100000001111111100000000000001111111000011122222220011112222220100
22222011111111111111300000000033333333330011111100111111011111000000000000000000000000000000000000000011111111100001111111110111
22222200000000000000003333333333333333333000000003000000200000000000000000000000000000000000000000000011111111001100111111100122
22222222222222222222223333333333333333333333333333333333333222110000000000000000000000000000000000000000000000001110000000000122
22222222222222222222222233333333333333333333333333333333333322211111000000000000000000000000000000000000011111111222111222100222
22222222222223322222222233333333333333333333333333333333333333322121000000000000000000000000000000000000011111111222111222111222
22222222222222322222222333333333333333333333333333333333333333333222111100000000000000000000000000011100001111111122111222222222
