00011112222222223333333333333222222212333221222333333333333333333333333333322222211112233222222222222222210000000011012222211110
00111112222222233333333333333222222111333222223333333333333333333333333333322222222111223222222222222222210000000001112222211110
00111112222222233333333333333322222111233222123333333333333333333333333333322222222210123222222222222222220000000001112222211110
01111122222222233333333333333333222222222221123333333333333333333333333333322222222210123222222222222222220000000000122222211110
01111122222222333333333333333333322222222221123333333333333333333333333333322222222110123222222222222222220000000000112222221110
01111122222222333333333333333333332222222222222233333333333333333333333333322222222110123222222222222222221000000000012222221110
01111122222222333333333333333333332222222222222233333333333333333333333333322222222110123222222222222222221000000000012222221110
01111122222222333333333332222233333222222222222333333333333333333333333333322222222210233222222222222222221000000000012222221110
01111222222222333333322222000123333322222222222333333333333333333333333333322222222210233322222222222222321000000000122222222110
01111222222223333333222111000012333333322222222333333333333333333333333333332222222221122332222222222223320000000001122222222110
01111222222223333332221100000001233333333333333333333333333333333333333333332222222222112333222222222223220000000001222222222110
01111222222223333332211000000000123333333333333333333333333333333333333333333222222222112333222222222223210000000001222222222110
01111222222223333322210001110000013333333333333333333333333333333333333333333222222222111233322222222222110000000001222222222110
01111222222223333322210112110000013333333333333333333333333333333333333333333322222222221223332222222222100000000001222222222110
01111222222223333322210123221111013333333333333333333333333333333333333333333322222122221123333222222221000000000011222222222110
01111222222223333322210123321111013333333333333333333333333333333333333333333332222211221123333333332210000000000112222222222110
01111222222223333322210123321110013333333333333333333333333333333333333333333333222211221223222222211100000000000122322222222110
01111222222223333322210123321100013333333333333333333333333333333333333333333333322221222222111110000000000000001223322222222110
01111222222223333322210123321000013333333333333333333333333333333333333333333333332222222222111110000000000001122233322222222110
01111222222223333322211123321000123333333333333333333333333333333333333333333333333222222111111100000000000011223333322222222110
01111222222223333322211122321001233333333333333333333333333333333333333333333333333332222211111110000011110122333333322222222110
01111222222223333322212222211112333333333333333333333333333333333333333333333333333333222222211111111112221223333333322222222110
01111222222223333332222222110123333333333333333333333333333333333333333333333333333333333222222221222222222233333333322222222110
01111222222223333333222222101233333333333333332222222232333333333333333333333333333333333332222222222223333333333333322222222110
01111222222223333333322222222233333333333332221111111121233333333333333333333333333333333333333333333333333333333333322222222110
01111222222223333333332222222233333333333332211111111111233333333333333333333333333333333333333333333333333333333333322222222110
01111222222223333333333332222333333333333322111111111112233333333333333333333333333333333333333333333333333333333333322222222110
01111222222223333333333333333333333333333221111111111111223333333333333333333333333333333333333333333333333333333333322222222110
01111222222223333333333333333333333333333221111111111111223333333333333333333333333333333333333333333333333333333333322222222110
01111222222222333333333333333333333333333221111122222111222333333333333333333333333333333333333333333333333333333333222222222110
01111122222222333333333333333333333333333221110122222222221233333333333333333333333333333333333333333333333333333333222222221110
00111122222222333333333333333333333333333222110112222322221223333333333333333333333333333332222222233333333333333333222222221110
