00000000000000000000000000000000000000000000000000000000000000000000000000000000000000000000000000000000000000000000000000000000
00000000000000000000000000000000000000001000000000000000333330000000000330000000000030000003300000000003300000033000000000003000
00000000000000000000000000000000000000000000000000000003333333000000003330000001000330000033300000000033300000333000000000033000
00000000000000000000000000000000000000000000000000000033300033300000033330000000000330000333300000000333300003333000000000033000
00000000000000000000000000000100000000000000000000000033000003300100000330000000003330000003300000000003300000033000000010333000
00000000000000000000000000000000000000000000000100000033000003300000000330000000003330000003300000000003300000033000000000333000
00000000000000000000000000000000000000000000000000000000000003300000000330000000033330000003300000000003300000033000000003333000
00000000000000010000000000000000000001000000000000000010000003300000000330000000330330000003300000000003300000033000000033033000
00000000000000000000000000000000000000000000000000000000000033000000000330000000330330000003300000000003300000033000000033033000
00000000000000000000000000000000000000000000000000000000000033000000000330000003300330000003300000000003300000033000000330033000
00000000000000000000000000000000000000000000000000000000000330000000000330000033300330000003300000010003300000033000003330033000
00000000000000000000000000000000000000000000000000000000003300000000000330000333000330000003300000000003300000033000033300033000
00000000000000000000000000000100000000000000000000000000033000100000100330000333333333300003300000000003300000033000033333333330
10000000000000000000000000000000000000000000010000000000330001000100000330000333333333300003300000000003300000033000033333333330
00000000000000000000000000000000000000000000000000000003300000000000000330000000000330000003300000000003300000033000000000033000
00000000000000000000000000000000000000000000000000000033333333300330000330000000000330000003300003300003300000033000000000033000
00000000000000000000000000000000000000000000000000000333333333300330000330000000000330000003300003300003300000033000000000033000
00000000000000010000000000000000000000000010000000000000000000000000000000100000000000000000000000000000000000000000000000000000
00000000000000000000000000000000000000000000000000100000001000000000001000000000000000000000000000000000000000000000000000000000
00000000000000000000000000000000000000000000000000000000000000100000100000000000000000000000000000000000000000000000000000000000
00000000000000000000000000100000000000000000000000000000000000000001000000100000000000000000000000000000000000000000000000000000
00000000000000000000000000000000010000000000000000000000000000000000000001000001000000000000000000000000000000000000000000000000
00000000000000000000000000000000000000000000000000000000100000100000001000000000000000000000000000000000000000000000000000000000
00000000000000000000000000000000000000000000000000010000000000000000000000000000000000000000000000000000000000000000000000001000
00010000000000000000000000000000000000000000000000000000000000000000000000000000000000000000000000000000000000000000000000011100
00111000000033300300000330030003033330333000000000003000000000000000000000000000003330003300300003000000000030000000000000001000
00010000000030030300003003003030030000300300000000033000000000000010000000000000003003030030300003000000000330000000000000000000
00000000000030030300003003000300030000300300000000003000000000000000000000000000003330030030300003000000000030000000000000000000
00000000000033300300003333000300033300333000000000003000000000100000000000100000003003033330300003000000000030000000000000000000
00000000000030000300003003000300030000303000000100003000000000000000000001110000003003030030300003000000000030000000000000000000
00000000000030000333303003000300033330300300000000003000000000000000000000100000003330030030333303333000000030000000000000000000
00000000000000000000000000000000000000000000000000000000000000000000000000000000000000000000000000000000000000000000000000000000
