00000000000000000011112222222333333332221111133333333333333333333333333332222211121111222222110000000001221111000000000000000000
01000000000000000011112222223333333332221111133333333333333333333333333332222211133222222222210000000001222111100000000000000000
00000000000010000111122222223333333322211122111112333333333333333333333332222211123222222222211000000001222211100000000000000000
00000000000000000111122222233333333322220123211111233333333333333333333322222111233222222222221000000011122211100000000000000000
00000011000000000111222222233333333322221123321111233333333333333333333322222112333222222222222100000010022211110000000000000000
00000000000000001111222222233333333322222212332112233333333333333333333322222112233222222222222100000010022221110000000000000000
00000000000000001111222222333333333332222112332222333333333333333333333322222211123222222222222200000001122221110000000000000000
00000000000000001112222222333333333333222112322212333333333333333333333322222221023222222222222200000001122221110000001000000000
00000000000000011112222223333333333333322222222112333333333333333333333322222221023222222222222200000000122221110000000000000100
00000000000000011112222223333333333333333222222222233333333333333333333322222221123222222222222200000000022222110000000000000000
00000000000000011112222223333333333333333222222222233333333333333333333322222221123222222222222200000000022222110000000000000000
00000000000000011112222223333332221112333322222222233333333333333333333322222221133222222222222200000000122222110000000000000000
00000000000000011122222223333322110001233333222222333333333333333333333332222221122322222222223200000001222222110000000000000000
00000000000000011122222223333221100000123333333333333333333333333333333332222222112332222222222200000001222222110010000000000000
00000000000000011122222233333221000000012333333333333333333333333333333332222222212333222222222100000001222222210000000000000000
00000000000000011122222233332220011100002333333333333333333333333333333333222222211233322222221000000001222222210000000000000000
00000000000000011122222233332220123211102333333333333333333333333333333333322222221133332222211000000012322222210000000000000000
00000000000010011122222233332220123311102333333333333333333333333333333333332221221133333332100000000122322222210000000000000000
00000000000000011122222233332220123211002333333333333333333333333333333333332221122221111100000000000123322222210000000000000000
00000000000000011122222233332220123210002333333333333333333333333333333333333222222221111000000000012233322222210000000000000000
00000000000000011122222233332221123210012333333333333333333333333333333333333332222111111000000001223333322222210000000000000000
00001000000000011122222233332211222211123333333333333333333333333333333333333333222221111001111112233333322222210000000000000000
00000000000000011122222233333222222111233333333333333333333333333333333333333333332222222111222222333333322222210000000000000000
00000000000000011122222233333322221112333333333332222222223333333333333333333333333332222222233333333333222222210000100000000000
00000000000000011122222223333332222223333333333221110011122333333333333333333333333333333333333333333333222222210000000000000000
00000000000000011122222223333333322223333333333211111111123333333333333333333333333333333333333333333333222222110000000000000000
00000000000000011122222223333333333333333333332111111111122333333333333333333333333333333333333333333333222222110000000000000000
00000000000000011122222223333333333333333333332111111111122333333333333333333333333333333333333333333333222222110000000000000000
00000000100000011112222223333333333333333333332211122222222233333333333333333333333333333333333333333333222222110000000000000000
00000000000000001112222223333333333333333333332211112223222122333333333333333333333332222223333333333332222222110010000000000100
00000000000000001112222222333333333333333333332221112223322222333333333333333333333222222222333333333332222221110000000000000000
00000000000000001111222222333333333333333333333222112212222222233333333333333333332222221122223333333332222221110000000000000000
