00000000000000000000000000000000000000000000000000000000000000000000000000000000000000000000000000000000000000000000000000000000
00000000000000000000000000000000000000000000000000000000000000000000000000000000000000000000000000000000000000000000000000000000
00000000000000000000000000000000000000000000000000000000000000000000000000000000000000000000000000000000000000000000000000000000
00000000000000000000000000000000000000000000000000000000000000000000000000000000000000000000000000000000000000000000000000000000
00000000000000000000000000000000000000000000000000000000000000000000000000000000000000000000000000000000000000000000000000000000
00000000000000000000000000000000000000000000000000120000221000000000000000000000000000000000000000000000000000000000000000000000
00000000000000000000000000000000000000000000000012330000333200000000000000000000000000000000000000000000000000000000000000000000
00000000000000000000000000000000000000000000000233330000333300000000000000000000000000000000000000000000000000000000000000000000
00000000000000000000000000000000000000000000000033330000333300000000000000000000000000000000000000000000000000000000000000000000
00000000000000000000000000000000000000000000000033330000333300000000000000000000000000000000000000000000000000000000000000000000
00000000000000000000000000000013332000000000000033330000333300000000000000000000000000000000000000000000000000000000000000000000
00000000000000000000000000000033333200000001000033310000111100000000000000000000000000000000000000000000000000000000000000000000
00000000000000000000000000000133223310000000000033320000111000000000000000000000000000000000000000000000000000000000000000000000
00000000000000000000000000000122212300000000000033330000033000000000000000000000000000000000000000000000000000000000000000000000
00000000000000000000000000000122111200000000000300000000000000000000000000000000000000000000000000000000000000000000000000000000
00000000000000000000000000000011111200000000000300003000000000033000000000000000000000000000000000000000000000000000000000000000
00000000000000000000000000000000111110000000003300003300000000333300000000000000000000000000000000000000000000000000000000000000
00000000000000000000000000000000111121000000032300003330000003333330000000000000000000000000000000000000000000000000000000000000
00000000000000000000000012322111111122122223322333333333333323333330000000000000000000000000000000000000000000000000000000000000
00000000000000000000001223333212121111110133323333333333323332333320000000000000000000000000000000000000000000000000000000000000
00000000000000000000002212222111000000100033233333333333233333233310000000000000000000000000000000000000000000000000000000000000
00000000000000000000001111221001000000000123233333333332333333233310000000000000000000000000000000000000000000000000000000000000
00000000000000000000001100111000000001111222233333333332333333233200000000000000000000000000000000000000000000000000000000000000
00000000000000000000001100000001111111122212223333333332333332233100000000000000000000000000000000000000000000000000000000000000
00000000000000000000000000000000000000000011222333300033333332233100000000000000000000000000000000000000000000000000000000000000
00000000000011100100000110010001011110111000232333001033222322332000000000000000001110001100100001000000000010000000000000000000
00000000000010010100001001001010010000100100023333011022323222321000000000000000001001010010100001000000000110000000000000000000
00000000000010010100001001000100010000100100012222001022222222210000000000000000001110010010100001000000000010000000000000000000
00000000000011100100001111000100011100111000001221201022222222100000000000000000001001011110100001000000000010000000000000000000
00000000000010000100001001000100010000101000000012201022222221000000000000000000001001010010100001000000000010000000000000000000
00000000000010000111101001000100011110100100000001201022211100000000000000000000001110010010111101111000000010000000000000000000
00000000000000000000000000000000000000000000000000000000000000000000000000000000000000000000000000000000000000000000000000000000
