00000000000000000000000000000000000000000000000000000000000000000000000000000000000000000000000000000000000000000000000000000000
00000000000000000000000000000000000000000000000000000000000000000000000000000000000000000000000000000000000000000000000000000000
00000000000000000000000000000000000000000000000000000000000000000000000000000000000000000000000000000000000000000000000000000000
00000000000000000000000000000000000000000000000000000000000000000000000000000000000000000000000000000000000000000000000000000000
00000000000000000000000000000000000000000000000000000000000000000000000000000000000000000000000000000000000000000000000000000000
00000000000000000000000000000000000000000000000000000000000000000000000000000000000000000000000000000000000000000000000000000000
00000000000000000000000000000000000000000000000000000000000000000000000000000000000000000000000000000000000000000000000000000000
00000000000000000000000000000000000000000000000000000000000000000000000000000000000000000000000000000000000000000000000000000000
00000000000000000000000000000000000000000000000000000000000000000000000000000000000000000000000000000000000000000000000000000000
33333330333333303333330033333300033333003300033000000000333333300033300000333300330000003300033033333300333333300000000000000000
33333330333333303333333033333330333333303330333000000000333333300333330000333300330000003300033033333330333333300000000000000000
33000000330000003300033033000330330003303333333000000000330000003330333000033000330000003300033033000330330000000000000000000000
33333000333330003333333033003330330003303333333000000000333330003300033000033000330000003300033033003330333330000000000000000000
33000000330000003333330033333000330003303303033000000000333330003333333000033000330000003330333033333000330000000000000000000000
33333330333333303300000033033300333333303300033000000000330000003300033000333300333333003333333033033300333333300000000000000000
33333330333333303300000033003330033333003300033000000000330000003300033000333300333333000333330033003330333333300000000000000000
00000000000000000000000000000000000000000000000000000000000000000000000000000000000000000000000000000000000000000000000000000000
00000000000000000000000000000000000000000000000000000000000000000000000000000000000000000000000000000000000000000000000000000000
00000000000000000000000000000000000000000000000000000000000000000000000000000000000000000000000000000000000000000000000000000000
00000000000000000000000000000000000000000000000000000000000000000000000000000000000000000000000000000000000000000000000000000000
00000000000000000000000000000000000000000000000000000000000000000000000000000000000000000000000000000000000000000000000000000000
00000000000000000000000000000000000000000000000000000000000000000000000000000000000000000000000000000000000000000000000000000000
00000000000000000000000000000000000000000000000000000000000000000000000000000000000000000000000000000000000000000000000000000000
00000000000000000000000000000000000000000000000000000000000000000000000000000000000000000000000000000000000000000000000000000000
00000000000000000000000000000000000000000000000000000000000000000000000000000000000000000000000000000000000000000000000000000000
00333300003330003300033033000330033333000333333000000000003333000333330033000330033333300033330033000330330003303333333000000000
03333330033333003330033033300330333333300333333000000000033333303333333033300330033333300033330033300330330003303333333000000000
33000330333033303333033033330330330003300003300000000000330003303300033033330330000330000003300033330330330003303300000000000000
33000000330003303333333033333330330003300003300000000000330000003300033033333330000330000003300033333330330003303333300000000000
33300330333333303303333033033330330003300003300000000000333003303300033033033330000330000003300033033330333033303300000000000000
03333330330003303300333033003330333333300003300000000000033333303333333033003330000330000033330033003330333333303333333000000000
00333300330003303300033033000330033333000003300000000000003333000333330033000330000330000033330033000330033333003333333000000000
