12112223333321112221222222222221111123333333333333333333333333333333333333111112333322210000000000000000000000000122323333332100
12211222222221112222112111222221111233333333333333333333333333333333333332001111333333332110000000000000000000012233333333233200
13222223211111111121111111112111111333333333333333333333333333333333333331210111332112332332100000000000000001233333333333333200
13323333211111111111111111111111112333333333333333333333333333333333333333210111232101111233211122110000000012333333333333333200
13332222111111111111111111111111113333333333333333333333333333333333333333201111122211011022111133332211000223333333333333333200
13322221111111110001111111111111013333333333333333333333333333333333333333222211113221111121011223222333112333333333333333333200
12222221121111111000111111111110023233333333333333333333333333333333333333333321112332211010121123210122212333332233333333333200
01111111111111111100111111111110023233333333333333333333333333333333333333333332221123321100121122210001112332332122233333333200
00000000010011111110011111111100122223233333333322233333333333333333333333333333333111233322232111320001112221221111122333333200
00000000001111111100001111111100112222223333333322222333333333333333333333333333333111123333333322222000001121110101112233333200
00000000001101101000001111111100122222222333333223332222333333333333333333332223333101113333333333212222102122210101111123223200
00000000001111111000000000000000000000000000000233322232333333333333333333332222333201113333333333321123323223322110000123323200
00000000000001110033300333330033300333300333330323322232333333333333333333331212222111113333332223321113333333212322110112323200
00000000011111100300030003000300030300030003000222233333333333333333333333321111111111222322232233201113333233212333320001332200
00000000001000000300000003000300030300030003002222223323333333333333333333322222211111233321111111111213332122233332322101232200
00011111111111010033300003000300030333300003002222222222233333333333333333333333333223333322221011112311211112222221210001232200
01111010000110100000030003000333330303000003002222222223333333333333333333333333333333333333332223333332222223310000000000232100
01111110001111100000030003000300030300300003002222223223333333333333333333333333333333333333333333333333333333210000000011132100
01111111111111110300030003000300030300030003002222222223333333333333233333333333333333333322333333333222333332110000000010132200
11111111111111110033300003000300030300003003002222222222333333333333333332112333333333332111233333333111333332000000000010132200
11111110111111000000000000000000000000000000002222222222333333333333333331001233333333332100023333333210233333100000000001232200
01111111111110000001000000100000000122222222222222222223333333333333333321000133333333333210002333333320123333200000000001222200
01111111111110110001000011000000000112222222222122222223333333333333333320101013333333333320001233333332012333320000000001322200
01112111111111100001100011111001001112222222222222222233333333333333333332001112333333333332100133333333101333332000000012222200
12112121121100000000000000000000000000000000002222200033333333333333333332100111233000000000000000000033310000332000000012223200
11122222221000330300300330003300333000330033300222003033333333333333333333310111120333000330030000033003320030322000000122223200
02222222221000030300303003030030300303003030030222033022333333333333333333321011110300303003030000300303210330210000001222233100
01222222322000030300303000030030300303003030030332003032333333333333333333332101110333003003030000300301000030111111112222222100
12222210121000030300303033033330300303003033330222303033333333333333333333333100120300303003030000333300001030111122222222222100
12222210001030030300303003030030300303003030300333303033332223333333333333331000120300303003030000300300000030222222222222222100
12222221000003300033000330030030333000330030030322203021111123333333333333210000010333000330033330300300000030221112222221222200
12222221000000000000000000000000000000000000002211100010011233333332222211100000000000000000000000000000000000121002222222212100
