22222222221112222222222222222222222222222333320000000000000000000000000000000001111122232222233333333333322221111111001221222222
11222222222111122222222222222222222222222223322210000000000000000000000000000012211222222223233333333333322211101111111221222222
11222222222111112222222222222222222222222222333221000000000000000000000000000022211222222223223333333333222211111111111222222222
11222222222221212222222222222222222222222222223332100000000000000000000000000022211222222223223333333332222221111111111332122222
11200000000000000022222222222222222222220000000000210000000000000000000000000222211222222223222333333322000000001111100000000222
11103333333333333102220000000022222222220333333320322102333333300000000000000022212222222300000000333321033333301111023333330222
11103133133313313200200122221002222222220313313320333203331331300000000122221002211222222001222210033220231331310110223133130222
11103333333333333220013333333310222222220333333331033303333333300000013333333310211222200133333333103202233333330102223333330222
11101133333333311222233333333333122222210333333332022313333333300002233333333333111222022333333333331022233333331022213333330222
11111131333331311122233333333333302222220333333332022023333333300022233333333333301220222333333333333022133333332222113333330222
11111033333333321122223333333333320222220333333333022033333333300122223333333333320201222233333333333221133333333221113333330222
11111033333333321122223333333333331022220313333313122131333331300122223333333333331001222233333333333321131333313311113133130222
11111033333333321122222233333333333102220333333333103233333333301122222233333333333101222222333333333331133333333331113333330222
11111033333333321122222233333333333102220333333333202333333333301122222233333333333101222222333333333333133333333333113333330222
11111031333331321122222223333333333102210333333333202333333333301122222223333333333301222222233333333333133333333333313333330222
11111033333333231122222222333333333102220333333233311333323333301122222222333333333301222222223333333333133333333331323333330210
22111033333332231112222223333333333202220333333222211333223333301112222223333333333301122222233333333332133333332333333333320222
22112033333322231111122222223333333202220313312221222313222131301111122222223333333201111222222233333332133333322333333333220222
22222033333222231111122222222322322102220333322122222332212333201111122222222322322201111222222223223222131333121331333332120222
22222031332221231111111222222222222022220333222112222222112332201111111222222222222001111112222222222221133332221133333322220222
22222033322222233111111222222222222022220332222112222231112322200111111222222222222000111112222222222221133322221113333222220122
22200033222222233311111111222222221222220222222102222231012222200111111111222222221000111111112222222211133222221113332222220122
22202222222222222211111111112122210222220222222102232221012222200011111111112122210200011111111121222111122222221111322222220223
22202122122221221231111111111111102222220212212102122121012121202001111111111111102220001111111111111011122222221111132222220223
22202222222222222233111111111110022222220222222102222221012222202200111111111110022222000111111111100011121222120111112122120222
22200111111111111113311111111100222222220111111101111111011111102220001111111100222222220001111111002011122222220011112222220222
22222011111111111111300000000022222222220011111100111111011111002222200000000002222222222200000000001011111111100001111111110222
22222100000000000000002222222222222222222000000002000000200000022222222222222222222222222222222222001011111111000100111111100222
22222100023322222222222222222222222222222222222222222222222222222222222222222222222222222222222222001000000000001220000000002222
22222100012222222222222222222222222222222222222222222222222222222222222222222222222222222222222222112222222222222222222222222222
22222210012222222222222222222222222222222222222222222222222222222222222222222222222222222222222222222222222222222222222222222222
22222222222222222222222222122222222222222222222222222222222222222222222222222222222222222222222222222222222222222222222222222222
