22222222222222221000000000000000000000000000000000000000000000001223333333333333333321100000000000000000000000111111100122222210
22222222222222220000000000000000000000000000000000000000000000000001233333333333333322211000000000000000000000001111110122222212
22222222222222220000000000000000000000000000000000000000000000000000123333333333333333221000000000000000000000001111110122222223
11222222222232220000000000000000000000000000000000000000000000000000001233333333333333321100000000000000000000000011111211222222
11200000000000000000000000000000000000000000000000000000000000000000000233333333333333322110000000000000000000000011100000000211
11103333333333333100000000000000000000000333333320000002333333300000000000000033333333333200000000000000033333300001023333330210
11103133133313313200000122221000000000000313313320000003331331300000000122221003333333333001222210000000231331310000223133130200
11103333333333333220013333333310000000000333333331000003333333300000013333333310333333300133333333100002233333330002223333330100
11101133333333311222233333333333100000000333333332000013333333300002233333333333133333022333333333331022233333331022213333330100
22122131333331311122233333333333300000000333333332000023333333300022233333333333303330222333333333333022133333332222113333330100
22221033333333321122223333333333320000000333333333000033333333300122223333333333320301222233333333333221133333333221113333330100
22222033333333321122223333333333331000000313333313100131333331300122223333333333331001222233333333333321131333313311113133130200
12222033333333321122222233333333333100000333333333100233333333301122222233333333333101222222333333333331133333333331113333330200
12222033333333321122222233333333333100000333333333200333333333301122222233333333333101222222333333333333133333333333113333330200
21222031333331321122222223333333333100000333333333200333333333301122222223333333333301222222233333333333133333333333313333330200
22222033333333231122222222333333333100000333333233311333323333301122222222333333333301222222223333333333133333333331323333330200
12222033333332231112222223333333333200000333333222211333223333301112222223333333333301122222233333333332133333332333333333320200
11222033333322231111122222223333333200000313312221222313222131301111122222223333333201111222222233333332133333322333333333220200
11122033333222231111122222222322322100000333322122222332212333201111122222222322322201111222222223223222131333121331333332120200
21222031332221231111111222222222222000000333222112222222112332201111111222222222222001111112222222222221133332221133333322220211
22222033322222233111111222222222222000000332222112222231112322200111111222222222222000111112222222222221133322221113333222220222
22200033222222233311111111222222221000000222222102222231012222200111111111222222221000111111112222222211133222221113332222220222
22202222222222222211111111112122210000000222222102232221012222200011111111112122210300011111111121222111122222221111322222220222
22202122122221221231111111111111100000000212212102122121012121200001111111111111103330001111111111111011122222221111132222220222
22202222222222222233111111111110000000000222222102222221012222200000111111111110013333000111111111100011121222120111112122120222
22200111111111111113311111111100000000000111111101111111011111100000001111111100002333330001111111003011122222220011112222220222
22222011111111111111300000000000000000000011111100111111011111000000000000000000002333333300000000033011111111100001111111110222
22222200000000000000002000000000000000000000000000000000000000000000000000000000002333333333333333333011111111000000111111100222
22222222122222222222233210000000000000000000000000000000000000000000000000000000001333333333333333333000000000000000000000002222
22222222222222222222223320000000000000000000000000000000000000000000000000000000001333333333333333333333221100000000121000011222
22222222222222222222222332000000000000000000000000000000000000000000000000000000001333333333333333333333321100000000121100012222
22222222222222222222222333210000000000000000000000000000000000000000000000000000001333333333333333333333321000000000011100012112
