22222222222200022222222222222222122222222222222222222222222222222222222222222222222222222222222222222222222222222222222222212222
22222222222200122222222222222221122222222222222222222222222222222222222222222222222222222222222222222222222221122222222222222222
22222222222222222222222222222221112222222222222222222222222222222222222222222222222222222222222222222222222222222222222222222222
22222222222222222222222222222222212222222222222222222222222222222222222222222222222222222222222222222222222222122222222222222222
22200000000000000022222222222222211111220000000000222220000000002222222222222222222222222222222222222222000000002222200000000222
22203333333333333102220000000022111111220333333320222202333333302222220000000022222222222200000000222222033333302222023333330222
22203133133313313200200122221001111111120313313320222203331331302222200122221002222222222001222210022220231331310220223133130222
22203333333333333220013333333310111111220333333331022203333333302220013333333310222222200133333333102202233333330202223333330222
22201133333333311222233333333333121112220333333332022213333333302202233333333333122222022333333333331022233333331022213333330222
22222131333331311122233333333333302211210333333332022023333333302022233333333333302220222333333333333022133333332222113333330222
21122033333333321122223333333333320221210333333333022033333333302122223333333333320201222233333333333221133333333221113333330222
11222033333333321122223333333333331011110313333313122131333331300122223333333333331001222233333333333321131333313311113133130222
12222033333333321122222233333333333101110333333333102233333333301122222233333333333101222222333333333331133333333331113333330222
12222033333333321122222233333333333101110333333333202333333333301122222233333333333101222222333333333333133333333333113333330222
11222031333331321122222223333333333102110333333333202333333333301122222223333333333301222222233333333333133333333333313333330222
21222033333333231122222222333333333101110333333233311333323333301122222222333333333301222222223333333333133333333331323333330221
22222033333332231112222223333333333202110333333222211333223333301112222223333333333301122222233333333332133333332333333333320222
22222033333322231111122222223333333202110313312221222313222131301111122222223333333201111222222233333332133333322333333333220222
22222033333222231111122222222322322101210333322122222332212333201111122222222322322201111222222223223222131333121331333332120222
22222031332221231111111222222222222000110333222112222222112332201111111222222222222001111112222222222221133332221133333322220111
22222033322222233111111222222222222000110332222112222231112322200111111222222222222000111112222222222221133322221113333222220111
22200033222222233311111111222222221000000222222102222231012222200111111111222222221000111111112222222211133222221113332222220111
22202222222222222211111111112122210000000222222102232221012222200011111111112122210100011111111121222111122222221111322222220110
22202122122221221231111111111111100000000212212102122121012121201001111111111111101110001111111111111011122222221111132222220110
11202222222222222233111111111110000000000222222102222221012222201100111111111110022111000111111111100011121222120111112122120110
11200111111111111113311111111100000000100111111101111111011111101110001111111100112111110001111111002011122222220011112222220100
21222011111111111111300000000000000000000011111100111111011111001111100000000001111111111100000000012011111111100001111111110110
22222200000000000000002211100000000000000000000000000000000000011111111111111111111111111111111111222011111111002200111111100100
21123322111232222222222211100000000000000000000000000000000111111111111111111111111111111111111111112000000000002220000000001110
21113332110122222222222211100000000000000000000000000000000010010001101111111111111111111111111111112211112222222211112222111110
11002322210012222222222221110000000000000000000000000000000000000000000001111111111111111111111111112221111222222211122222211100
21001222221112222222222221110000000000000000000000000000000000000000000001111111111111111111111111112221121222222211212222211100
