00000000000000000000000000000000000000000000000000000000000000000000000000000000000000000000000000000000000000000000000000000000
00000000000000000000000000033000000033333000000033333300000000033000000000003000000033330000000000003333000000033000000033333300
00000000000000000000000000333000000333333300000333333300000000333000000000033000000333333000000000033333300000333000000333333300
00000000000000000000000003333000003330003330000330000000000003333000000000033010003300003300000000333003330003333000000330000000
00000000000000000000000000033010003300000330000330000000000000033000000100333000033000000330000003300000033000033000000330000000
00000000000000000000000000033000003300000330000330000000000000033000000000333000033000000330000003300000033000033000000330000000
00000000000000000000000000033000000000000330003333333000000000033000000003333000033000000330000003300000033000033000003333333000
00000000000000000100000000033000000000000330003333333000000000033000000033033000033000000330000003300000033000033000003333333000
00000000000000000000000000033000000000003300003300003300000000033000000033033000033000000330000003330000333000033000003300003300
00000000000000000000000000033000000000003300000000000330000010033000000330033000033000000330000000333333330000033000000000000330
00000000000000000000000000033000000000033000000000000330000000033000003330033000033000000330000000033333330000033000000000000330
00000000000000000000000000033000000000330000000000000330000000033000033300033000033000000330000000000033300000033000000000000330
00000000000000000000000000033010000003300000000000000330101000033000033333333330033000000330000000000033000000033000000000000330
00010000000000000000000000033000000033000000003000003300000001033010033333333330033000000330000000000330000000033000003000003300
00000000000000000000000000033000000330000000033300033300000000033000000000033000003300003300000000003300000000033000033300033300
00000000000000000000000000033000003333333330003333333000033000033000001000033000000333333000033000033000000000033000003333333000
00000000000000000000000000033000033333333330000333330000033000033000000001033000010033330000033000330000000010033000000333330000
00000000000000000100000000000000000000000000000000000000000000000010000000000000000000000000000000000000000000000000000000000000
00000000000000000000000000000000000000000000000000000000000000100000001000000000000000000000000000000000000000000000000000000000
00000000000000000000000000001000000000000000000000000000001000000000100000000000000000000000000000000000000000000000000000000000
00000000000000000000000000000000000000000000000000000000000000000001000001000010000000000000000000000000000000000000000000000000
00000000000000000000000000000000000100000000000000000000000000100000000000000000000000000000000000000000000000000000000000000000
00000000000000000000000000000000000000000000000000010000010000000000001000000000000000000000000000000000000000000000000001000000
00000100000000000000000000000000000000000000000000000000000000000000000000000000000000000000001000000000000000000000000011100000
00001110000000000000000000000000000000000000000000000000000000000000000000000000000000000000000000000000000000000000000001000000
00000100000000330300300330003300333000330033300000003000000000000000000000000000000333000330030000033000000330000000000000000000
00000000000000030300303003030030300303003030030000033000000000000010000000000000000300303003030000300300003003000000000000000000
00000000000000030300303000030030300303003030030000003000000000000000000000000000000333003003030000300300000003000000000000000000
00000000000000030300303033033330300303003033330000003000000000100000000001000000000300303003030000333300000330000000000000000000
00000000000030030300303003030030300303003030300010003000000000000000000000000000000300303003030000300300003000000000000000000000
00000000000003300033000330030030333000330030030000003000000000000000000000000000000333000330033330300300003333000000000000000000
00000000000000000000000000000000000000000000000000000000000000000001000000000001000000000000000000000000000000000000000000000000
