00000000011111101111111001111100011111100000000000111100011111001100011001111110001110000011110001111110011111000111110000000000
00000000011111101111111011111110011111100000000001111110111111101110011001111110011111000111111001111110111111101111111000000000
00000000000110001100000011100000000110000000000011000110110001101111011000011000111011101100011000011000110001101110000000000000
00000000000110001111100001111100000110000000000011000000110001101111111000011000110001101100000000011000110001100111110000000000
01111100000110001100000000001110000110000000000011100110110001101101111000011000111111101110011000011000110001100000111001111100
00000000000110001111111011111110000110000000000001111110111111101100111000011000110001100111111000011000111111101111111000000000
00000000000110001111111001111100000110000000000000111100011111001100011000011000110001100011110000011000011111000111110000000000
00000000000000000000000000000000000000000000000000000000000000000000000000000000000000000000000000000000000000000000000000000000
00000000000000000000000000000000000000000000000000000000000000000000000000000000000000000000000000000000000000000000000000000000
00111100011111001100011000110000000000000011110000333000000000000000000000000000000000000000000000000000000000000000000000000000
01111110111111101110011000110000000000000111111000333000000000000000000000000000000000000000000000000000000000000000000000000000
11000110110001101111011000000000000000001100011000033000000000000000000000000000000000000000000000000000000000000000000000000000
11000000110001101111111000000000000000001100000000033000000000000000000000000000000000000000000000000000000000000000000000000000
11100110110001101101111000000000000000001110011000033000000000000000000000000000000000000000000000000000000000000000000000000000
01111110111111101100111000110000000000000111111000033000000000000000000000000000000000000000000000000000000000000000000000000000
00111100011111001100011000110000000000000011110000033000000000000000000000000000000000000000000000000000000000000000000000000000
00000000000000000000000000000000000000000000000000000000000000000000000000000000000000000000000000000000000000000000000000000000
00000000000000000000000000000000000000000000000000000000000000000000000000000000000000000000000000000000000000000000000000000000
00000000000000000000000000000000000000000000000000000000000000000000000000000000000000000000000000000000000000000000000000000000
33333330330003303333330033000330330000000333330003333300333333000000000033333000333333303333330033333330003333003300033003333300
33333330333033303333333033000330330000003333333033333330333333300000000033333300333333303333333033333330033333303300033033333330
33000000033333003300033033000330330000003330000033000330330003300000000033003330330000003300033033000000330003303300033033000330
33333000003330003333333033000330330000000333330033000330330033300000000033000330333330003300333033333000330000003333333033000330
33000000033333003333330033303330330000000000333033000330333330000000000033003330330000003333300033000000333003303333333033000330
33333330333033303300000033333330333333003333333033333330330333000000000033333300333333303303330033333330033333303300033033333330
33333330330003303300000003333300333333000333330003333300330033300000000033333000333333303300333033333330003333003300033003333300
00000000000000000000000000000000000000000000000000000000000000000000000000000000000000000000000000000000000000000000000000000000
00000000000000000000000000000000000000000000000000000000000000000000000000000000000000000000000000000000000000000000000000000000
00000000000000000000000000000000000000000000000000000000000000000000000000000000000000000000000000000000000000000000000000000000
00000000000000000000000000000000000000000000000000000000000000000000000000000000000000000000000000000000000000000000000000000000
00000000000000000000000000000000000000000000000000000000000000000000000000000000000000000000000000000000000000000000000000000000
00000000000000000000000000000000000000000000000000000000000000000000000000000000000000000000000000000000000000000000000000000000
