00000000000000000000000000000000000000000000000000000000000000000000000000000000000000000000000000000000000000000000000000000000
00000000000000000000000000000000000000010333333333300001033333333330000000003300100033333300000000003333330000003333000000033000
00000000000000000000000000000000000000000333333333300000033333333330000000033000000333333300100000033333330000033333300000333000
00000000000000000000000000010000000000000000000033000000000000003300000000330000000330000001110000033000000000333003330003333000
00000000000000000000000000000000000000000000010033000000000000003300000003300000000330000000100000033000000003300000033000033000
00000000000000000000000000000000000000000000000330000000000000033000000033000000000330000000000000033000000003300000033000033000
00000000000000000000000000000000000000000000000330000000000000033000000333330000003333333000000000333333300003300000033000033000
00000000000001000000000000000000000001000000003300000010000000330000003333333000003333333000000000333333300003300000033000033000
00000000000000000000000000000000000000000000003300000000000000330000003330033300003300003300000000330000330003330000333000033000
00000000000000000000000000000000000000000000033000000000000003300000033300003330000000000330000000000010033000333333330000033000
00000000000000000000000000000000000000000000033000000000000003300000033000000330000000000330000000000100033000033333330000033000
00000000000000000000000000010000000000000000330000000000000033000000033000000330100000000330000000000000033000000033300000033000
00000000000000000000000000000000000000000000330000000000100033000000033000000330000000000330000000000000033000000033000000033000
00000000000000000000000000000000000000000003300000000000000330000010033300003330003000003300100000300000330000000330000000033000
00000000000000000000000000000000000000000003300000000000000330000001003330033300033300033300000003330003330000003300000000033000
00000000000000000000000000000000000000000033000000000330003300000000000333333000003333333000033000333333300000033000000000033000
00000000000000000000000000000000000000000333000000000330033300000000000033330000000333330000033000033333000000330000000000033000
00000000000001000000000000000000000000000000000000100000000000000000000000000000000000000000000000000000000000000110000000000000
00000000000010000000000000000000000000001000000001000000001000000010000100000000000000000000000000000000000000000100000000000000
00000000000000000000000000000000000000000000000000000000000000100000000000000000000000000000000000000000000000000000000000000000
00000000000000000000000010000000000000000000000000000000001000000000000000000000000000000000000000000000000000000000000000000000
00000000000000000000000000000000100000000000000000000000000000000000100000100001000000000000000000000000000000000000000000000000
00000000000000000000000000000000000000000000000000000000000000100000000000000000000000000000000000000000000000000000000000000000
00000000000000000000000000000000000000000000000000000000100000000000000100000000000000000000000000000000000000000000000000000000
10000000000000000000000000000000000000000000000000100000000000000000000000000000000000000000000000000000000000000000000000000000
11000000000033300300000330030003033330333000000000003000000000000000000000000000003330003300300003000000000030000000000000000001
10000000000030030300003003003030030000300300000000033000000000000000000000000000003003030030300003000000000330000000000000000000
00000000000030030300003003000300030000300300000000003000000000000010000000000000003330030030300003000000000030000000000000000000
00000000000033300300003333000300033300333000000000003000000000000000000000000000003003033330300003000000000030000000000000000000
00000000000030000300003003000300030000303000000000003000000000010000000000000000003003030030300003000000000030100000000000000000
00000000000030000333303003000300033330300300000100003000000000000000000000010000003330030030333303333000000030000000000000000000
00000000000000000000000000000000000000000000000000000000000000000000000000100000000000000000000000000000000000000000000000000000
