00000000000000000000000000000000000000000000000000000000000000000000000000000000000000000000000000000000000000000000000000000000
00000000000000000000000000000000000000000000330000000000333300000000333300000000333330000000000033333000000000003300000000003300
00000000000000000000000000000000000000000003300000000003333330022003333330000003333333000000000333333300000000033000000000033000
00000000000000000000000000000000000000000033000000000033000033000033000033000033300033300000003330003330000000330000000000330000
00000000000000000000000000000000000000000330000000000330033003300330033003300033000003300000003300000330000003300000000003300000
00000000000000000000000000000000000000003300000000000330333303300330333303300000000003300000003300000330000033000000000033000000
00000000000000000000000000000000000000033333000000000330333303300330333303300000000003300000000000000330000333330000000333330000
00000000000000000000000000000000000000333333300000000330333303300330333303300000000033000000000000000330003333333000003333333000
00000000000000000000000000000000011100333003330000000330333303300330333303300000003333000000000000003300003330033300003330033300
00000000000000000000000000000000233303330000333000010330333303300330111103301000003333000000000000003300033300003330033300003330
00000000000000000000000000000002333303300000033000020330333303300330110003301000000033300000000000033000033000000330033000000330
00000000000000000000000000000002332203300000033000130330333303300330333203301100000003300000000000330000033000000330033000000330
00000000000000000000000000000002321103300000033000230330333303300330333303300000000003300000000003300000033000000330033000000330
00000000000000000000000000000002221103330000333012330330033003300330033003300330000003300000000033000000033300003330033300003330
00000000000000000000000000000001211100333003330000000033000033000033000033000333000033300000000330000000003330033300003330033300
00000000000000000000000000000000111120033333300103303003333330033003333330030033333333000330003333333330000333333000000333333000
00000000000000000000000000000000001122003333002203303300333300333300333300333000333330000330033333333330000033330000000033330000
00000000000000000000000001222211111122100000022100003320000003333330000003333300000000000000000000000000000000000000000000000000
00000000000000000000000012333321121121112211101113233223333333333333333322333200000000000000000000000000000000000000000000000000
00000000000000000000001231233321111111111110000013233233333332333333333332333200000000000000000000000000000000000000000000000000
00000000000000000000001211222211110000000000001013232233333332333323333332233100000000000000000000000000000000000000000000000000
00000000000000000000000210122210000000000010012112222233333333333323333332232000000000000000000000000000000000000000000000000000
00000000000000000000001210011110010000111121122212222233333333333323333332331000000000000000000000000000000000000000000000000000
00000000000000000000000110000000011111112211222222222223333333333333333332330000000000000000000000000000000000000000000000000000
00000000000000000000000000000000000000000011111111100022333333333332333322320000000000000000000000000000000000000000000000000000
00000000000033300300000330030003033330333000000000003032333333333333333223300000003330003300300003000000000030000000000000000000
00000000000030030300003003003030030000300300000000033022233333333333332233200000003003030030300003000000000330000000000000000000
00000000000030030300003003000300030000300300000000003022223333232223333333100000003330030030300003000000000030000000000000000000
00000000000033300300003333000300033300333000000000003012221232322223333331000000003003033330300003000000000030000000000000000000
00000000000030000300003003000300030000303000000000003000222222222222332210000000003003030030300003000000000030000000000000000000
00000000000030000333303003000300033330300300000000003000012222222222221000000000003330030030333303333000000030000000000000000000
00000000000000000000000000000000000000000000000000000000000011222111000000000000000000000000000000000000000000000000000000000000
