22222222222222222222222222222222222222221101232221012222222222222222222222222222222222222222222222222222222221222222222222202223
22222222222222222222222222222222222222222100122221111222222222222222222222222222222222222222222222222222222222222222222222211223
22222233333222222222222222222222222222222111122222111222222222222222222222222222222222222222222222222222222222212222222222221222
22222222333222222222222222222222222222222211122222212222222222222222222222222222222222222222222222222222222222110122222222222222
22222211233222222222222222222222222222222222222222222222222222222222222222222222222222222222222222101122222222210122222222222222
22222100023322212222222222222222222222222222222222222222222222222222222222222222222222222222222222001222222222210122222222222222
22222100023322222222222222222222222222222222222222222222222222222222222222222222222222222222222222001222222222221222222222222222
22222100012222222222222222222222222222222222222222222222222222222222222222222222222222222222222222112222222222222222222222222222
22222210012222222222222222222222222222222222222222222222222222222222222222222222222222222222222222222222222222222222222222222222
22222222222222222222222222122222222222222222222222222222222222222222222222222222222222222222222222222222222222222222222222222222
22222222222222222222222222222222222222222222222222222222222222222222222222222222222222222222222222222222222222222222222222232211
22222222222222222222222222222222222222222222222222222222222222222222222222222222222222222222222222222222222222212222222222232210
22222222222222222222222222222222222222222222222222222222222222222222222222222222222222223222222222222222222222212222222222222210
22222222222222222222222222222222222222222222222222222222222222222222222222222222222222222222222222222222222222222222222222222220
22222222222222222222222222222222222222222222222222222222222222222222222222222222222222222222222222222222222222222222222222222221
22222222222222222222222222222222222222222222222222222222222222222222222222222222222222222222222222222222222222222222222222222221
22222222222222222222222222222222222222222222222222222222222222222222222222222222222222222222222222222222222222222222222222222221
22222222223322222222222222222222222222222222222222222222222222222222222222222222222222222222222222222222222222222222222222222222
22222222222332222222222222222222222222222222222222222222222222222222222222222222222222222222222222222222222222222222222222222222
22222222211133222222222222222222222222222222222222222222222222222222222222222233222222222222222222222222222222222222222222222222
22222222100023222222222222222222222222222222222222222222222222222222222222222222222222222222222222222222222222222222222222222222
22222222100013222222222222222222222222222222222222222222222222222222222222222222222222222222222222222221222222222222222222222222
22222222210012222222222222222222222222222222222222222222222222222222222222222222222222222222222222222221222222222222222222222222
22222222222112222222211222222222222222222222222222222222222222222222222222222222222222222222222222222222000000000000000000000000
00000000000000000000000000000000000000000000000000000000000000000000000000000000000000000000000000000000000000000000000000000000
00000000000000000000000000000000000000000000000000000000000000000000000000000000000000000000000000000000000000000000000000000000
00000000000000000000000000000000000000000000000000000000000000000000000000000000000000000000000000000000000000000000000000000000
00000000000000000000000000000000000000000000000000000000000000000000000000000000000000000000000000000000000000000000000000000000
00000000000000000000000000000000000000000000000000000000000000000000000000000000000000000000000000000000000000000000000000000000
00000000000000000000000000000000000000000000000000000000000000000000000000000000000000000000000000000000000000000000000000000000
00000000000000000000000000000000000000000000000000000000000000000000000000000000000000000000000000000000000000000000000000000000
00000000000000000000000000000000000000000000000000000000000000000000000000000000000000000000000000000000000000000000000000000000
