10000033000000000000000000000000000000000000000000000000111122221000011002332232111122100000000000000001133223223322322322332100
10333033000000000000030003000300000003000300030000000000111123221010011001232111111233321100000000000012232223322222332222333200
10333033000000000000303030303030000030303030303000000000101112322100012122100000111233333332220000000122232323333333222232233200
10033033000000000000030030303030000030303030303000000000101101222211002221000210111132211232232001221222222322233333322222223200
12033033000000000000303030303030000030303030303000000000211101123222111110000210111122100111022001333333322222232333332223223200
12033023000000000000303030303030000030303030303000000000322110112333222210001110111112110000011001232233321111233223333222223200
12033033000000000000030003000300030003000300030000000000333310001122233322112222111012210001001010221112120111122222333322223200
12033033000000000000000000000000000000000000000000000000333310000012333333333333211101221001000120121110001111122222333322233200
13000033333333333333333333333333333333232223333333332000001102333333333333333332101122222100111012201101101100111322233332223200
13333333333333333332223333323333333332232212233333331000001002333333333333333333100111133321232101221100000000011232223333222200
13333333333333333322111112212222223332232222223333310000000001333333333221122333200010023333333322112221110000011122222333222200
13333333333333333321111111111111112221111111112221111111111112333333333322222223100000023333333333101233322110000013222333322200
13333333333333333332111111111112222331111111111111001111111111222222322223322222000010023333212323100133333330000012212333322200
13333333333333333332222322223333333332111111111111110111111111111223321111111111111111023333211222220133322222100002312333322200
13333333333333333332222233333333333333222222222222222222222222223333321111111100000010132111111211121233311221100001312333322100
13333333333333333332222223333333323233222233333333233323333322232333322222221101122222232111111111123211100000000001321233322200
13333333333333333332222332222233333223233333333333322323333333333333333333332222333333332222222222333200000000000111321233322200
13333333333333333332222222222223333233223333233233333323333333333333333333333333333333333333333333333100000000000011321233322100
13333333333333333322222322322333233233222333333333333333333333333333332233333333333333323322333333221000000000000001321233321200
13333333333333333322222222222222232333333322222333333333333333333332221112233333333333311111333333210000000000000001311233322200
13333333333333333322223223222333333222222111111123333333333333333333100000023333333333320000233333320000000000000002312333322100
13333333333333333333333333223333333232000000000013333333333333333333200000002333333333332000123333332000000000000002212333322100
13333333333333333333323333333333333333100000000002333333333333333333320000001333333333333100013333333200000000000012112333222100
13333333333333333333333332323333333333210000000001233333333333333333331000000133333333333320002333333320000000000022122332222200
13333333333000000000000000000000000000000000000000100033333333333333332100000023300000000000000000033331000000000122123332222200
13333333333033300300000330030003033330333000000000003033333333333333333200000112303330003300300003033332000330001221223322222200
13333333333030030300003003003030030000300300000000033033333333333333333320000111303003030030300003033321003003002211233222222200
13333333333030030300003003000300030000300300000000003033333333333333333331000111203330030030300003022210000030012111232111122200
13333333333033300300003333000300033300333001000000003033333333333333333332100111103003033330300003011100000003021222222222222200
13333333333030000300003003000300030000303002100000003023333333333333333333100001203003030030300003000011103003012222222222223200
13333333333030000333303003000300033330300303200000003012333333333333333332000001103330030030333303333021100330022222222222122200
13333333222000000000000000000000000000000003311100000012333333333333333320000000000000000000000000000022210000222222222222222100
