00000100000000000000000000000000000000000000000000000000000000000000000000000000000000000000000000000000000000000000000000000000
00001110000000003333300001003333300000003333300000000000000030010000333300000000000033000000000000003300000033333000000000003300
00000100000000033333330000033333330000033333330000000100000330000003333330000000000330000000000000033000000333333300001000033000
00000000000000333000333000333000333000333000333000000000000330000033300333000000003300000000100000330000003330003330011100330000
00000000000000330000033000330000033000330000033000000000003330000330000003300000033000000000000003300000003300000330001003300000
00000000000000330000033000000000033000000000033000000000003330000330000003300000330000000000000033000000003300000330000033000000
00000000000000000000033000000000033000000000033000000000033330000330100003300003333300000000000333330000000000000330000333330000
00000000100000000000033000000000330000000000330000010000330330000330000003300033333330000000003333333000100000000330003333333000
00000000000000000000330000000033330000000033330000000000330330000333000033300033300333000000003330033300000000003300003330033300
00000000000000000000330000001033330000000033330000000003300330000033333333000333000033300000033300003330000000003300033300003330
00000000000000000003300000000000333000000000333000000033300330000003333333000330000003300000033000000330000000033000033000000330
00000000000000000033000000000000033000000000033000000333000330000000003330000330000003300000033000000330000000330000033000000330
00000000000000000330000000000000033000000000033000000333333333300000003300100330000003300000033000000330000003300000033000000330
00000000000000003300000003300000033003300000033000000333333333300100033000000333000033300000033300003330000033000000033300003330
00000000000000033000000003330000333003330000333000000000000330000000330000000033300333000000003330033300000330000000003330033300
00000000000000333333333000333333330000333333330003300000000330000003300000001003333330000330000333333000003333333330000333333000
00000000000003333333333000003333300000003333300103300100000330000033000000000000333300000330000033330000033333333330000033330000
00000000001000000000000000000000000010000000000000000000000000000000010000000000000000000000000000000000000000000000000000000000
00000100000000000000000000000000000000000100000000000000000000100000000000100000000000000000000000000000000000000000000000000000
00000000000000000000000000000000000000000000000000000000000000000000000000000000000000000000000000000000000000000000000000000000
00000000000000000000000000000000000000000000000000000100010000000001000000000000000000000000000000000000000000000000000000000000
00000000000000000001000000000000000000000000000000000000000000000000000000000000100000000000000000000000000000000000000000000000
00000000000000000000000000000000000000000000001000000000000000000100000000000000000000000000000000000000000000000000000000000000
00000000000000000000000000000000000000000000000000000000000000000000000000000000000000000000000000000000000000000000000000000000
00000000000000000000000000000000000000000000000000000001000000100000000000000000000000000000000000000000000000000000000000000000
00000000000033300300000330030003033330333000000000003000000000000000001000000000003330003300300003000000000330000000000000001000
00000000000030030300003003003030030000300300000000033000000000000010000000000000003003030030300003000000003003000000000000000000
00000000000030030300003003000300030000300300000000003000000000100000000000000000003330030030300003000000000030000000000000000000
00000000001033300300003333000300033300333000000000003000010000000000000000000000003003033330300003000000000003000000000000000000
00000000000030000300003003000300030000303000001000003000000000000000000000000000003003030030300003000010003003000000000000000000
10000000000030000333303003000300033330300300000000003000000000000000000100000000003330030030333303333011000330000010000000000000
00000000000000000000000000000000000000000000000000000000000000000000100000000000100000000000000000000010000000000000000000100000
