00000000000000000111110010000010001111000111111000111100110001100000000001111110111111100111110001111110000000000000000000000000
00000000000000001111111011010110001111000111111001111110110001100000000001111110111111101111111001111110000000000000000000000000
00000000000000001110000011010110000110000001100011000110110001100000000000011000110000001110000000011000000000000000000000000000
00000000000000000111110011111110000110000001100011000000111111100000000000011000111110000111110000011000000000000000000000000000
01111100000000000000111001111100000110000001100011100110111111100000000000011000110000000000111000011000000000000111110000000000
00000000000000001111111001101100001111000001100001111110110001100000000000011000111111101111111000011000000000000000000000000000
00000000000000000111110001000100001111000001100000111100110001100000000000011000111111100111110000011000000000000000000000000000
00000000000000000000000000000000000000000000000000000000000000000000000000000000000000000000000000000000000000000000000000000000
03333300300000300033330003333330001111001100011000000000011111101111111001111100011111100000000000000000000000000000000000000000
33333330330303300033330003333330011111101100011000000000011111101111111011111110011111100000000000000000000000000000000000000000
33300000330303300003300000033000110001101100011000000000000110001100000011100000000110000000000000000000000000000000000000000000
03333300333333300003300000033000110000001111111000000000000110001111100001111100000110000000000000000000000000000000000000000000
00003330033333000003300000033000111001101111111000000000000110001100000000001110000110000000000000000000000000000000000000000000
33333330033033000033330000033000011111101100011000000000000110001111111011111110000110000000000000000000000000000000000000000000
03333300030003000033330000033000001111001100011000000000000110001111111001111100000110000000000000000000000000000000000000000000
00000000000000000000000000000000000000000000000000000000000000000000000000000000000000000000000000000000000000000000000000000000
01111100111111101100011011111000000000001111110011111110001111000000000001111110111111100111110001111110000000000000000000000000
11111110111111101110011011111100000000001111111011111110011111100000000001111110111111101111111001111110000000000000000000000000
11100000110000001111011011001110000000001100011011000000110001100000000000011000110000001110000000011000000000000000000000000000
01111100111110001111111011000110000000001100111011111000110000000000000000011000111110000111110000011000000000000000000000000000
00001110110000001101111011001110011111001111100011000000111001100000000000011000110000000000111000011000000000000000000000000000
11111110111111101100111011111100000000001101110011111110011111100000000000011000111111101111111000011000000000000000000000000000
01111100111111101100011011111000000000001100111011111110001111000000000000011000111111100111110000011000000000000000000000000000
00000000000000000000000000000000000000000000000000000000000000000000000000000000000000000000000000000000000000000000000000000000
01111100111111100111111001111110001111001100011000111110000000001111110000111000110000001100000001111100000000000000000000000000
11111110111111100111111001111110001111001110011001111110000000001111111001111100110000001100000011111110000000000000000000000000
11100000110000000001100000011000000110001111011011100000000000001100111011101110110000001100000011100000000000000000000000000000
01111100111110000001100000011000000110001111111011001110000000001111110011000110110000001100000001111100000000000000000000000000
00001110110000000001100000011000000110001101111011100110000000001100111011111110110000001100000000001110000000000000000000000000
11111110111111100001100000011000001111001100111001111110000000001111111011000110111111001111110011111110000000000000000000000000
01111100111111100001100000011000001111001100011000111110000000001111110011000110111111001111110001111100000000000000000000000000
00000000000000000000000000000000000000000000000000000000000000000000000000000000000000000000000000000000000000000000000000000000
