00000000000000000000000000000000000000000000000000000000000000000000000000000000000000000000000000000000000000000000000000000000
00000000000000000000000000000000000000000000000000000000000000000000000000000000000000000000000000000000000000000000000000000000
00000000000000000000000000000000000000000000000000000000000000000000000000000000000000000000000000000000000000000000000000000000
00000000000000000000000000000000000000000000000000000000000000000000000000000000000000000000000000000000000000000000000000000000
00000000000000000000000000000000000000000000000000000000000000000000000000000000000000000000000000000000000000000000000000000000
00000000000000000000000000000000000000000000000000000000000000000000000000000000000000000000000000000000000000000000000000000000
00000000000000000000000000000000000000000000000000000000000000000000000000000000000000000000000000000000000000000000000000000000
00000000000000000000000000000000000000000000000000000000000000000000000000000000000000000000000000000000000000000000000000000000
00000000000000000000000000000000000000000000000000000000000000000000000000000000000000000000000000000000000000000000000000000000
00000000000000000000000000000000000000000000000000000000000000000000000000000000000000000000000000000000000000000000000000000000
00000000000000000000000000000000000000000000000000000000000000000000000000000000000000000000000000000000000000000000000000000000
00000000000000000000000000000000000000000000000000000000000000000000000000000000000000000000000000000000000000000000000000000000
00000000000000000000000000000000000000000000000000000000000000000000000000000000000000000000000000000000000000000000000000000000
00000000000000000000000000000000000000000000000000000000000000000000000000000000000000000000000000000000000000000000000000000000
00000000000000000000000000000000000000000000000000000000000000000000000000000000000000000000000000000000000000000000000000000000
00000000000000000000000000000000000000000000000000000000000000000000000000000000000000000000000000000000000000000000000000000000
01111100111111100000000000000000000000000000000000000000000000000000000000000000000000000000000000000000000000000000000000000000
11111110111111100000000000000000000000000000000000000000000000000000000000000000000000000000000000000000000000000000000000000000
11100000110000000000000000000000000000000000000000000000000000000000000000000000000000000000000000000000000000000000000000000000
01111100111110000000000000000000000000000000000000000000000000000000000000000000000000000000000000000000000000000000000000000000
00001110110000000000000000000000000000000000000000000000000000000000000000000000000000000000000000000000000000000000000000000000
11111110000000000000000000000000000000000000000000000000000000000000000000000000000000000000000000000000000000000000000000000000
01111100000000000000000000000000000000000000000000000000000000000000000000000000000000000000000000000000000000000000000000000000
00000000000000000000000000000000000000000000000000000000000000000000000000000000000000000000000000000000000000000000000000000000
01111100111111100111111001111110001111001100011000111110000000001111110000111000110000001100000001111100000000000000000000000000
11111110111111100111111001111110001111001110011001111110000000001111111001111100110000001100000011111110000000000000000000000000
11100000110000000001100000011000000110001111011011100000000000001100111011101110110000001100000011100000000000000000000000000000
01111100111110000001100000011000000110001111111011001110000000001111110011000110110000001100000001111100000000000000000000000000
00001110110000000001100000011000000110001101111011100110000000001100111011111110110000001100000000001110000000000000000000000000
11111110111111100001100000011000001111001100111001111110000000001111111011000110111111001111110011111110000000000000000000000000
01111100111111100001100000011000001111001100011000111110000000001111110011000110111111001111110001111100000000000000000000000000
00000000000000000000000000000000000000000000000000000000000000000000000000000000000000000000000000000000000000000000000000000000
