00000000000000000000000100000110011101000101001011100100010010111001100011001110011101001011100100101110000000000000000000000000
00000000000000000000000000000000000000000000000000000000000000000000000000000000000000000000000000000000000000000000000000000000
00000000002200022000200220002200000220020000220002200222002220200202220002200022200002020002002200222002220020222002000000000000
00000000001120211202302112021120002112030002112021120311203110320303112021120211100021032023021120311203112030311201200000000000
00000000000210122101303003030030003003030003001030030322103200312303003030030122000030031213030030300303221030300300300000000000
00000000002100211200303003030030003223030003002030030311203100301303003032230011200030030103032230300303112030300300300000000000
00000000003220122100301221012210003113032201221012210322103220300303221031130222100030030003031130322103003030322100300000000000
00000000001110011000100110001100001001011100110001100111001110100101110010010111000012010001010010111001001010111002100000000000
00000000000000000000000000000000000000000000000000000000000000000000000000000000000001000000000000000000000000000001000000000000
00000000000000022202000222000002200022000200220022200220002200000222002200202000002200022000200220002200222000200000000000000000
00000000000000013103000311000021100211002302112011302112021100000311003300303000021100211002302110021120113002300000000000000000
00000000000000003003000320000032200322001301223002101223032200000320021120121000032200322001303220012230021021300000000000000000
00000000000000003003000310000031120311200300113003000113031120000310032230212000031120311200303112001130030032300000000000000000
00000000000000003003220300020012210122100300221003000221012210000300031130303000012210122100301221002210030011300000000000000000
00000000000000001001110100010001100011000100110001000110001100000100010010101000001100011000100110001100010000100000000000000000
00000000000000000000000000000000000000000000000000000000000000000000000000000000000000000000000000000000000000000000000000000000
00000000000000000000000000000000000000000000000000000000000000000000000000000000000000000000000000000000000000000000000000000000
00000000000000000000000000000000000000000000000000000000000000000000000000000000000000000000000000000000000000000000000000000000
00000000000000000000000000000000000000000000000000000000000000000000000000000000000000000000000000000000000000000000000000000000
00000000000000000000000000000000000000000000000000000000000000000000000000000000000000000000000000000000000000000000000000000000
00000000000000000000000000000000000000000000000000000000000000000000000000000000000000000000000000000000000000000000000000000000
00000000000000000000000000000000000000000000000000000000000000000000000000000000000000000000000000000000000000000000000000000000
00000000000000000000000000000000000000000000000000000000000000000000000000000000000000000000000000000000000000000000000000000000
00000000000000000000000000000000000000000000000000000000000000000000000000000000000000000000000000000000000000000000000000000000
00000000000000000000000000000000000000000000000000000000000000000000000000000000000000000000000000000000000000000000000000000000
00000000000000000000000000000000000000000000000000000000000000000000000000000000000000000000000000000000000000000000000000000000
00000000000000000000000000000000000000000000000000000000000000000000000000000000000000000000000000000000000000000000000000000000
00000000000000000000000000000000000000000000000000000000000000000000000000000000000000000000000000000000000000000000000000000000
00000000000000000000000000000000000000000000000000000000000000000000000000000000000000000000000000000000000000000000000000000000
00000000000000000000000000000000000000000000000000000000000000000000000000000000000000000000000000000000000000000000000000000000
00000000000000000000000000000000000000000000000000000000000000000000000000000000000000000000000000000000000000000000000000000000
00000000000000000000000000000000000000000000000000000000000000000000000000000000000000000000000000000000000000000000000000000000
