00000000000000000000000000000000000000000000000000000000000000000000000000000000000000000000000000000000000000000000000000000000
00000000000000000000000000000000000000000000000000000000000000000000000000000000000000000000000000000000333300000003300000033000
00000000000000000000000000000000000000000000000000000000000000000000000000000000000000000000000000000003333330000033300000333000
00000000000000000000000000000000000000000000000000000000000000000000000000000000000000000000000000000033300333000333300003333000
00000000000000000000000000000000000000000000000000000000000000000000000000000000000000000000000000000330000003300003300000033000
00000000000000000000000000000000000000000000000000122333221000000000000000000000000000000000000000000330000003300003300000033000
00000000000000000000000000000000000000000000000012333333333210000000000000000000000000000000000000000330000003300003300000033000
00000000000000000000000000000000000000000000000233333333333332000000000000000000000000000000000000000330000003300003300000033000
00000000000000000000000000000000000000000000002333333333333333310000000000000000000000000000000000000333000033300003300000033000
00000000000000000000000000000000000000000000033333333333333333331000000000000000000000000000000000000033333333000003300000033000
00000000000000000000000000000013332000000000233333333333333333333000000000000000000000000000000000000003333333000003300000033000
00000000000000000000000000000033333200000001333333310111111112233100000000000000000000000000000000000000003330000003300000033000
00000000000000000000000000000133223310000002333333321211111000001210000000000000000000000000000000000000003300000003300000033000
00000000000000000000000000000122212310000003333333333333333322111220000000000000000000000000000000000000033000000003300000033000
00000000000000000000000000000122111210000013333333333333333333333320000000000000000000000000000000000000330000000003300000033000
00000000000000000000000000000011111200012123333333333333333333333320000000000000000000000000000000000003300000000003300000033000
00000000000000000000000000000000111111013123333333333333333333333320000000000000000000000000000000000033000000000003300000033000
00000000000000000000000000000000111121122233332333333333333333333330000000000000000000000000000000000000000000000000000000000000
00000000000000000000000012322111111122122223322333333333333323333330000000000000000000000000000000000000000000000000000000000000
00000000000000000000001223333212121111110133323333333333323332333320000000000000000000000000000000000000000000000000000000000000
00000000000000000000002212222111000000100033233333333333233333233310000000000000000000000000000000000000000000000000000000000000
00000000000000000000001111221001000000000123233333333332333333233310000000000000000000000000000000000000000000000000000000000000
00000000000000000000001100111000000001111222233333333332333333233200000000000000000000000000000000000000000000000000000000000000
00000000000000000000001100000001111111122212223333333332333332233100000000000000000000000000000000000000000000000000000000000000
00000000000000000000000000000000000000000011222333300033333332233100000000000000000000000000000000000000000000000000000000000000
00000000000033300300000330030003033330333000232333003033222322332000000000000000003330003300300003000000000030000000000000000000
00000000000030030300003003003030030000300300023333033022323222321000000000000000003003030030300003000000000330000000000000000000
00000000000030030300003003000300030000300300012222003022222222210000000000000000003330030030300003000000000030000000000000000000
00000000000033300300003333000300033300333000001221203022222222100000000000000000003003033330300003000000000030000000000000000000
00000000000030000300003003000300030000303000000012203022222221000000000000000000003003030030300003000000000030000000000000000000
00000000000030000333303003000300033330300300000001203022211100000000000000000000003330030030333303333000000030000000000000000000
00000000000000000000000000000000000000000000000000000000000000000000000000000000000000000000000000000000000000000000000000000000
