00000000000000000000000000000000000000000000000000000000000000000000000000000000000000000000000000000000000000000000000000000000
00000000000000000000000000000000000000000000000000000000000000000000000000000000000000000000000000000000000000000000000000000000
00000000000000000000000000000000000000000000000000000000000000000000000000000000000000000000000000000000000000000000000000000000
00000000000000000000000000000000000000000000000000000000000000000000000000000000000000000000000000000000000000000000000000000000
00000000000000000000000000000000000000000000000000000000000000000000000000000000000000000000000000000000000000000000000000000000
00000000000000000333330000000000330003300333330003333300330003303300000000333300003333303300033003333330000000000000000000000000
00000000000000003333333000000000333033303333333033333330333003303300000000333300033333303300033003333330000000000000000000000000
00000000000000003330000000000000333333303300033033000330333303303300000000033000333000003300033000033000000000000000000000000000
00000000000000000333330000000000333333303300033033000330333333303300000000033000330033303333333000033000000000000000000000000000
00000000000000000000333000000000330303303300033033000330330333303300000000033000333003303333333000033000000000000000000000000000
00000000000000003333333000330000330003303333333033333330330033303333330000333300033333303300033000033000000000000000000000000000
00000000000000000333330000330000330003300333330003333300330003303333330000333300003333303300033000033000000000000000000000000000
00000000000000000000000000000000000000000000000000000000000000000000000000000000000000000000000000000000000000000000000000000000
00000000000000000000000000000000000000000000000000000000000000000000000000000000000000000000000000000000000000000000000000000000
00000000000000000000000000000000000000000000000000000000000000000000000000000000000000000000000000000000000000000000000000000000
00000000000000000000000000000000000000000000000000000000000000000000000000000000000000000000000000000000000000000000000000000000
00000000000000000000000000000000003333000033330000333300000000000033330000333300003333000000000000333300003333000033330000000000
00000000000000000000000000000000033333300333333003333330000000000333333003333330033333300000000003333330033333300333333000000000
00000000000000000000000000000000033003300330033003300330000000000330033003300330033003300000000003300330033003300330033000000000
00000000000000000000000000000000000033300330033003300330000000000330033003300330033003300000000003300330033003300330033000000000
00000000000000000000000000000000000333000330033003300330000000000330033003300330033003300000000003300330033003300330033000000000
00000000000000000000000000000000000033300330033003300330000000000330033003300330033003300000000003300330033003300330033000000000
00000000000000000000000000000000000003300330033003300330000000000330033003300330033003300000000003300330033003300330033000000000
00000000000000000000000000000000033003300330033003300330000000000330033003300330033003300000000003300330033003300330033000000000
00000000000000000000000000000000033333300333333003333330000330000333333003333330033333300003300003333330033333300333333000000000
00000000000000000000000000000000003333000033330000333300000330000033330000333300003333000003300000333300003333000033330000000000
00000000000000000000000000000000000000000000000000000000000000000000000000000000000000000000000000000000000000000000000000000000
00000000000000000000000000000000000000000000000000000000000000000000000000000000000000000000000000000000000000000000000000000000
00000000000000000000000000000000000000000000000000000000000000000000000000000000000000000000000000000000000000000000000000000000
00000000000000000000000000000000000000000000000000000000000000000000000000000000000000000000000000000000000000000000000000000000
00000000000000000000000000000000000000000000000000000000000000000000000000000000000000000000000000000000000000000000000000000000
00000000000000000000000000000000000000000000000000000000000000000000000000000000000000000000000000000000000000000000000000000000
