00000000000000000000000000000000000000000000000000000000000000000000000000000000000000000000000000000000000000000000000000000000
00000000000000000000000000000000000000000000000000000000000000000000333330000000333330000000000033333000000033333000000033333000
00000000000000000000000000000000000000000000000000000000000000000003333333000003333333000000000333333300000333333300000333333300
00000000000000000000000000000000000000000000000000000000000000000033300033300033300033300000003330003330003330003330003330003330
00000000000000000000000000000000000000000000000000000000000000000033000003300033000003300000003300000330003300000330003300000330
00000000000000000000000000000000000000000000000000000000000000000033000003300033000003300000003300000330003300000330003300000330
00003333000000333333000033033003333300000033333300033330333300330000033303300000000003303000300000000330300003330330300003000330
00003333000000333333000033333003333330000033333300033330333300333330033003300000000003303300333333000330333003300330333333000330
00003111100000311111100331131103111110000031111110031111311113311311031033001000000033001130311111003300111303103300111111103300
00003111100000311111100331111103111111000031111110031111311113311111030033011000000033011110311111003301111103003301111111003300
00003111100000311111100311111103111111000031111110031111311113111111000330011000000330011111311110033001111110033001111110033000
00000111100000011111100311111100111111100001111110001111011113111111003300111000003300111111011100330011111100330031111100330000
00000111100000011111100311111100111111100001111110001111011113111110033001111000033001111111011003300011111003300131111003300000
00000311000000331111000311001100311031100033111100003111031103110000330010011000330031100311030033000031100033001001130033000000
00000311000000331011000311331100311331100033101100003111131103113003300000001003300000000000000330000000100330000000100330000000
00000311000000311331000311333300311301000031133100003111131103110033333333300033333333300330003333333330003333333330003333333330
00000311033000311331100311011110311111000031133110003111111103110333333333300333333333300330033333333330033333333330033333333330
00000311033000311111100311011110311110000031111110003111111103110000000000000000000000000000000000000000000000000000000000000000
00000311031103311111100311031100311031000331111110003110111103110311003110330000000031100311031103100031100310311000031100000000
00003311331133310033130311331103311031303331003313033110111103113311033113311000000031133311331103130331133313311000331100000000
00003311331133110033110311331103311031303311003311033110311103113311033113311000000031133311331103130331133313311000331100000000
00003111111131111031111311111103111131113111103111131111011103111111031111111000000031111111311113111311111113111100311110000000
00003111111131111031111011111103111131113111103111131111011100111111031111111000000001111111311113111311111113111100311110000000
00003111111131111031111011111103111131113111103111131111031100111111031111111000000001111111311113111311111113111100311110000000
00000111111000000000000000000000000000000011100111100011001100011111001111111000000000000000000000011011111000111100011110000000
00000111111033300300000330030003033330333001100111003011001100011111001111111000003330003300300003011011110030111100011110000000
00000000000030030300003003003030030000300300000000033000000000000000000000000000003003030030300003000000000330000000000000000000
00000000000030030300003003000300030000300300000000003000000000000000000000000000003330030030300003000000000030000000000000000000
00000000000033300300003333000300033300333000000000003000000000000000000000000000003003033330300003000000000030000000000000000000
00000000000030000300003003000300030000303000000000003000000000000000000000000000003003030030300003000000000030000000000000000000
00000000000030000333303003000300033330300300000000003000000000000000000000000000003330030030333303333000000030000000000000000000
00000000000000000000000000000000000000000000000000000000000000000000000000000000000000000000000000000000000000000000000000000000
