00000000000000000000000000000000000000000000000000000000000000000000000000000000000000000000000000000000000000000000000000000000
00000000000000000000000000000000000000000000000000000000000000000000000000000000000000000000000000000000000000000000000000000000
00000000000000000000000000000000000001111111000001111100001100001100001111100000111110000000000000000000000000000000000000000000
00000000000000000000000000000000000001333333300011333330001330001330011333330001133333000000000000000000000000000000000000000000
00000000000000000000000000000000000001333333330113333333001333001330113333333001333333300000000000000000000000000000000000000000
00000000000000000000000000000000000001330001330133300033301333301330133300033301330003300000000000000000000000000000000000000000
00000000000000000000000000000000000001331111330133000013301333301330133000013301331110000000000000000000000000000000000000000000
00000000000000000000000000000000000001333333300133000013301331331330133000013300333333000000000000000000000000000000000000000000
00000000000000000000000000000000000001333333330133000013301330331330133000013300033333300000000000000000000000000000000000000000
00000000000000000000000000000000000001330001330133000113301330133330133000113301100013300000000000000000000000000000000000000000
00000000000000000000000000000000000001331111330033311133301330033330033311133301331113300000000000000000000000000000000000000000
00000000000000000000000000000000000001333333330003333333001330003330003333333000333333300000000000000000000000000000000000000000
00000000000000000000000000000000000000333333300000333330000330000330000333330000033333000000000000000000000000000000000000000000
00000000000000000000000000000000000000000000000000000000000000000000000000000000000000000000000000000000000000000000000000000000
00000000000000000000000000000000000000000000000000000000000330000000333300000000333300000000000033330000000033330000000033330000
00000000000000000000000000000000111111110000001110000001003330000003333330011003333330011000000333333000000333333000000333333000
00000000000000000000000000000000133333333100001333000001033330000033000033000033000033003300003300003300003300003300003300003300
00000000000000000000000000000000133333333330001333000001000330000330033003300330000003303300033000000330033000000330033000000330
00000000000000000000000000000000133333333333001333000011330330000330333303300330000103303300033000000330033000000330033000000330
00000000000000000000000000000000133300001333001333000013330330000330333303300330000103303330033000000330033000000330033000000330
00000000000000000000000000000000133300000333301333000013330330000330333303300330000103303330033000000330033000000330033000000330
00000000000000000000000000000000133300000133301333000013330330000330331303300330000103303330033000000330033000000330033000000330
00000000000000000000000000000000133300000133301333000113300330300330330303300330001103301333033000000330033000000330033000000330
00000000000000000000000000000000133300000133301333000133300330300330330103300330001303301333033000000330033000000330033000000330
00000000000000000000000000000000133300000133301333000133310330300330330003300330001303301333033000000330033000000330033000000330
00000000000000000000000000000000133300000133301333001133330330300330330003300330011303303333033000000330033000000330033000000330
00000000000000000000000000000000133300001133301333001333330330330330030003300330013003303333033000000330033000000330033000000330
00000000000000000000000000000000133311111333001333001333330330330033000033000033000033000000003300003300003300003300003300003300
00000000000000000000000000000000133333333333001333011333000330330003333330033003333330000330300333333000000333333000000333333000
00000000000000000000000000000000133333333330001333013330000330333000333300033300333300000330330033330000000033330000000033330000
00000000000000000000000000000000033333333000000333003330000000333000000000003330000000000000330000000000000000000000000000000000
00000000000000000000000000000000000000000000000000000000000000000000000000000000000000000000000000000000000000000000000000000000
