00000000000000000000000000000000000000000000000000000000000000000000000000000000000000000000000000000000100000000000000000000000
00000000000000000000000000000000000000001000000000000000000000000000000000000000000000000000000000000000000000000000000033330000
00000000000000000000000000000000000000000000000000000000100000000000000000000001000000000000000000000000000000000000000333333000
00000000000000000000000000000000000000000000000000000000000000000000000100000000000000000001000000000000000000000000003300003300
00000000000000000000000000000100000000000000000000000000000000000100000000000000000000000000000000000000000000000000033001100330
00000000000000000000000000000000000000000000000100000000000000000000000000000000000000000000000000000000000000000000033001000330
00000000000000000000000000000000000000000000000000000000000000000000000000000000000100000000000000000000000000000000033000000330
00000000000000010000000000000000000001000000000000000010000000000000000000000000000000000000000000000000000000000000033000000330
00000000000000000000000000000000000000000000000000000000000010000000000000000000000000000000000000000000000000000000033000000330
00000000000000000000000000000000000000000000000000000000000000000000000001000000000000000000000000000000000000000000033000000330
00000000000000000000000000000000000000000000000000000000000000000000000000000000000000000000000000010000000000000000033000000330
00000000000000000000000000000000000000000000000000000000000000000000000000000000100000000000000000000000000000000000033000000330
00000000000000000000000000000100000000000000000000000000101000100000100000000000000000000000000000000000000000000000033000000330
10000000000000000000000000000000000000000000010000000000000001000100001000000000000000000010000000000000000000000000033000000330
00000000000000000000000000000000000000000000000000000000000000000001000000000000000000000001000000000000000000000000003300003300
00000000000000000000000000000000000000000000000000000000000100000000000100000000000000000000000000000000000000000000000333333000
00000000000000000000000000000000000000000000000000000000000000000000000000000000000100000000000000000000000000100000000033330000
00000000000000010000000000000000000000000010000000000000000100000010000000100000000000000000000000000000000000000000000000000000
00000000000000000000000000000000000000000000000000100000001000000000001000000000000000000000000000000000000000000000000000000000
00000000000000000000000000000000000000000000000000000000000000100000100000000000000000000000000000000000000000000000000000000000
00000000000000000000000000100000000000000000000000000000000000000001000000100000000000000000000000000000000000000000000000000000
00000000000000000000000000000000010000000000000000000000000000000000000001000001000000000000000000000000000000000000000000000000
00000000000000000000000000000000000000000000000000000000100000100000001000000000000000000000000000000000000000000000000000000000
00000000000000000000000000000000000000000000000000010000000000000000000000000000000000000000000000000000000000000000000000001000
00010000000000000000000000000000000000000000000000000000000000000000000000000000000000000000000000000000000000000000000000011100
00111000000000330300300330003300333000330033300000003000000000000000000000000000000333000330030000033000000030000000000000001000
00010000000000030300303003030030300303003030030000033000000000000010000000000000000300303003030000300300000330000000000000000000
00000000000000030300303000030030300303003030030000003000000000000000000000000000000333003003030000300300000030000000000000000000
00000000000000030300303033033330300303003033330000003000000000100000000000100000000300303003030000333300000030000000000000000000
00000000000030030300303003030030300303003030300100003000000000000000000001110000000300303003030000300300000030000000000000000000
00000000000003300033000330030030333000330030030000003000000000000000000000100000000333000330033330300300000030000000000000000000
00000000000000000000000000000000000000000000000000000000000000000000000000000000000000000000000000000000000000000000000000000000
