00000000000000000000000000000000000000000000000000000000000000000000000000000000000000000000000000000000000000000000000000000000
00000000000000000000000000000000000000000000000000000000000000000000000000000000000000000000000033333000000033333000000000003000
00000000000000000000000000000000000000000000000000000000000000000000000000000000000000000000000033333300000333333300000000033000
00000000000000000000000000000000000000000000000000000000000000000000000000000000000000000000000030003330003330003330000000033000
00000000000000000000000000000000000000000000000000000000000000000000000000000000000000000000000000000330003300000330000000333000
00000000000000000000000000000000000000000000000000000000000000000000000000000000000000000000000000000330003300000330000000333000
00000000000000000000000000000000000000000000000000000000000000000000000000000000000000000000000000000330000000000330000003333000
00000000000000000000000000000000000000000000000000000000000000000000000000000000000000000000000000000330000000000330000033033000
00000000000000000000000000000000000000000000000000000000000000000000000000000000000000000000000000003300000000003300000033033000
00000000000000000000000000000000000000000000000000000000000000000000000000000000000000000000000000003300000000003300000330033000
00000000000000000000000000000000000000000000000000000000000000000000000000000000000000000000000000033000000000033000003330033000
00000000000000000000000000000000000000000000000000000000000000000000000000000000000000000000000000330000000000330000033300033000
00000000000000000000000000000000000000000000000000000000000000000000000000000000000000000000000003300000000003300000033333333330
00000000000000000000000000000000000000000000000000000000000000000000000000000000000000000000000033000000000033000000033333333330
00000000000000000000000000000000000000000000000000000000000000000000000000000000000000000000000030000000000330000000000000033000
00000000000000000000000000000000000000000000000000000000000000000000000000000000000000000000000033333330003333333330000000033000
00000000000000000000000000000000000000000000000000000000000000000000000000000000000000000000000033333330033333333330000000033000
00000000000000000000000000000000000000000000000000000000000000000000000000000000000000000000000000000000000000000000000000000000
00000000000000000000000000000000000000000000000000000000000000000000000000000000000000000000000000000000000000000000000000000000
00000000000000000000000000000000000000000000000000000000000000000000000000000000000000000000000000000000000000000000000000000000
00000000000000000000000000000000000000000000000000000000000000000000000000000000000000000000000000000000000000000000000000000000
00000000000000000000000000000000000000000000000000000000000000000000000000000000000000000000000000000000000000000000000000000000
00000000000000000000000000000000000000000000000000000000000000000000000000000000000000000000000000000000000000000000000000000000
00000000000000000000000000000000000000000000000000000000000000000000000000000000000000000000000000000000000000000000000000000000
00000000000000000000000000000000000000001111122112211012111112111112233222100000000000000000000000000000000000000000000000000000
00000000000000000000000000000000000000000100011111111011111111111222212221100000000000000000000000000000000000000000000000000000
00000000000000000000000000000000000000000000011111011001111101001222112212100000000000000000000000000000000000000000000000000000
00000000000000000000000000000000000000000000001110111011011100011111222222100000000000000000000000000000000000000000000000000000
00000000000000000000000000000000000000000000000001111111001110111110122221100000000000000000000000000000000000000000000000000000
00000000000000000000000000000000000000000000000001111101000110111000133321000000000000000000000000000000000000000000000000000000
00000000000000000000000000000000000000000000111001110001000000011001233321000000000000000000000000000000000000000000000000000000
00000000000000000000000000000000000000000000111111100000000000011112233221000000000000000000000000000000000000000000000000000000
