00000000000000010000000000000000000000000000000000000000000000000000000000001000000000000000000000000001110000000000000000000000
00000000000000111000000000000000000000000100000000000000000000000001000000000000000000000000000000000000100000000000000000000000
00000000000000010000000000000000000000000000000000000000000000000000100000000000000000000000000000000000000000000000000000000000
00000000000000000000000000000000000000000000000000000000000000000000000000000000000000000000010000000000000000000000000000000000
00000000000000000000000000000000000000000000000000001000000000000000000000000000000000000000100000000000000000000000000000000000
00000000000000000000000000010000000000000000000000011100000000000000000000000000000000000000000000000000000000000000000000000000
00000000000000000000000000001000000000000000000000001000000010000000000000000000000000000000000000000000000000000000000000000000
00000000000000000000000000000000000000000000000000000000000001000000000000000010000000000000000000000000000000000000000000000000
00000000000000000000000000000000000000000000000000000000000000000000000000000001000000000000000000000000000000000000010000000000
00000000000000000000000000000000000000000000000000000000000000000000000000000000000000000000000000000000000000000000100000000000
00000000000000000000000000000000000000000000000000000000000000000000000000000000000000000000000000000000000000000000000000000000
00000000000000001000000000000000000000000000000000000010000000000000000000000000000000000100000000000000000000000000000000000000
00000000000000010000000000000000000000010000000000000100010000100000000000000000000000000000000000000000000000000000000000000000
00000000000000000000000000000000000000100000000000000000000000000010010000010000000000000000000000000001000000000000000000000000
00000000000000000000000000000000000000000000000000000000000001000000001000100000000000000000000000000000100000000000000000000000
00000000000000000000000000000000000000000000000000000000000000000000000010000000000000000000000000000000000000000000000000000000
00000000000000000000000000000000000000000000000000000000000100000000000000000000000000000000000000000000000000000000000000000000
00000000000000000000000000000000000000000000000000000000000000000000000000000000000000000000100000000000000000000000000000000000
00000000000000000000000000000000000000000000000000000000000000000001000000000000100000000000000000000000000000000000000000000000
00000000000000000000000000000000010000000000001000000000010000010000000000000001000000000000000000000000000000000000000000000000
00000000000000000000000000000000001000000000010000000000000000000000010000000000000000000000000000000000000000000000000000000000
00000000000000000000000000000000000000000000000000000000000000000000000000000000000000000000000000000000000000000000000000000000
00000000000100000000000000000000000000000000000000000000000000000000000000000000000000000000000000000000000000000000000000000000
00000000000010000000000000000000000000000000000000000000000000000000000100000000000000010000000000000000000000000000000000000000
00000000000000000000000000000000000000000000000000000000000000000000001000000000000000000000000000000000000000000000000000000000
00000000000033300300000330030003033330333000000000003000000000101000000000000001003330003300300003000000000030000000000000000000
00000000000030030300003003003030030000300300000000033010000000000000000000000000003003030030300003000000000330000000000000000000
00000000000030030300003003000300030000300300001000003011000000000000000000010000003330030030300003000000000030000000000000000000
00000000000033300300003333000300033300333000000100003010000000000000000000100000003003033330300003000000000030100000000000000000
00000000000030000300003003000300030000303000000000003000000000000000000000000000003003030030300003000000000030010000000000000000
00000000000030000333303003000300033330300300000000003000000000000000000000000000003330030030333303333000000030000000000000000000
00000000000000000000000000000000000000000000000000000000000000000000000000000000000000000000000000000000000000000000000000000000
