13333221111011122233333332222221222222222111112333333333333333333333333333333321111222110000000000000000000000000001122222222100
13333322121101112222233332121222122122222111113333333333333333333333333333333321111233332111000000000000000000000122333333333100
13333332222222222222222222111122222122121111123333333333333333333333333333333331111233333333220000000000000000012333333333333200
13333333333333333333322111111111121112221011133333333333333333333333333333333333111133211222332200110000000000223333333333333200
13333333333333333333321111111111111111221000233333333333333333333333333333333333201123210100133212232221000012233333333333333200
12222233323333333333321111111111111112111001333333333333333333333333333333333333211112320100021011233333210023333333333333333200
11111122222222222222222121111111111111111001333333333333333333333333333333333333321112321101010111233112221133333333333333333200
01111111111111111222222121110011111111110002233333333333332333333333333333333333333221222221100121122100111133333322233333333100
00000000000000100111111111111101111111110002223323333333333333333333333333333333333333212333211121112210011123222111222333333200
00111000000000000100111111111101111111110002223223333333333333333333333333333333333333311123333333212320010112211111111233333200
00000000000000000000011111111111111111110002222223333333323222323333333333333333333333310112333333333222220112222111011123323200
00000000000000011000000000000000000000000000000233333233332322223333333333333333332233320012333333333211232232232211000112322200
00000000000000000033300333330033300333300333330232233333233223323333333333333333332222211112333332223321133333332222210011232200
00000001000010000300030003000300030300030003000222223223223322322333333333333333331111111222333332332111133332321233332001133200
00000000000001000300000003000300030300030003002222222222223333332233333333333333331121111223211121111111123321222333332210133100
00110010111111110033300003000300030333300003002222222222222233322333333333333333332333233333322221111123212111222223222111123100
01111011111111110000030003000333330303000003002222222222222232222333333333333333333333333333333332222333222222232110000001123100
01101111001111110000030003000300030300300003002222222222222222322233333333333333333333333333333333333333333333331100000001123100
01100010001111110300030003000300030300030003002122222222222222222233333333333333333333333333323333333333233333221000000001123100
01111111111111110033300003000300030300003003002222222222222222223333333333333333233333333332111233333332123333210000000001123100
01111111111111111000000000000000000000000000002222222222222222222333333333333332123333333332100123333332112333320000000001123100
01111111111111111111111001111111110101000000012222222222222223223333333333333321013333333333200013333333201333331000000000122200
11111111111111111111111111111111111111000100012222222222222223333333333332233310002333333333310012333333320233332100000001132200
01111111111111111111111111111111111011100110011222222222222223233333333332333310011233333333331001233333331123333200000001222200
11111111111100000000000000000000000000000000000122200022222223333333333323333321011000000000000000000033333000333310000002222200
11111111111000330300300330003300333000330033300112003022222222323333333233333332110333000330030000033003330030332210000012223200
12111111111000030300303003030030300303003030030112033032223323223333333333333333210300303003030000300303320330221100000122223200
12122222221000030300303000030030300303003030030133003032223333333333333333333333310333003003030000300301110030111111111222223200
11122222122000030300303033033330300303003033330333303033222332323333333333333333210300303003030000333300000030221111211222222200
12222222222030030300303003030030300303003030300333303032222211111133333333333332000300303003030000300300000030222222222222222100
13322222222003300033000330030030333000330030030111103022111100001233333333222211000333000330033330300300000030122211222222222100
13333222222200000000000000000000000000000000000000000000000000002322222111000000000000000000000000000000000000011100122222222100
