00000000000000000000000000000000000000000000000000000000000000000000000000000000000000000000000000000000000000000000000000000000
00000000000000000000000000000000000000003333300000000000333330000000333333000000333330000000000033333000000033333000000033330000
00000000000000000000000000000000000000033333330000000003333333000003333333000003333333000000100333333300000333333300000333333000
00000000000000000000000000010000000000333000333000000033300033300003300000000033300033300001103330003330003330003330003300003300
00000000000000000000000000000000000000330000033000000033000003300003300000000033000003300000103300000330003300000330033000000330
00000000000000000000000000000000000000330000033000000000000003300003300000000033000003300000003300000330000000000330033000000330
00000000000000000000000000000000000000000000033000000000000003300033333330000000000003300000000000000330000000000330033000000330
00000000000001000000000000000000000001000000033000000010000033000033333330000000000003300000000000000330000000003300033000000330
00000000000000000000000000000000000000000000330000000000003333000033000033000000000033000000000000003300000000333300033000000330
00000000000000000000000000000000000000000000330000000000003333000000000003300000000033000000000000003300000000333300033000000330
00000000000000000000000000000000000000000003300000000000000033300000000003300000000330000000000000033000000000003330033000000330
00000000000000000000000000010000000000000033000000000000000003300000000003300000003300000000000000330000000000000330033000000330
00000000000000000000000000000000000000000330000000000000100003300000000003300000033000000000000003300000000000000330033000000330
00000000000000000000000000000000000000003300010000000330000003300030000033000000330000000000100033000000033000000330033000000330
00000000000000000000000000000000000000033000000000000333000033300333000333000003300000000000000330000000033300003330003300003300
00000000000000000000000000000000000000333333333003300033333333000033333330000033333333300330003333333330003333333300000333333000
00000000000000000000000000000000000003333333333003300000333330000003333300000333333333300330033333333330000033333000000033330000
00000000000001000000000000000000000000000000000000000000000000000000000000100000000000000000000000000000000000000010000000000000
00000000000010000000000000000000000000001000000001000000001000000010000100000000000000000000000000000000000000000100000000000000
00000000000000000000000000000000000000000000000000000000000000100000000000000000000000000000000000000000000000000000000000000000
00000000000000000000000010000000000000000000000000000000001000000000000000000000000000000000000000000000000000000000000000000000
00000000000000000000000000000000100000000000000000000000000000000000100000100001000000000000000000000000000000000000000000000000
00000000000000000000000000000000000000000000000000000000000000100000000000000000000000000000000000000000000000000000000000000000
00000000000000000000000000000000000000000000000000000000100000000000000100000000000000000000000000000000000000000000000000000000
10000000000000000000000000000000000000000000000000100000000000000000000000000000000000000000000000000000000000000000000000000000
11000000000000330300300330003300333000330033300000003000000000000000000000000000000333000330030000033000000030000000000000000001
10000000000000030300303003030030300303003030030000033000000000000000000000000000000300303003030000300300000330000000000000000000
00000000000000030300303000030030300303003030030000003000000000000010000000000000000333003003030000300300000030000000000000000000
00000000000000030300303033033330300303003033330000003000000000000000000000000000000300303003030000333300000030000000000000000000
00000000000030030300303003030030300303003030300000003000000000010000000000000000000300303003030000300300000030100000000000000000
00000000000003300033000330030030333000330030030100003000000000000000000000010000000333000330033330300300000030000000000000000000
00000000000000000000000000000000000000000000000000000000000000000000000000100000000000000000000000000000000000000000000000000000
