00000000000000000000000000000000000000000000000000000000000000000000000000000000000000000000000000000000000000000000000000000000
00000000000000000000000000000000000000000000000000000000000000000000000000000000000000000000000000000000000000000000000000000000
00000000000000000000000000000000000000000000000000000000000000000000000000000000000000000000000000000000000000000000000000000000
00000000000000000000000000000000000000000000000000000000000000000000000000000000000000000000000110000000000000000000000000000000
00000000000000000000000000000000000000000000000000000000000000000000000000000000000000000000011221000000001000000000000000001111
00000000000000000000000000000000000000000000000000000000000000000000000000000000000000001121123332212211111210000000111112222233
00000000000000000000000000000000000000000000000000000000000000000000000000000000000000011112233333333333333221112233333333333333
00000000000000000000000000000000000000000000000000000000000000000000000000000000000021100001333333333333333333333232222222333333
00000000000000000000000000000000000000000000000000000000000000000000000000000000000333100023333332232233333333210001110001333333
00000000000000000000000000000000000000000000000000000000000000000000000000000000013333200333333310122222222221000000000013333333
00000000000000000000000000000000000000000000000000000000000000000000000000000000133321113333333200211112222220002110012223333333
00000000000000000000000000000000000000000000000000000000000000000000000000002222333320023333333101211222222331123322233333333333
00000000000000000000000000000000000000000000000000000000000000000000000000023333333332333333332001312222223333323332212333333333
00000000000000000000000000000000000000000000000000000000000000000000000000233333322232333333321000212222222222222121102333332333
00000000000000000000000000000000000000000000000000000000000000000000000001333111000000233333111000012212222222222111112333332223
00000000000000000000000000000000000000000000000000000000000000000000000002333000000000233332111000112111112211111111112322322222
00000000000000000000000000000000000000000000000000000000000000000000000003333200112100233333111000111100011111100000002222222222
00000000000000000000000000000000000000000000000000000000000000000000000003333200233200233333211000010000011111000000001322222221
00000000000000000000000000000000000000000000000000000000000000000000000003333101333300333333201000110000001111000000001222222221
00000000000000000000000000000000000000000000000000000000000000000000000003333201333310333333211000100000001111110000000222222222
00000000000000000000000000000000000000000000000000000000000000000000000001333322333321333333210000000000001111111101000122222222
00000000000000000000000000000000000000000000000000000000000000000000000000333333333332333333210000000000000000111111111122222222
00000000000000000000000000000000000000000000000000000000000000000000000000133222223222233332221000000000000000222211111112222222
00000000000000000000000000000000000000000000000000000000000000000000000000012322222222222222222000000000000002222111112111222222
00000000000000000000000000000000000000000000000000000000000000000000000000000111222222222222222111111010010013332222222221222222
00000000000000000000000000000000000000000000000000000000000000000000000000000000023322222222222222221111111133333322222222221122
00000000000000000000000000000000000000000000000000000000000000000000000000000000001322222222222222222111112233333333322222211122
00000000000000000000000000000000000000000000000000000000000000000000000000000000000123222222222222222212222222222222222222211122
00000000000000000000000000000000000000000000000000000000000000000000000000000000000012322222222222222222222222222222222222111111
00000000000000000000000000000000000000000000000000000000000000000000000000000000000001122222222222222222222222211111111112111111
00000000000000000000000000000000000000000000000000000000000000000000000000000000000000000011111122222222222221000000000000000000
00000000000000000000000000000000000000000000000000000000000000000000000000000000000000000000000000000000000000000000000000000000
