00000000000000000000000000000000000000000000000000000000000000000000000000000000000000000000000000000000000000000000000000000000
00000000000000000000000000000000000000000000000000000000000000000000000000000000000000000000000000000000000000000000000000000000
00000000000000000000000000000000000000000000000000000000000000000000000000000000000000000000000000000000000000000000000000000000
00000000000000000000000000000000000000000000000000000000000000000000000000000000000000000000000000000000000000000000000000000000
00000000000000000000000000000000000000000000000000000000000000000000000000000000000000000000000000000000000000000000000000000000
00000000000000000000000000000000000000000000000000000000000000000000000000000000000000000000000000000000000000000000000000000000
00000000000000000000000000000000000000000000000000000000000000000000000000000000000000000000000000000000000000000000000000000000
00000000000000000000000000000000000000000000000000000000000000000000000000000000000000000000000000000000000000000000000000000000
00000000000000000000000000000000000000000000000000000000000000000000000000000000000000000000000000000000000000000000000000000000
00000000000000000000000000000000000000000000000000000000000000000000000000000000000000000000000000000000000000000000000000000000
00000000000000000000000000000000000000000000000000000000000000000000000000000000000000000000000000000000000000000000000000000000
00000000000000000000000000000000000000000000000000000000000000000000000000000000000000000000000000000000000000000000000000000000
00000000000000000000000000000000000000000000000000000000000000000000000000000000000000000000000000000000000000000000000000000000
00000000000000000000000000000000000000000000000000000000000000000000000000000000000000000000000000000000000000000000000000000000
00000000000000000000000000000000000000000000000000000000000000000000000000000000000000000000000000000000000000000000000000000000
00000000000000000000000000000000000000000000000000000000002222000000022000000000000000000000000000000000000000000000000000000000
00000000000000000000000000000000000000000000000000000000023333200000233000000000000000000000000000000000000000000000000000000000
00000000000000000000000000000000000000000000000000000000023333200000233000000000000000000000000000000000000000000000000000000000
00000000000000000000000000000000000000000000000000000000023223200002332000000000000000000000000000000000000000000000000000000000
00000000000000000000000000000000000000000000000000000000023003200023332000000000000000000000000000000000000000000000000000000000
00000000000000000000000000000000000000000000000000000000023003200023032000000000000000000000000000000000000000000000000000000000
00000000000000000000000000000000000000000000000000000000023003200233032000000000000000000000000000000000000000000000000000000000
00000000000000000000000000000000000000000000000000000000023003200230032000000000000000000000000000000000000000000000000000000000
00000000000000000000000000000000000000000000000000000000023003200233333200000000000000000000000000000000000000000000000000000000
00000000000000000000000000000000000000000000000000000000023003200222223200000000000000000000000000000000000000000000000000000000
00000000000000000000000000000000000000000000000000000000023003200000023000000000000000000000000000000000000000000000000000000000
00000000000000000000000000000000000000000000000000000000023223200000023000000000000000000000000000000000000000000000000000000000
00000000000000000000000000000000000000000000000000000000023333200000232000000000000000000000000000000000000000000000000000000000
00000000000000000000000000000000000000000000000000000000023333200000232000000000000000000000000000000000000000000000000000000000
00000000000000000000000000000000000000000000000000000000002222000000220000000000000000000000000000000000000000000000000000000000
00000000000000000000000000000000000000000000000000000000000000000000000000000000000000000000000000000000000000000000000000000000
00000000000000000000000000000000000000000000000000000000000000000000000000000000000000000000000000000000000000000000000000000000
