00000000000000000000000000000000000000000000000000000000000000000000000000000000000000000000000000000000000000000000000000000000
00000033333333330000003333333333333333333333300000000000000033000000000000000333333333333333300000000003333333333333333333333300
00000333333333333000003333333333333333333333300000000000000333300000000000000333333333333333333000000003333333333333333333333310
00003333331111133300003311113333333333311111110000000000000333300000000000000333333333333333333300000003311113333333333311111110
00033333333100113330000111113333333333311111110000000000003333310000000000000333333333331111113330000000111113333333333311111110
00333333333100001311000000003333333333311000000000000000003333330000000000000333333333331000111333000000000003333333333310000000
00333333333300000011000000003333333333311000000000000000033333331000000000000333333333331000000133300000000003333333333310000000
03333333333330000000000000003333333333311000000000000000033333333000000000000333333333331000000003310000000003333333333310000000
03333333333330000000000000003333333333311000000000000000333333333100000000000333333333331000000003330000000003333333333310000000
03333333333333000000000000003333333333311000000000000000333333333300000000000333333333331000000000331000000003333333333310000000
03333333333333300000000000003333333333311000000000000003333333333310000000000333333333331000000000331000000003333333333310000000
00333333333333300000000000003333333333311000000000000003333333333330000000000333333333331000000000331000000001110000000000000000
00000000000000000000000000000000000000000000000000000000000000000000000000000000000000000000000000000000000000000000000000000000
00000000000000000000000000000000000000000000000000000000000000000000000000000000000000000000000000000000000000000000000000000000
00000000000000000000000000000000000000000000000000000000000000000000000000000000000000000000000000000000000000000000000000000000
00000000000000000000000000000000000000000000000000000000000000000000000000000000000000000000000000000000000000000000000000000000
00000000000000000000000000000000000000000000000000000000000000000000000000000000000000000000000000000000000000000000000000000000
00000000000000000000000000000000000000000000000000000000000000000000000000000000000000000000000000000000000000000000000000000000
00000000000000000000000000000000000000000000000000000000000000000000000000000000000000000000000000000000000000000000000000000000
00000000000000000000000000000000000000000000000000000000000000000000000000000000000000000000000000000000000000000000000000000000
00000000000000000000000000000000000000000000000000000000000000000000000000000000000000000000000000000000000000000000000000000000
00000000000000000000000000000000000000000000000000000000000000000000000000000000000000000000000000000000000000000000000000000000
00000000000000000000000000000000000000000000000000000000000000000000000000000000000000000000000000000000000000000000000000000000
00000000000000000000000000000000000000000000000000000000000000000000000000000000000000000000000000000000000000000000000000000000
00000000000000000000000000000000000000000000000000000000000000000000000000000000000000000000000000000000000000000000000000000000
00000000000000000000000000000000000000000000000000000000000000000000000000000000000000000000000000000000000000000000000000000000
00000000000000000000000000000000000000000000000000000000000000000000000000000000000000000000000000000000000000000000000000000000
00000000000000000000000000000000000000000000000000000000000000000000000000000000000000000000000000000000000000000000000000000000
00000000000000000000000000000000000000000000000000000000000000000000000000000000000000000000000000000000000000000000000000000000
00000000000000000000000000000000000000000000000000000000000000000000000000000000000000000000000000000000000000000000000000000000
00000000000000000000000000000000000000000000000000000000000000000000000000000000000000000000000000000000000000000000000000000000
00000000000000000000000000000000000000000000000000000000000000000000000000000000000000000000000000000000000000000000000000000000
