00000100000000000000000000000000000000000100000000000000000000000000000000000000000000000000000000000000000000100000000000000000
00001110000000000100000001000000000000000000000000000000000000033000000033333300000033330000000000003333000000003333000000033000
00000100000000000000000000000000001000000000000000000100000000333000000333333300000333333000000000033333300000033333300000333000
00000000000000000000000000000000000000000000000000000000000003333000000330000000003300003300100000330000330000330000330003333000
00000000000000000000000000000000000000000000000000000000010000033000000330000000033000000330000003300000033003300000033000033000
00000000000000000000000000000000000000000000001000000000000000033000000330000000033000000330000003300000033003300000033000033000
00000000000000000000000000000000000000000000000000000000000000033000103333333000033000000330000003300000033003300000033000033000
00000000100000000000000000000000000000000000000000010000000000033000003333333000033000000330000003300000033003300000033000033000
00000000000000000000000000000000000000000000000000000000000000033000003300003300033000000330000003300000033003300100033000033000
00000000000000000000000000001000000000000000100000000000100010033000000000000330033000000330000003300000033003300000033000033000
00000000000000000000000000000000000000000000000000000000000000033000010000000330033000000330000003300000033003300000033000033000
00000000000000000000000000000000000000000000000000000000000000033000000000000330033000000330000003300000033003300000033000033000
00000000000000000000000000000000000000100000000000000000001000033000000000100330033000000330000003300000033003300000033000033000
00000000000000000100000000000000000000000000000000000000000001033001003000003300033000000330000003300000033003300000033000033000
00000000000000000000000000000000000000000000000000000000000000033000033300033300003300003300000000330000330000330000330000033000
00000000000000000000000000000000000000000000000000000000000000033000003333333000000333333000033010033333300000033333300000033000
00000000000000000000000000001000000000000000000100000100000100033000000333330000000033330000033000003333000000003333000000033000
00000000001000000000000000000000000010000000000000000000000000000000010000000000000000000000000000000000000000000000000000000000
00000100000000000000000000000000000000000100000000000000000000100000000000100000000000000000000000000000000000000000000000000000
00000000000000000000000000000000000000000000000000000000000000000000000000000000000000000000000000000000000000000000000000000000
00000000000000000000000000000000000000000000000000000100010000000001000000000000000000000000000000000000000000000000000000000000
00000000000000000001000000000000000000000000000000000000000000000000000000000000100000000000000000000000000000000000000000000000
00000000000000000000000000000000000000000000001000000000000000000100000000000000000000000000000000000000000000000000000000000000
00000000000000000000000000000000000000000000000000000000000000000000000000000000000000000000000000000000000000000000000000000000
00000000000000000000000000000000000000000000000000000001000000100000000000000000000000000000000000000000000000000000000000000000
00000000000033300300000330030003033330333000000000003000000000000000001000000000003330003300300003000000000030000000000000001000
00000000000030030300003003003030030000300300000000033000000000000010000000000000003003030030300003000000000330000000000000000000
00000000000030030300003003000300030000300300000000003000000000100000000000000000003330030030300003000000000030000000000000000000
00000000001033300300003333000300033300333000000000003000010000000000000000000000003003033330300003000000000030000000000000000000
00000000000030000300003003000300030000303000001000003000000000000000000000000000003003030030300003000010000030000000000000000000
10000000000030000333303003000300033330300300000000003000000000000000000100000000003330030030333303333011000030000010000000000000
00000000000000000000000000000000000000000000000000000000000000000000100000000000100000000000000000000010000000000000000000100000
