00000000000000000000000000000000000000000000000000000000000000000000000000000000000000000000000000000000000000000000000000000000
00000000000000000000000000000000000000000000000000000000000000000000000000000000000000000000000000000000000000000000000000000000
00000000000000000000000000000000000000000000000000000000000000000000000000000000000000000000000000000000000000000000000000000000
00000000000000000000000000000000000000000000000000000000000000000000000000000000000000000000000000000000000000000000000000000000
00000000000000000000000000000000000000000000000000000000000000000000000000000000000000000000000000000000000000000000000000000000
00000000000000000000000000000000000000000000000000000000000000000000000000000000000000000000000000000000000000000000000000000000
00000000000000000000000000000000000000000000000000000000000000000000000000000000000000000000000000000000000000000000000000000000
00000000000000000000000000000000000000000000000000000000000000000000000000000000000000000000000000000000000000000000000000000000
00000000000000000000000000000000000000000000000000000000000000000000000000000000000000000000000000000000000000000000000000000000
00000000000000000000000010000010001110000011110001111110001111001100011000111110000000001111111001111100111111000000000000000000
00000000000000000000000011010110011111000011110001111110001111001110011001111110000000001111111011111110111111100000000000000000
00000000000000000000000011010110111011100001100000011000000110001111011011100000000000001100000011000110110001100000000000000000
00000000000000000000000011111110110001100001100000011000000110001111111011001110000000001111100011000110110011100000000000000000
00000000000000000000000001111100111111100001100000011000000110001101111011100110000000001111100011000110111110000000000000000000
00000000000000000000000001101100110001100011110000011000001111001100111001111110000000001100000011111110110111000000000000000000
00000000000000000000000001000100110001100011110000011000001111001100011000111110000000001100000001111100110011100000000000000000
00000000000000000000000000000000000000000000000000000000000000000000000000000000000000000000000000000000000000000000000000000000
00000000000000000000000000000000000000000000000000000000000000000000000000000000000000000000000000000000000000000000000000000000
00000000000000000000000000000000000000000000000000000000000000000000000000000000000000000000000000000000000000000000000000000000
00000000000000000000000000000000000000000000000000000000000000000000000000000000000000000000000000000000000000000000000000000000
00000000000000000000000000000000000000000000000000000000000000000000000000000000000000000000000000000000000000000000000000000000
00000000000000000000000001111000000000001111110000111100011111100111110000000000001111001111110011000110000000000000000000000000
00000000000000000000000033003300000000003333333000333300033333303333333000000000033333303333333033000330000000000000000000000000
00000000000000000000000033333300000000003300333000033000000330003330000000000000330003303300033033000330000000000000000000000000
00000000000000000000000003333000000000003333330000033000000330000333330000000000330000003333333033000330000000000000000000000000
00000000000000000000000033033330000000003300333000033000000330000000333000000000333003303333330033303330000000000000000000000000
00000000000000000000000033000330000000003333333000333300000330003333333000000000033333303300000033333330000000000000000000000000
00000000000000000000000003333300000000003333330000333300000330000333330000000000003333003300000003333300000000000000000000000000
00000000000000000000000000000000000000000000000000000000000000000000000000000000000000000000000000000000000000000000000000000000
00000000000000000000000000000000000000000000000000000000000000000000000000000000000000000000000000000000000000000000000000000000
00000000000000000000000000000000000000000000000000000000000000000000000000000000000000000000000000000000000000000000000000000000
00000000000000000000000000000000000000000000000000000000000000000000000000000000000000000000000000000000000000000000000000000000
