00000000000000000000000000000000000000000000000000000000222222222222333322221223333333333321000000000000000000000000000000000000
00333000030033303330000003000300030000000300030003000000222222222222223333332333333333333333200000000000000000000000000000000000
00333000330030003000000030003030303000003030303030300000322222222221111233333333333333333333322100000000000000000000000112122100
10033011030033003300000033003030303000003030303030300000333321212222111123333333333333333333333322110000000000000000012222233100
13033022030000300030000030303030303000003030303030300000233331112121100023333333333333333333333333332220000000000001222223332100
13033022030030303030000030303030303000003030303030300000222221111111110123333333333333233333333332123231000100000012233333333200
13033033030003000300030003000300030003000300030003000000322121111111000233333333333333333333333333101122112221110122232333333200
13033033000000000000000000000000000000000000000000000000331221111111001233333333333333333333333333100012112333322233332333333200
13000033333333211100000001333321111111121122222222222222321111111110001233333333333333333333333333321100121320121133332222333200
13333333333333211100000001333321011111111111111112112211211111111110001232333333333333333333333333322210121221001122222111222200
13333333333333221100000001333322111111111111111001111111110111111110002222333333332333333333333333311232232122001122122111123200
13333333333333321100000001333333211111111110100000000111111011111110002222223323322233322333333333320133333222111022211101112200
13333333333333211100000002333323210100111101111101101111111011111110002122222222222223333333333333320133333333222222222110001100
13333333333333222100000001333322211111111101101100111111111001111100001122222222223223233333333333320133332222212333322321101000
13333333333333222100000002333322111111110101111111111111111001111111001112222222222222233333333333321222222221102332322333210000
13333333333333221100000002333321111111111111111111111111101011111111001112222222222222233333333333322321111111111321222332222000
13333333333333221100000002333311111111111111111111111111110011111100001122222222222222222333333333333332211222211111221111101000
13333333333333322100000002333211111111111111111111111111110110111110001111222222222222222333333333333333333333323222320000000000
13333333333333222110000002333211121112111111111211111111000011111110000111222222222222323333333333333333333333333333210000000000
13333333333333222211111123333211111111111111221111111000001111001010000112122222222222223333333333332112333332123332100000000000
13333333333333333322223233333211111111111111121111110000001011111001000022222222222222223333332333332100233332112333100000000000
23333333333333333333333333333222211122112212222222110100001011111100100011222222222222233333333333333210123333311233310000000000
13333333333333333333333333332123221222122112222222111110101111111101101001222222222223333333323333333321013333321133320000000000
13333333333333333333333333332223332222222122222222211011111111101101111101322222222222333333321133333332112333332123332000000100
13333333333300000000000000000000000000000000002222200011111111111111111113332222222000000000000000000033210000333212332100001100
13333333333000330300300330003300333000330033300222003011111111011111111133333311220333000330030000033003300330032112221000001200
13333333333000030300303003030030300303003030030222033011111111111110112333333200110300303003030000300303103003011211110000012100
13333322333000030300303000030030300303003030030322003011111111111000122223222101000333003003030000300301000003001111111111122100
13333322332000030300303033033330300303003033330333203010000000000000001111111100000300303003030000333300000330000111111111122100
13233333333030030300303003030030300303003030300333303030000000000000000000000000000300303003030000300300003000000011111111112100
13333333333003300033000330030030333000330030030333303020000000000000000000000000000333000330033330300300003333000001110011121100
13333333333300000000000000000000000000000000003333300000000000000000000000000000000000000000000000000000000000000000010011111100
