00000000000000000000011110000000000000000000000000000000000000000000000000000000000000000000000000000000000000000000011111000032
00000000000000000001111121110000000000000000333333000000000033333000000000003000000333333000000003333333333000003333001110033032
00000000000000000011111121221100000000000003333333000000000333333300000000033000003333333300000003333333333000033333300100333022
00000000000000000011111111222110000000000003300000000000003330003330000000033000003300003300000000000000330000333003330003333033
00000000000000000001111111223221000000000003300000000000003300000330000000333000033000000330000000000000330003300000033000033033
00000000000000000111111111122232000000000003300000000000000000000330000000333000033000000330000000000003300003300001033021033021
00000000000000000111111112222222110000000033333330000000000000000330000003333001033300003330000000000003300003300000033022033010
00000000000000000121111111222222210000000033333330000000000000003300011033033001003333333300000000000033000003300000033022033000
00000000000000000011111111221221210000000033000033000000000000333300110033033001100333333000000000000033000003330000333011033000
00000000000000000011111121211332111000000000000003300000000000333300100330033011003333333300000000000330000000333333330000033000
00000000000000000001111111211222111111000000000003300000000110003330003330033021033330033330000000000330000000033333330000033000
00000000000000000001111111112111222222100000000003300000001111200330033300033000033300003330000000003300000000000033300000033000
00000000000000000001111111122111333333100000000003300000000012210330033333333330033000000330000000003300000000000033000000033000
00000000000000000000011111121112333333100030000033000000033002100330033333333330033000000330000000033000000000000330000000033000
00000000000000000000011111221122333221000333000333000000033300003330000000033000033300003330000000033000000000003300000000033000
00000000000000000000001221222233233100000033333330000330003333333300222211033010003333333300033000330000000000033000000000033000
00000000000000000000001111122232232100000003333300000330000033333002221211033010000333333000033003330000000000330000000000033000
00000000000000000000000011123222221000000000000000000000001000000011221212000010000000000000000000000000000000000000000000000000
00000000000000000000000001112321221000000000000000000000000000011111121223332210000000000000000000000000000000000000000000000000
00000000000000000000000000012222220000000000000000000000000000001211221123222210000000000000000000000000000000000000000000000000
00000000000000000000000000001111110000000000000000000000000000001111111111223211000000000000000000000000000000000000000000000000
00000000000000000000000000000000000000000000000000000000000000000111111211222211000000000000000000000000000000000000000000000000
00000000000000000000000000000000000000000000000000000000000000000111111222222111000000000000000000000000000000000000000000000000
00000000000000000000000000000000000000000000000000000000000000000011112222212221000000000000000000000000000000000000000000000000
00000000000000000000000000000000000000000000000000000000000000000011111222212221000000000000000000000000000000000000000000000000
00000000000000000000000000000000000000000000000000000000000000000000011121122221000000000000000000000000000000000000000000000000
00000000000000000000000000000000000000000000000000000000000000000000000111122111000000000000000000000000000000000000000000000000
00000000000000000000000000000000000000000000000000000000000000000000000000121000000000000000000000000000000000000000000000000000
00000000000000000000000000000000000000000000000000000000000000000000000000011000000000000000000000000000000000000000000000000000
00000000000000000000000000000000000000000000000000000000000000000000000000000000000000000000000000000000000000000000000000000000
00000000000000000000000000000000000000000000000000000000000000000000000000000000000000000000000000000000000000000000000000000000
00000000000000000000000000000000000000000000000000000000000000000000000000000000000000000000000000000000000000000000000000000000
