00000000000000000000000000000000000000000000000000000000000000000000000000000000000000000000000000000000000000000000000000000000
00000000000000000000000000000000000000000000000000000000000000000000000000000000000000000000000000000000000000000000000000000000
00000000000000000000000000000000000000000000000000000000000000000000000000000000000000000000000000000000000000000000000000000000
00000003333333300033333330033300000000333000000000033333333303333333333333333333333333333330003333333333333300000033300000000000
00000003111111330331111133031300000003313300000000031111111333111111133111111133111111133133003133133111111330000331330000000000
00000003133333133313333313331300000003131300000000031333333133133333333333133333133333333113303133133133333133000313130000000000
00000003130003133133000331331300000003131300000000031300003133130000000003130003130000003131303133133130003313000313130000000000
00000003133333133130000031331300000033131330000000031300003133133333330003130003133333333131333133133130000010000010100000000000
00000000111111000100000001001000000001000100000000001000000100111111100000100000111111100100100100100100000010000100010000000000
00000000100000100100000001001000000001000100000000001111111000100000000000100000100000000100100100100100000010000100010000000000
00000000100000100100000001001000000011111110000000001000100000100000000000100000100000000100010100100100000010001111111000000000
00000000100000100100000001001000000010000010000000001000010000100000000000100000100000000100010100100100000010001000001000000000
00000000100000100010000010001000000100000001000000001000001000100000000000100000100000000100001100100100000100010000000100000000
00000000111111000001111100001111110100000001000000001000000100111111100000100000111111100100000100100111111000010000000100000000
00000000000000000000000000000000000000000000000000000000000000000000000000000000000000000000000000000000000000000000000000000000
00000000000000000000000000000000000000000000000000000000000000000000000000000000000000000000000000000000000000000000000000000000
00000000000000000000000000000000000000000000000000000000000000000000000000000000000000000000000000000000000000000000000000000000
00000000000000000000000000000000000000000000000000000000000000000000000000000000000000000000000000000000000000000000000000000000
00000000000000000000000000000000000000000000000000000000000000000000000000000000000000000000000000000000000000000000000000000000
00000000111111000001000000111111100000001000000000001000000010010000010010000111111100100111111000000010000001000000010000000000
00000000100000100010100000100000010000010100000000001100000110010000010010000000100000100100000100000101000001000000010000000000
00000000100000100010100000100000010000010100000000001100000110010000010010000000100000100100000100000101000001000000010000000000
00000000100000100010100000100000010000010100000000001010001010010000010010000000100000100100000100000101000001000000010000000000
00000000100000100100010000100000010000100010000000001010001010010000010010000000100000100111111000001000100001000000010000000000
00000000111111000100010000111111100000100010000000001001010010010000010010000000100000100100000100001000100001000000010000000000
00000000100000001111111000100010000001111111000000001001010010010000010010000000100000100100000100011111110001000000010000000000
00000000100000001000001000100001000001000001000000001001010010010000010010000000100000100100000100010000010001000000010000000000
00000000100000010000000100100000100010000000100000001000100010001000100010000000100000100100000100100000001001000000010000000000
00000000100000010000000100100000010010000000100000001000100010000111000011111100100000100111111000100000001001111110011111100000
00000000000000000000000000000000000000000000000000000000000000000000000000000000000000000000000000000000000000000000000000000000
00000000000000000000000000000000000000000000000000000000000000000000000000000000000000000000000000000000000000000000000000000000
00000000000000000000000000000000000000000000000000000000000000000000000000000000000000000000000000000000000000000000000000000000
