00000000000000000000000000000000000000000000000000000000000000000000000000000000000000000000000000000000000000000000000000000000
00000000000000000000000000000000000000000000000000000000000000000000000000000000000000000000000000000000000000000000000000000000
00000000000000000000000000000000000000000000000000000000000000000000000000000000000000000000000000000000000000000000000000000000
00000000000000000000000000000000000000000000000000000000000000000000000000000000000000000000000000000000000000000000000000000000
00000000000000000000000000000000000000000000000000000000000000000000000000000000000000000000000000000000000000000000000000000000
00000000000000000000000000000000000000000000000000000000000000000000000000000000000000000000000000000000000000000000000000000000
00000000000000000000000000000000000000000000000000000000000000000000000000000000000000000000000000000000000000000000000000000000
00000000000000000000000000000000000000000000000000000000000000000000000000000000000000000000000000000000000000000000000000000000
00000000000000000000000000000000000000000000000000000000000000000000000000000000000000000000000000000000000000000000000000000000
00000000000000000000000000000000000000000000000000000000000000000000000000000000000000000000000000000000000000000000000000000000
00000000000000000000000000000000000000000000000000000000000000000000000000000000000000000000000000000000000000000000000000000000
00000000000000000000000000000000000000000000000000000000000000000000000000000000000000000000000000000000000000000000000000000000
00000000000000000000000000000000000000000000000000000000000000000000000000000000000000000000000000000000000000000000000000000000
00000000000000000000000000000000000000000000000000000000000000000000000000000000000000000000000000000000000000000000000000000000
00000000000000000000000000000000000000000000000000000000000000000000000000000000000000000000000000000000000000000000000000000000
00000000000000000000000000000000000000000000000000000000000000000000000000000000000000000000000000000000000000000000000000000000
00000000000000000000000000000000000000000000000000000000000000000000000000000000000000000000000000000000000000000000000000000000
00000000000000000000000000000000000000000000000000000000000000000000000000000000000000000000000000000000000000000000000000000000
00000000000000000000000000000000000000000000000000000000000000000000000000000000000000000000000000000000000000000000000000000000
00000000000000000000000000000000000000000000000000000000000000000000000000000000000000000000000000000000000000000300200000000000
00000000020030200202002020010221201002000000000200303003003003030030232202002030020100203002000000300202222022220100200000000000
00000000023020300302301020220200202021000000000200302003002002022030302203003033020303202003000000310202012020020201200000000000
00000000002212100200222122200200222120000000000200302002003003003333322001002002332222002002000000033122220020012221000000000000
00000000000131312200011211000222222200000000000233303322002232000233330002003000322220002222000000003321200021222220000000000000
00000000000000000000000000000000000000000000000000000000000000000000000001001000000000000000000000000000000000000000000000000000
00000000000000000000000000000000000000000000000000000000000000000000000002003000000000000000000000000000000000000000000000000000
00000000000000000000000000000000000000000000000000000000000000000000000002003000000000000000000000000000000000000000000000000000
00000000000000000000000000000000000000000000000000000000000000000000000003003000000000000000000000000000000000000000000000000000
00000000000000000000000000000000000000000000000000000000000000000000000003022000000000000000000000000000000000000000000000000000
00000000000000000000000000000000000000000000000000000000000000000000002123230000000000000000000000000000000000000000000000000000
00000000000000000000000000000000000000000000000000000000000000000000002323200000000000000000000000000000000000000000000000000000
00000000000000000000000000000000000000000000000000000000000000000000000000000000000000000000000000000000000000000000000000000000
