00000000000000000000000000000000000000000000000000000000000000000000000000000000000000000000000000000000000000000000000000000000
00000000000000000000000000000000000000000000000000000000000000000000000000000000000000000000000000000000000000000000000000000000
00000000000000000000000000000000000000000000000000000000000000000000000000000000000000000000000000000000000000000000000000000000
00000000000000000000000000000000000000000000000000000000000000000000000000000000000000000000000000000000000000000000000000000000
00000000000000000000000000000000000000000000000000000000000000000000000000000000000000000000000000000000000000000000000000000000
00000000000000000000000000000000000000000000000000000000000000000000000000000000000000000000000000000000000000000000000000000000
00000000000000000000000000000000000000000000000000000000000000000000000000000000000000000000000000000000000000000000000000000000
00000000000000000000000000000000000000000000000000000000000000000000000000000000000000000000000000000000000000000000000000000000
00000000000000000000000000000000000000000000000000000000000000000000000000000000000000000000000000000000000000000000000000000000
00000000000000000000000000000000000000000000000000000000000000000000000000000000000000000000000000000000000000000000000000000000
00000000000000000000000000000000000000000000000000000000000000000000000000000000000000000000000000000000000000000000000000000000
00000000000000000000000000000000000000000000000000000000000000000000000000000000000000000000000000000000000000000000000000000000
00000000000000000000000000000000000000000000000000000000000000000000000000000000000000000000000000000000000000000000000000000000
00000000000000000000000000000000000000000000000000000000000000000000000000000000000000000000000000000000000000000000000000000000
00000000000000000000000000000000000000000000000000000000000000000000000000000000000000000000000000000000000000000000000000000000
00000000000000000000000000000000000000000000000000000000002222000022222200000000000000000000000000000000000000000000000000000000
00000000000000000000000000000000000000000000000000000000023333200023333200000000000000000000000000000000000000000000000000000000
00000000000000000000000000000000000000000000000000000000023333200023333200000000000000000000000000000000000000000000000000000000
00000000000000000000000000000000000000000000000000000000023223200023333200000000000000000000000000000000000000000000000000000000
00000000000000000000000000000000000000000000000000000000023003200023003200000000000000000000000000000000000000000000000000000000
00000000000000000000000000000000000000000000000000000000023003200023023000000000000000000000000000000000000000000000000000000000
00000000000000000000000000000000000000000000000000000000023003200000023000000000000000000000000000000000000000000000000000000000
00000000000000000000000000000000000000000000000000000000023003200000232000000000000000000000000000000000000000000000000000000000
00000000000000000000000000000000000000000000000000000000023003200000230000000000000000000000000000000000000000000000000000000000
00000000000000000000000000000000000000000000000000000000023003200000230000000000000000000000000000000000000000000000000000000000
00000000000000000000000000000000000000000000000000000000023003200002300000000000000000000000000000000000000000000000000000000000
00000000000000000000000000000000000000000000000000000000023223200002300000000000000000000000000000000000000000000000000000000000
00000000000000000000000000000000000000000000000000000000023333200002300000000000000000000000000000000000000000000000000000000000
00000000000000000000000000000000000000000000000000000000023333200023000000000000000000000000000000000000000000000000000000000000
00000000000000000000000000000000000000000000000000000000002222000022000000000000000000000000000000000000000000000000000000000000
00000000000000000000000000000000000000000000000000000000000000000000000000000000000000000000000000000000000000000000000000000000
00000000000000000000000000000000000000000000000000000000000000000000000000000000000000000000000000000000000000000000000000000000
