00000000000000000000000000000000000000000000000000000000000000000000000000000000000000000000000000000000000000000000000000000000
00000000000000000000000000000333300003333333000033333330033333300003300333333330000333330000033333000000000000000000000000000000
00000000000000000000000000003311110003111111100031111111031111110003110311111111003311111000331111100000000000000000000000000000
00000000000000000000000000033111111003111111110031111111031111111003110011111111033111111100311111110000000000000000000000000000
00000000000000000000000000031110011103110003110031100000031100011103110000311000031110001110311000110000000000000000000000000000
00000000000000000000000000031100001103113333110031133330031100031103110000311000031100003110311333000000000000000000000000000000
00000000000000000000000000031100000003111111100031111111031100031103110000311000031100003110011111100000000000000000000000000000
00000000000000000000000000031100033003111111000031111111031100031103110000311000031100003110001111110000000000000000000000000000
00000000000000000000000000031100331103110011100031100000031100331103110000311000031100033110330003110000000000000000000000000000
00000000000000000000000000001113311103110031100031133330031133311103110000311000001113331110311333110000000000000000000000000000
00000000000000000000000000000111111003110001110031111111031111111003110000311000000111111100011111110000000000000000000000000000
00000000000000000000000000000011110000110000111001111111001111110000110000011000000011111000001111100000000000000000000000000000
00000000000000000000000000000000000000000000000000000000000000000000000000000000000000000000000000000000000000000000000000000000
00000000000000000000000000000000000000000000000000000000000000000000000000000000000000000000000000000000000000000000000000000000
00000000000000000000000000000000000000000000000000000000000000000000000000000000000000000000000000000000000000000000000000000000
00000000000000000000000000000000000000000000000000000000000222000022220000000000000000000000000000000000000000000000000000000000
00000000000000000000000000000000000000000000000000000000002333000233332000000000000000000000000000000000000000000000000000000000
00000000000000000000000000000000000000000000000000000000002333000233332000000000000000000000000000000000000000000000000000000000
00000000000000000000000000000000000000000000000000000000002223000232232000000000000000000000000000000000000000000000000000000000
00000000000000000000000000000000000000000000000000000000000023000230032000000000000000000000000000000000000000000000000000000000
00000000000000000000000000000000000000000000000000000000000023000230032000000000000000000000000000000000000000000000000000000000
00000000000000000000000000000000000000000000000000000000000023000230032000000000000000000000000000000000000000000000000000000000
00000000000000000000000000000000000000000000000000000000000023000023320000000000000000000000000000000000000000000000000000000000
00000000000000000000000000000000000000000000000000000000000023000230032000000000000000000000000000000000000000000000000000000000
00000000000000000000000000000000000000000000000000000000000023000230032000000000000000000000000000000000000000000000000000000000
00000000000000000000000000000000000000000000000000000000000023000230032000000000000000000000000000000000000000000000000000000000
00000000000000000000000000000000000000000000000000000000002223000232232000000000000000000000000000000000000000000000000000000000
00000000000000000000000000000000000000000000000000000000002332000233332000000000000000000000000000000000000000000000000000000000
00000000000000000000000000000000000000000000000000000000002332000233332000000000000000000000000000000000000000000000000000000000
00000000000000000000000000000000000000000000000000000000002222000022220000000000000000000000000000000000000000000000000000000000
00000000000000000000000000000000000000000000000000000000000000000000000000000000000000000000000000000000000000000000000000000000
00000000000000000000000000000000000000000000000000000000000000000000000000000000000000000000000000000000000000000000000000000000
