13322222122222222223233333333333333333333222122222222222222222222233333333333333333320000000000000000000000000000000000000000000
13332212111112122222233333333333333333333222222222222222222222222233333333333333333320000000000000000000000000000000000000000000
13332211111111122222233333333333333333333322211222222222222222222333333333333333333331000000000000000000000000000000000000000000
13333221111111222222233333333333333333333222222222222222222222223333333333333333333331000000000000000000000000000000000000000000
13333222111111222222333333333333333333333222222222222222222222223233333333333333333332000000000000000000000000000000000000000000
13333211111111112222333333333333333333333222222222221222222222222333333333333333333332000000000000000000000000000000000000000000
13333211111111112222333333333333333333333332222222222222222222222233333333333333333333000000000000000000000000000000000000000000
13333321111111112222233333333333333333333332222122222222222222222333333333333333333333100000000000000000000000000000000000000000
13333321111111112222233333333333333333333333222122222222222222223333333333333333333333100000000000000000000000000000000000000000
13333331111111112122222333333333333333333333221111222222222222222333333333333333333333200000000000000000000000000000000000000000
13333331111111111122223333333333333333333333222222222222222222222233333333333333333333100000000000000000000000000000000000000000
13333331111111111122223333333333333333333333222222212222222222222233333333333333333333200000000000000000000000000000000000000000
13333332111111112122223333333333333333333333222222122222222222322233333333333333333333200000000000000000000000000000000000000000
13333332111111111122223333333333333333333333222222212222222222223233333333333333333333200000000000000000000000000000000000000000
13333332111111111122223333333333333333333333222211222222222222222233333333333333333333200000000000000000000000000000000000000000
13333332111111111112222333333333333333333333322212222222222222222333333333333333333333200000000000000000000000000000000000000000
12333332111111111112222333333333333333333333222212212222222222223333333333333333333333200000000000000000000000000000000000000000
12333333111111111112222233333333333333333333322211122222222222222322333333333333333333200000000000000000000000000000000000000000
12333333111111111112223333333333333333333333222111111222222222222322333333333333333333200000000000000000000000000000000000000000
02333333111111111112223333333333333333333333322111111122222222222223333333333333333333200000000000000000000000000000000000000000
02333333211111111121222333333333333333333333322111221122222222222222333333333333333333200000000000000000000000000000000000000000
02333333211101111112222333333333333333333333322211121122222222222223233333333333333333100000000000000000000000000000000000000000
02333333211111111112222333333333333333333333321111111122222222222322233333333333333333100000000000000000000000000000000000000000
01333333211111111111122333333333333333333333322111111222222222223232333333333333333333100000000000000000000000000000000000000000
01333333211000000000000000000000000000000033322111100022222222222222333333333333300000000000000000000000000000000000000000000000
01333333211033300300000330030003033330333003322111003012222122222222333333333333303330003300300003000000000030000000000000000000
01333333211030030300003003003030030000300303332111033012222222222222333333333333303003030030300003000000000330000000000000000000
01333333211030030300003003000300030000300303322111003022222222222222333333333333303330030030300003000000000030000000000000000000
01333333211033300300003333000300033300333003322111103011222222222223333333333333303003033330300003000000000030000000000000000000
01333333211030000300003003000300030000303003321111103021222222222223333333333333303003030030300003000000000030000000000000000000
01333333211030000333303003000300033330300303321111103021222222222222333333333333303330030030333303333000000030000000000000000000
01333333211000000000000000000000000000000003221111100011222222222222333333333333300000000000000000000000000000000000000000000000
