00000000000000000000000000000000000000000000000000000000000000000000000000000000000000000000000000000000000000000000000000000000
00000000000000000000000000000000000000000000000000000000000000000000000000000000000000000000000000000000000000000000000000000000
00333300000000033331003333300003333000033330000000333333333330003333300003333333300000000003333330000033333000000003333310000000
00333331000000033331003333310003333100033331000000333333333331003333310003333333331000000003333330000033333100000003333310000000
00033331000000033310000333110000331100003331000000331133311331000333110000333113331000000000333100000003331100000000333100000000
00033331000000333310000333110000331100003331000000311033310031000333100000333100333100000000333100000003331000000000333100000000
00033331100000333310000333110000331100003331000000010033310001000333100000333100333100000000333110000003331000000000333100000000
00033333100000333310000333110000331100003331000000000033310000000333100000333100333100000003333310000003331000000000333100000000
00033333100000333310000333110000331100003331000000000033310000000333100000333100333100000003333310000003331000000000333100000000
00033333100003333310000333110000331100003331000000000033310000000333100000333100333100000003333310000003331000000000333100000000
00033333110003333310000333110000331100003331000000000033310000000333100000333100333100000003113310000003331000000000333100000000
00033333310003333310000333110000331100003331000000000033310000000333100000333100333100000033103311000003111222223333000133333333
33300100013330000013333000113333001133330001333333333300013333333000133333000133001133333300130001333330001333333333000133333333
33300100013330000013333000113333001133330001333333333300013333333000133333000130011333333300130001333330001333333333000133333333
33300100013300000013333000113333001133330001333333333300013333333000133333000000011333333300130001333330001333333333000133333333
33300100001300000013333000113333001133330001333333333300013333333000133333000000003333333300130001333330001333333333000133333333
33300130001300000013333000113333001133330001333333333300013333333000133333000130001333333300000001333330001333333333000133333333
33300130001100300013333000113333001133330001333333333300013333333000133333000133000133333000000000333330001333333333000133333333
33300130001000300013333000113333001133330001333333333300013333333000133333000133300133333001111000133330001333333333000133333333
33300130000000300013333000113333001133330001333333333300013333333000133333000133300013333001333000133330001333333333000133333333
33300133000000300013333000113333001133330001333333333300013333333000133333000133300013333001333000133330001333333333000133333333
33300133000011300013333000113333001133330001333333333300013333333000133333000133300013333001333000133330001333333333000133333333
33300133000013300013333000013333001133330001333333333300013333333000133333000133300013330001333300133330001333333333000133333333
33300133000013300013333000013333001333330001330003333300013333333000133333000133300113330001333300113330001330033333000133003333
33300133300013300013333000013330001333330001330003333300013333333000133333000133000113330001333300013330001330013333000133001333
33300133300113300013333300001300011333330001330013333300013333333000133333000133000133330001333300003330001330013333000133001333
33000013300113000003333330000000013333300000000013333300013333330000013330000000001133300000333000000330000000013333000000001333
33000013300133000001333333300001133333300000000013333300013333330000013330000000011333300000133000000130000000013333000000001333
33331113331133331111333333331111333333333111111113333331113333333311113333311111113333331111133331111133111111113333311111111333
33333333333333333333333333333333333333333333333333333333333333333333333333333333333333333333333333333333333333333333333333333333
33333333333333333333333333333333333333333333333333333333333333333333333333333333333333333333333333333333333333333333333333333333
33333333333333333333333333333333333333333333333333333333333333333333333333333333333333333333333333333333333333333333333333333333
