00000000000000000000000011222212211100000000000000000111122101112100000000000000000000000000000000122112121111212221000000000000
00000000000000000000000111122222222100000000000000001111222111112111100000000000000000000000000000111111221212212321000000000000
00000000000000000000011111222211222100000000000001111122111211112223210000000000000000000000000000111111222112112222100000000000
00000000000000000000011111222211222100000000000111112222211111112223100000000000000000000000000000111111212111122221000000000000
00000000000000000000111111112112221100000000111111111122211101222232100110000000000000000000000000001111222111122211000000000000
00000000000000000000111111112112310000000111112111111111111111322223211210000000000000000000000000000111211111122211000000000000
00000000000000000000111111111122210000012221222101111110121122232112222310000000000000000000000000000011111111211211000000000000
00000000000000000000001111111123100000122121221000111121121111231112212200000000000000000000000000000000000111111100000000000000
00000000000000000000011121111212100000121221221000011111122112222212212100000000000000000000000000000000000001100000000000000000
00000000000000000000011111112321100000012112211000011011111111123222322100000000000000000000000000000000000000000000000000000000
00000000000000000000001111122210000000112112111000011111111111122233332000000000000000000000000000000000000000000000000000000000
00000000000000000000000011122110000111111112111101111111112111222122332110000000000000000000000000000000000000000000000000000000
00000000000000000000000012121000001122111113211111111112111112232122232210000000000000000000000000000000000000000000000000000000
00000000000000000000000001110000001121111111111121111112112112322223222210000000000000000000000000000000000000000000000000000000
00000000000000000000000000000000001121111000111111111112111111333233232100000000000000000000000000000000000000000000000000000000
00000000000000000000000000000000001111110000111111111111112211223333221110000000000000000000000000000000000000000000000000000000
00000000000000000000000000000000010111100110111111211111122221222223221210000000000000000000000000000000000000000000000000000000
00000000000000000000000000000000111111111111110111111111111112222233212210000000000000000000000000000000000000000000000000000000
00000000000000000000000000000000111110111111110111111111111111223233211211000000000000000000000000000000000000000000000000000000
00000000000000000000000000000000111100111111111100000001111111222233212221000000000000000000000000000000000000000000000000000000
00000000000000000000000000000000011001111111011100000011111222321122221110000000000000000000000000000000000000000000000000000000
00000000000000000000000000000000001101111110012110011111111122221111221100000000000000000000000000000000000000000000000000000000
00000000000000000000000000000000001100000111111110111111111111121122222100000000000000000000000000000000000000000000000000000000
00000000000000000000000000000000000000000111100110011011111011112222122100000000000000000000000000000000000000000000000000000000
00000000000000000000000000000000000010000110111110010011000011122221111000000000000000000000000000000000000000000000000000000000
00000000000000000000000000000000000111000010111110110011000011111232111100000000000000000000000000000000000000000000000000000000
00000000000000000000000000000000000010000000111110110011110111111122212110000000000000000000000000000000000000000000000000000000
00000000000000000000000000000000000000000000110110000011100110001122211110000000000000000000000000000000000000000000000000000000
00000000000000000000000000000000000000001001110000000011100011001232222100000000000000000000000000000000000000000000000000000000
00000000000000000000000000000000000000000001100000000000011111112333322100000000000000000000000000000000000000000000000000000000
00000000000000000000000000000000000000000000000000011110011111122333322100000000000000000000000000000000000000000000000000000000
00000000000000000000000000000000000000111000100000011221121112232233221000000000000000000000000000000000000000000000000000000000
