00000000000000000000000000000000000000000000000000000000000000000000000000000000000000000000000000000000000000100000000000000000
00000000001000000000000330000000333330000003300000000000000033000000333333000000333330000000000033333000000000003000000033333300
00000000011100000000003330100003333333000033300000000000000330010003333333000003333333000000000333333300000000033000000333333300
00000000001000000000033330000033300033300333300000000100003300000003300000000033300033300000003330003330000000033000000330000000
00000000000000000000000330000033000003300003300000000000033000000003300000000033000003300001003300000330000000333000000330000000
00000000000000000000000330000033000003300003301000000000330000000003300000000000000003300000000000000330000000333000000330000000
00000000000000000000000330000000000003300003300000000003333300000033333330000000000003300000000000000330000003333000003333333000
00000000001000000000000330000000000003300003300000010033333330001033333330000000000033000000000000003300000033033000003333333000
00000000000000000000000330000000000033000003300000000033300333000033000033001000003333000000000000333300000033033000003300003300
00000000000000000000000330000100000033000003300000000333000033300000000003300000003333000000000000333300000330033000000000000330
00000000000000000000000330000000000330000003300000000330000003300000001003300000000033300000000000003330003330033000000000000330
00000000000000000000000330000000003300000003300000000330000003300000000003300000000003301000000000000330033300033000000000000330
00000000000000000000000330000000033000000003300000100330010003300000000003300000000003300000000000000330033333333330000000000330
00000000000000000001000330000000330000000003300000000333000033300030000033000330010003300000033000000330033333333330003001003300
00000000000000000000000330000003300000000003300000000033300333000333000333000333000033300000033300003330000000033000033300033300
00000000000000000000000330000033333333300003300003300003333330000033333330000033333333000330003333333300000000033000003333333000
00000000000000000000000330000333333333300003300003300100333300000003333300000000333330000330000033333000000000033000000333330000
00000000000000000000000000000000000000000000000000000000000000000000000000000000000000000000000000000000000000000000000000000000
00000000000000000000000000000000000000000010000000000000000000100000001001000000000000000000000000000000000000000000000000000001
00000000000000000000000000000000000000000000000000000000000000000000000000000000000000000000000000000000000000000000000000000000
00000000000000000000000000000000000000000000000000000100000000000000000000000000000001000000000000000000000000000000000000000000
00000000000000000000010000000000000000000000000000000000000000000000000000000100000000000000000000000000000000000000000000000000
00000000000000000000000000000000000000000000000100000000000000000100000000000000000000000000000000000000000000000000000000000000
00000000000000000000000000000000000000000000000000000000100000100000000000000000000000000000000000000000000000000000000000000000
00000000000000000000000000000000000000000000000000000001000000000000001000000000000000000000000000000000000000000000000000000000
00000000000033300300000330030003033330333000000000003000000000000000000000000000033303030333033000300000330003003000300000000000
00000000000030030300003003003030030000300300000000033000000000000100000000100000030003030030030303030000303030303000300000000000
00000000000030030300003003000300030000300300000000003000001000010000000000000000030000300030030303030000330030303000300000000000
00000000000033300300003333000300033300333000000100003000000000000000000000000000033000300030033003330000303033303000300000000000
00000000000030000300003003000300030000303000000000003000000000000000000000000000030003030030030303030000303030303000300000000000
01000000000030000333303003000300033330300300000000003000000000000000000100000000033303030030030303030000330030303330333000000000
11100000000000000000000000000000000000000000000000000000000000000000100000000000000000000000000000000000000000000000000000000000
