00000001000000000000000000000000000000000000000000000000333333333322333333223333333333333333333320000000000000000000000000000000
00333000000033303330000003000300030000000300030003000000333333333322222332232333333333333333333320000000000000000000000000000000
00333000000000300030000030303030303000003030303030300000333333333332322223333333333333333333333331000000000000000000000000000000
00033000000003000300000003003030303000003030303030300000333333333333322223223333333333333333333331000000000000000000000000000000
11033000000003000300000030303030303000003030303030300000333333333333223322233323333333333333333332000000000000000000000000000000
12033000000030003000000030303030303000003030303030300000333333333332222232333333333333333333333333000000000000000000000000000000
13033000000030003000030003000300030003000300030003000000333333333333222222223333333333333333333333100000000000000000000000000000
13033000000000000000000000000000000000000000000000000000333333333333223222223333333333333333333333100000000000000000000000000000
13000000000000000000000000010001111122333322222223333333333333333333222222333233333333333333333333200000000000000000000000000000
13332000000000000000000000000001111122333322222222333333333333333333332222333233333333333333333333200000000000000000000000000000
13322100000000000000000000000000111122333332222222233333333333333333322222332333333333333333333333200000000000000000000000000000
13333100000000000000000000000001111122333332212222233333333333333333322222222333333333333333333333310000000000000000000000000000
13333100000000000000000000000001111112333332222222233333333333333333322222222333333333333333333333310000000000000000000000000000
12333100000000000000000000000000111112233332211222233333333333333333322222222333333333333333333333310000000000000000000000000000
13332100000000000000000000000000011112233332221222233333333333333333322222222223333333333333333333310000000000000000000000000000
13332000000000000000000000000000111112233332222222233333333333333333322222222333333333333333333333310000000000000000000000000000
12222100000000000000000000000000110112233332222222223333333333333333322222222333333333333333333333310000000000000000000000000000
01111000000000000000000000000000110101233332222222223333333333333333332222222233333333333333333333310000000000000000000000000000
01110000000000000000000000000000110101233333221222223333333333333333322222222233323333333333333333310000000000000000000000000000
01111000000000000000000000000000010101233333211212223333333333333333322222222223333333333333333333300000000000000000000000000000
00000000000000000000000000000000000001233333211222223333333333333333322222222323333333333333333333300000000000000000000000000000
01100000000000000000000000000000100111233333211222223333333333333333322222222333333333333333333333200000000000000000000000000000
00000000000000000000000000000000010111233333211122222333333333333333322222222333333333333333333333200000000000000000000000000000
01000010000000000000000000000000000111233333221122222333333333333333322222222322333333333333333333100000000000000000000000000000
01000000000000000000000000000000000000000033211122200033333333333333322222222322000000000000000000000000000000000000000000000000
01110000000033300300000330030003033330333002211222003033333333333333322222222333033303030333033000300000330003003000300000000000
11110000000030030300003003003030030000300302211222033033333333333333322222222233030003030030030303030000303030303000300000000000
01110000000030030300003003000300030000300302211212003033333333333333322222222322030000300030030303030000330030303000300000000000
01110000000033300300003333000300033300333002211122203033333333333333322222222233033000300030033003330000303033303000300000000000
01110000000030000300003003000300030000303002211222203033333333333332222222222223030003030030030303030000303030303000300000000000
01110000000030000333303003000300033330300302211122203033333333333332222222222333033303030030030303030000330030303330333000000000
00110010000000000000000000000000000000000002111122200033333333333322222222222233000000000000000000000000000000000000000000000000
