00000000000000000000000000001000000000000000000000010000000000000000000000000000000000000000000000000000000000000000000000000000
00000000000000000000000000000000000000003333300000000000333300000000333330000000333330000000000033330000000033333300000033330000
00000000000000000000000000000000000000033333330000000003333330000003333333000003333333000000000333333000000333333300000333333000
00000000000000000000000000000000000000333000333000000033300333000033300033301033300033300000003300003300000330000000003300003300
00000000000000000000000000000000000000330000033000000330000003300033001003300033000003300000033000000330000330000000033000000330
00000000000000000000000000000000010000000000033000000330000003300000000003300033000003300000033000000330000330000000033000000330
00000000000000000000000000000000000000000000033001000330000003301000000003300000000003300000033000000330003333333000033000000330
00000000000000000000000000000000000000000000330000000330000003300000000033000000100003300000033000000330003333333000033000010330
00000000000000000000010000000000000000001033330000000333000033300000003333000000000033000000033000000330003300003300033000000330
00000000000000000000000000000000000000000033330000000033333333000000003333000000000033000000033000000330000000000330033000000330
00000000000000000000000000000000000000000000333000000003333333000000000033300000000330000000033000000330000000000330033000000330
00000000000000000000000000000000000000000000033000000000003330000000000003300100003300000000033000000330000000000330033000000330
00000000000000000000000000000000010000000000033000000000003300000000000003300000033000000000033000000330000000000330033000000330
00000000100000000000000000000000000003300000033000000000033001000330010003300000330000010000033000000330003000003300033000000330
00000000000000000000000000000000000003330000333000000000330000000333000033300003300000000000003300003300033300033300003300003300
00000000000000000000000000000000000000333333330003300003300010000033333333000033333333300330000333333000003333333000000333333000
00000000000000000000010000000000000000003333300003300033000000000000333330000333333333300330000033330001000333330000000033330000
00000000000000000000000000000000000000000000000000000000000000000100000000000000000000000000000000000000000000000000000000000000
00000000000000000000000000000001000000000000000000000000001000100000000000000000000000000000000000000000000000000000000000000000
00000000000000000000000000000000000000000000000000000000000000000001000000001000000000000000000000000000000000000000000000000000
00000000000000000000000000000000000001000000000000000000000000100000000010000000000000000000000000000000000000000000000000000000
00000000000000000000000000000000000000000000000000000000100000000000000000000000000000000000000000000000000000000000000000000000
00000000000000000000000000000000000000000000000000010000000000000000010000000000000010000000000000000000000000000001000000000000
00000000001000000000000000000000000000000000000000000000000000000000000000000000000000000001000000000000000000000000000000000000
00000000000000000000000000000000000000000001000000000000000000000010000000000000100000000000000000000000000000000000000000000000
00000000000033300300000330030003033330333000000000003000000000000000000000000000003330003300300003000000000030000000000000000000
00000000000030030300003003003030030000300300000000033010000000100000000000000000003003030030300003000000000330000000000000000000
00000000000030030300003003000300030000300300000001003000000000000000000010000000003330030030300003001000000030000000000000000000
00000000000033300300003333000300033300333000000000003000000000000000000000000000003003033330300003000000000030000000000000000000
00000000000030000300003003000300030000303000000000003000000000000001000000000000003003030030300003000000000030000000000000000000
00000000000030000333303003000300033330300300000000003000000000000000000000000100003330030030333303333000000030000000000000000000
10000000000000000000000000000000000000000000000000000000100000010000000000000000000000000000000000000000000000000000000000000000
