00000000000100000000000000000000000000001000000000000000000000000000000000000000000000000000000000000000000100000000000000000000
00000000000000000000000000000000000000000100000000000000000330000000333330000333333333300000000033333300000000003300000033333300
00000000000000000000000000000000000000000000000000000000003330000003333333000333333333300000000333333300000000033000000333333300
00000000000000000000000000000000000000000000000000000000033330000033300033300000000033000000000330000000000000330000000330000000
00000000000000000000000001000000000000000000000000010000000330000033000003300000000033000000000330000000000003300000000330000000
00000000000000000000000000100000000000000000000000100000000330000033000003300000000330000000000330000000000033000000000330000000
00000000000000000000000000000000000000000000000000000000000330000000000003300000100330000000003333333000000333330000003333333000
00000000000000000000000000000000000000000000000000000000000330000000010003300000003300000000003333333000003333333000003333333000
00000000000000000000000000000000000000000000000000000000000330000100000033000000003300000000003300003300003330033300003300003300
00000000000000000000000000000000000000000000000000000000000330000000000033000000033000000000000000000330033300003330000001100330
00000000000000000000000000000000000000000000000000000000000330100000000330000000033000000010000000000330033000000330000001000330
00000000000101000000000000000000000000000000000000000000000330000000003300000000330000000100000000000330033000000330000000000330
00000000000010000000000000000000000000000000000000000000000330000000033000000000330000000000000000000330033000000330000000000330
00000000000000000000000000000000000010000000000000000000000330010000330000000003300000000000003000003300033300003330003000003300
00000000000000000000000000000000000001000000000000000000000330000003300000000003300000000000033300033300003330033300033300033300
00000000000000000000000000000000000000000000000000000000000330000033333333300033000000000330003333333000000333333000003333333000
00000000000000000000000000000000000000000000000000000000000330000333333333300333000000000330000333330000000033330000000333330000
00000000000000000000000000000000000000000000000000000000000000000000000000000000000000000000000000000000000000000000000000000000
00000000000000000000000000000000000000000000000000000000000000000000001000100000010000000000000000000000000000000000000000000000
00000000000000000000000000000000100000000000100000000000100100000000100000000000000000000000000000000000000000000000000000000000
00000000000000000000000000000001000000000000010000000000000000000000000000000000010000000000000000000000000000000000000000000000
00000000000000000000000000000000100000000000000000000000000000000000000000000000000000000000000000000000000000000000000000000000
00000000100000000000000000000000000000000000000000000000000000000000000000000000000000000000000000000000000000000000000000000000
00000001110000000000000000000000000000000000000000000000010000010000000000000000000000000000000000000000000000000000000000000000
00000000100000000000000000000000000000000000000000000000000000000000000010000000000000000000000000000000000000000000000000000000
00000000000033300300000330030003033330333000000000003000000000000000000100000000103330003300300003000000000030000000000000000000
00000000000030030300003003003030030000300300000000033000000000010000000000000000003003030030300003000000000330000000000000000000
00000000000030030300003003000300030000300300000000003010000000001000000000000000003330030030300003000000000030000000000000000000
00000000000033300300003333000300033300333000010000003011000000000000000000010000003003033330300003000000000030000000000000000000
00000000000030000300003003000300030000303000111000003010000000000000000000001000003003030030300003000000000030000000000000000000
00000000000030000333303003000300033330300300010000003000000000000000000000000000003330030030333303333001000030000000000000000000
00000000000000000000000000000000000000000000000000000000000000000000000000000000000000000000000000000010000000000010000000000000
