00000000000000000000000000000000000000000000000000000000000000000000000000000000000000000000000000000000000000000000000000000000
00000000000000000000000000000000000000000000000000000000000000000000000000000000000000000000000000000000000000000000000000000000
00000000000000000000000000000000000000000000000000000000000000000000000000000000000000000000000000000000000000000000000000000000
00000000000000000000000000000000000000000000000000000000000000000000000000000000000000000000000000000000000000000000000000000000
00011111110010011111110000000100000011111110000000001000000000111111000001000000011111000100100000001000000001111100000111110000
00000010000010010000001000001010000010000001000000010100000000100000100010100000100000100100100000001000000010000010001000001000
00000010000010010000001000001010000010000001000000010100000000100000100010100000100000100100100000001000000100000001001000001000
00000010000010010000001000001010000010000001000000010100000000100000100010100000100000000100100000001000000100000001001000000000
00000010000010010000001000010001000010000001000000100010000000100000100100010000011100000100100000001000000100000001000111000000
00000010000010011111110000010001000011111110000000100010000000111111000100010000000011000100100000001000000100000001000000110000
00000010000010010001000000111111100010001000000001111111000000100000001111111000000000100100100000001000000100000001000000001000
00000010000010010000100000100000100010000100000001000001000000100000001000001000100000100100100000001000000100000001001000001000
00000010000010010000010001000000010010000010000010000000100000100000010000000100100000100100100000001000000010000010001000001000
00000010000010010000001001000000010010000001000010000000100000100000010000000100011111000100111111001111110001111100000111110000
00000000000000000000000000000000000000000000000000000000000000000000000000000000000000000000000000000000000000000000000000000000
00000000000000000000000000000000000000000000000000000000000000000000000000000000000000000000000000000000000000000000000000000000
00000000000000000000000000000000000000000000000000000000000000000000000000000000000000000000000000000000000000000000000000000000
00000000000000000000000000000000000000000000000000000000000000000000000000000000000000000000000000000000000000000000000000000000
00000000000000000000000000000000000000000000000000000000000000000000000000000000000000000000000000000000000000000000000000000000
00000000000000000000001111100010000010011111100011111110011111110001000011111000011111110001111111000111110000000000000000000000
00000000000000000000010000010010000010010000010010000000010000001001000100000100010000001001000000001000001000000000000000000000
00000000000000000000010000010010000010010000010010000000010000001001001000000010010000001001000000001000001000000000000000000000
00000000000000000000010000000010000010010000010010000000010000001001001000000010010000001001000000001000000000000000000000000000
00000000000000000000001110000010000010010000010011111110010000001001001000000010010000001001111111000111000000000000000000000000
00000000000000000000000001100010000010011111100010000000011111110001001000000010011111110001000000000000110000000000000000000000
00000000000000000000000000010010000010010000000010000000010001000001001000000010010001000001000000000000001000000000000000000000
00000000000000000000010000010010000010010000000010000000010000100001001000000010010000100001000000001000001000000000000000000000
00000000000000000000010000010001000100010000000010000000010000010001000100000100010000010001000000001000001000000000000000000000
00000000000000000000001111100000111000010000000011111110010000001001000011111000010000001001111111000111110000000000000000000000
00000000000000000000000000000000000000000000000000000000000000000000000000000000000000000000000000000000000000000000000000000000
00000000000000000000000000000000000000000000000000000000000000000000000000000000000000000000000000000000000000000000000000000000
00000000000000000000000000000000000000000000000000000000000000000000000000000000000000000000000000000000000000000000000000000000
