00000000000000000000000000000000000000000000000000000000000000000000000000000000000000000000000000000000000000000000000000000000
00000000000000000000000000000000000000000000000000000000000000000000000000000000000000000000000000000000000000000000000000000000
00000000000000000000000000000000000000000000000000000000000000000000000000000000000000000000000000000000000000000000000000000000
00000000000000000000000000000000000000000000000000000000000000000000000000000000000000000000000000000000000000000000000000000000
00000000033333333333000000033333333333333300000000333333300300000000333333330000003333333333330000000333333333330000000000000000
00000000003333331133330000001333331113333310000033331111333310000003331111333000000133333313333300000033333311333300000000000000
00000000000333311113333000000333331111133310000333311000033310000033311000333300000003333111133330000003333110133330000000000000
00000000000333310003333300000333311000003310000333110000003310000333110000033300000003333100033330000003333100003333000000000000
00000000000333310000333310000333310000000310003333100000003310003333100000033330000003333100033333000003333100000333100000000000
00000000000333310000333310000333310000000310003333100000000310003333100000003333000003333100033333100003333100000333300000000000
00000000000333310000333310000333310003000310033331100000000310033333100000003333100003333100033333100003333100000333310000000000
00000000000333310000333310000333310003000010033331000000000010033331100000003333100003333100033333100003333100000333330000000000
00000000000333310000333310000333310003100000033331000000000010033331000000003333300003333100033331100003333100000333331000000000
00000000000333310003333110000333310003100000033331000000000000033331000000003333300003333100033331100003333100000333331000000000
00000000000333310033331110000333333333100000333331000000000000033331000000003333310003333100333311000003333100000033331000000000
00000000000333333333311100000333333333100000333331000000000000033331000000003333310003333333333110000003333100000033331000000000
00000000000333313333310000000333311133100000333331000000000000033331000000003333310003333133331100000003333100000033331000000000
00000000000333313333300000000333310013100000033331000000000000033331000000003333310003333133333000000003333100000333331000000000
00000000000333310333330000000333310003100000033331000000000000033331000000003333310003333103333100000003333100000333331000000000
00000000000333310333331000000333310003100000033331000000000000033331000000003333100003333103333300000003333100000333331000000000
00000000000333310033333000000333310000100030033331000000000000033333000000003333100003333103333310000003333100000333331000000000
00000000000333310033333100000333310000100031003333000000000000003333000000003333100003333100333330000003333100000333311000000000
00000000000333310003333300000333310000000331003333100000000330003333100000033331100003333100333331000003333100000333310000000000
00000000000333310003333310000333310000003311000333300000003311000333100000033311000003333100033333000003333100003333110000000000
00000000000333310000333330000333330000033310000333330000033110000033300000033311000003333100003333300003333100033331100000000000
00000000000333330000033333000333333333333310000033333333331100000013330000333110000033333100003333300033333300333311100000000000
00000000033333333300033333303333333333333310000001333333311000000000333333311100003333333330000333330333333333331111000000000000
00000000001111111110001111110111111111111110000000011111110000000000011111111000000111111111000111111011111111111100000000000000
00000000000000000000000000000000000000000000000000000000000000000000000000000000000000000000000000000000000000000000000000000000
00000000000000000000000000000000000000000000000000000000000000000000000000000000000000000000000000000000000000000000000000000000
00000000000000000000000000000000000000000000000000000000000000000000000000000000000000000000000000000000000000000000000000000000
00000000000000000000000000000000000000000000000000000000000000000000000000000000000000000000000000000000000000000000000000000000
