00000000000000000000000000000000000000000000000000000000000000000000000000000000000000000000000000000000000000000000000000000000
00000000000000000000000000000000000000000000000000000000000000000000000000000000000000000000000000000000000000000000000000000000
00000000000000000000000000000000000000000000000000000000000000000000000000000000000000000000000000000000000000000000000000000000
00000000000000000000000000000000000000000000000000000000000000000000000000000000000000000000000000000000000000000000000000000000
00000000000000000000000000000000000000000000000000000000000000000000000000000000000000000000000000000000000000000000000000000000
00000003300033300033003333000330003303333300033333303333330033333033000330330000000033333303300033033033000330003333000000000000
00000003300033300033033003300333003303300330033000003300033033000033000330330000000000330003300033033033300330033003300000000000
00000000330333330330330000330333003303300033033000003300033033000033000330330000000000330003300033033033300330330000000000000000
00000000330330330330330000330333303303300033033000003300033033000033000330330000000000330003300033033033330330330000000000000000
00000000330330330330330000330330303303300033033333303333330033333033000330330000000000330003333333033033030330330033300000000000
00000000330330330330330000330330333303300033033000003300330033000033000330330000000000330003300033033033033330330003300000000000
00000000033300033300330000330330033303300033033000003300333033000033000330330000000000330003300033033033003330330003300000000000
00000000033300033300033003300330033303300330033000003300033033000033000330330000000000330003300033033033003330033003300000000000
00000000033300033300003333000330003303333300033333303300033333000003333300333333000000330003300033033033000330003333000000000000
00000000000000000000000000000000000000000000000000000000000000000000000000000000000000000000000000000000000000000000000000000000
00000000000000000000000000000000000000000000000000000000000000000000000000000000000000000000000000000000000000000000000000000000
00000000000000000000000000000000000000000000000000000000000000000000000000000000000000000000000000000000000000000000000000000000
00000000000000000000000000000000000000000000000000000000000000000000000000000000000000000000000000000000000000000000000000000000
00000000000000000000000000000000000000000000000000000000000000000000000000000000000000000000000000000000000000000000000000000000
00000000000000000000003303300033000033333300330003333003300033033333300003333330000333000333000333033333300000000000000000000000
00000000000000000000003303330033000033000330330033003303300033000330000003300033000333000333000333033000330000000000000000000000
00000000000000000000003303330033000033000330330330000003300033000330000003300033003303300333303333033000330000000000000000000000
00000000000000000000003303333033000033000330330330000003300033000330000003300033003303300333303333033000330000000000000000000000
00000000000000000000003303303033000033333300330330033303333333000330000003333330003303300330303033033000330000000000000000000000
00000000000000000000003303303333000033003300330330003303300033000330000003300330003303300330303033033333300000000000000000000000
00000000000000000000003303300333000033003330330330003303300033000330000003300333033333330330333033033000000000000000000000000000
00000000000000000000003303300333000033000330330033003303300033000330000003300033033000330330333033033000000000000000000000000000
00000000000000000000003303300033000033000333330003333003300033000330000003300033333000330330030033033000000000000000000000000000
00000000000000000000000000000000000000000000000000000000000000000000000000000000000000000000000000000000000000000000000000000000
00000000000000000000000000000000000000000000000000000000000000000000000000000000000000000000000000000000000000000000000000000000
00000000000000000000000000000000000000000000000000000000000000000000000000000000000000000000000000000000000000000000000000000000
00000000000000000000000000000000000000000000000000000000000000000000000000000000000000000000000000000000000000000000000000000000
