00000000000000000000000000000000000000000000000000000000000000000000000000000000000000000000000000000000000000000000000000000000
00000000000000000000000000000000000000000000000000000000000000000003333300000000000000000000000000000000000000000000000000000000
00000000000000000000000000000000000000000000000000000000000000000033333330000000000000000000000000000000000000000000000000000000
00000000000000000000000000000000000000000000000000000000000000000222222220000000000000000000000002220000000000000000000000000000
00000000000000000000000000000000000000000000000000000000011100001110001110000000000000000000000010001000000000000000000000000000
00000000000000000000000000000000000000000000000000000333333330033300003330000000000000000000000303300300000000000000000000000000
00000000000000000000000000000000000000000000000000033333333330033300003330000000003330000000000303030300000000000000000000000000
00000000000000000000000000000000000000000000000002222222222220222000022200000000022222000000000202200200000000000000000000000000
00000000000000000000000000000000000000000000000011111111111100110000011100000000011111000000000101010100000000000000000000000000
00000000000000000000000000000000000000000000000333333333333003330000333000000000033333000000000030003000000000000000000000000000
00000000000000000000000000000000000000000000003333333333000003330000330000000000003330000000000003330000000000000000000000000000
00000000000000000000000000000000000000000000002222222000000002200002200222200000000000000222000000000000000000000000000000000000
00000000000000000000000000000000000000000000001111111000000001100011001111110000010000001111100000000000000000000000000000000000
00000000000000000000000000000000000000000000003333333330000003300330033300330000330000033300000000000000000000000000000000000000
00000000000000000000000000000000000000000000003333333333300003303300330000330003330000333000000000000000000000000000000000000000
00000000000000000000000000000000000000000000000222222222220002200000220002220022200000220000000000000000000000000000000000000000
00000000000000000000000000000000000000000000000011111111111001100000111111100111100001110000000000000000000000000000000000000000
00000000000000000000000000000000000000000000000000033333333003300003333330003333300033330003300000000000000000000000000000000000
00000000000000000000000000000000000000000000000033333333333003330333333003333303300333333033300000000000000000000000000000000000
00000000000000000000000000000000000000000000002222222222220000222222222222220002222200222222200000000000000000000000000000000000
00000000000000000000000000000000000000000000111111111111100000011100011111000001110000011110000000000000000000000000000000000000
00000000000000000000000000000000000000000003333333333300000000000000000000000000000000000000000000000000000000000000000000000000
00000000000000000000000000000000033333300333333333330003333333333333333333333333333333333333333000000000000000000000000000000000
00000000000000000000000000000000022222002222222220000022222222222222222222222222222222222222222000000000000000000000000000000000
00000000000000000000000000000000000000011111111000000000000000000000000000000000000000000000000000000000000000000000000000000000
00000000000000000000000000000000000000333333000000000000000000000000000000000000000000000000000000000000000000000000000000000000
00000000000000000000000000000000000003333300000000000000000000000000000000000000000000000000000000000000000000000000000000000000
00000000000000000000000000000000000033330000000000000000000000000000000000000000000000000000000000000000000000000000000000000000
00000000000000000000000000000000000333300000000000000000000000000000000000000000000000000000000000000000000000000000000000000000
00000000000000000000000000000000002222000000000000000000000000000000000000000000000000000000000000000000000000000000000000000000
00000000000000000000000000000000002220000000000000000000000000000000000000000000000000000000000000000000000000000000000000000000
00000000000000000000000000000000000000000000000000000000000000000000000000000000000000000000000000000000000000000000000000000000
