00000100000000000000000000000000000000000100000000000000000000000000000000000000000000000000000000000100000000100000000000000000
00001110000000000100000001000000000000000000000000000000000000010000000000000000000000000000000000000000000000000000000000000000
00000100000000000000000000000000001000000000000000000100000000000000000000000000000000000000000000000000000000000000001000000000
00000000000000000000000000000000000000000000000000000000000000000000000000000000000000000000100000000000000000000000011100000000
00000000000000000000000000000000000000000000000000000000010000000000000000000000000000000000000000000000000000000000001000000000
00000000000000000000000000000000000000000000001000000000000000000000000001000000000000000000000000000000000000000000000000000000
00000000000000000000000000000000000000000000000000000000000000000000100000000000001000000000000000000000000000000000000000000000
00000000100000000000000000000000000000000000000000010000000000001000000000000000000000000000000000000000100000000000000000000000
00000000000000000000000000000000000000000000000000000000000000000000000000001000000000000000000000000000000000000100000000000000
00000000000000000000000000001000000000000000100000000000100010000000000000000000000000000000000000000000000000000000000000000000
00000000000000000000000000000000000000000000000000000000000000000000010000000000000000000000000000000000000000000000000000000000
00000000000000000000000000000000000000000000000000000000000000000000000000000000000000000000000000000000000000000000000000000000
00000000000000000000000000000000000000100000000000000000001000000000000000100000000000000000000000000000000000000000000000000000
00000000000000000100000000000000000000000000000000000000000001000101000000000000001000000000000000000000000000000000000000100000
00000000000000000000000000000000000000000000000000000000000000000000000000000000000000000000000000000000000000000000000000000000
00000000000000000000000000000000000000000000000000000000000000000000001000001000000000000000000010000000000000010000000000000000
00000000000000000000000000001000000000000000000100000100000100000000000000000000000000000000000000000000000000000000000000000000
00000000001000000000000000000000000010000000000000000000000000000100010000000000000000000000000000000000000000000000000000000000
00000100000000000000000000000000000000000100000000000000000000100000000000100000000000000000000000000000000000000000000000000000
00000000000000000000000000000000000000000000000000000000000000000000000000000000000000000000000000000000000000000000000000000000
00000000000000000000000000000000000000000000000000000100010000000001000000000000000000000000000000000000000000000000000000000000
00000000000000000001000000000000000000000000000000000000000000000000000000000000100000000000000000000000000000000000000000000000
00000000000000000000000000000000000000000000001000000000000000000100000000000000000000000000000000000000000000000000000000000000
00000000000000000000000000000000000000000000000000000000000000000000000000000000000000000000000000000000000000000000000000000000
00000000000000000000000000000000000000000000000000000001000000100000000000000000000000000000000000000000000000000000000000000000
00000000000033300300000330030003033330333000000000003000000000000000001000000000033303030333033000300000330003003000300000001000
00000000000030030300003003003030030000300300000000033000000000000010000000000000030003030030030303030000303030303000300000000000
00000000000030030300003003000300030000300300000000003000000000100000000000000000030000300030030303030000330030303000300000000000
00000000001033300300003333000300033300333000000000003000010000000000000000000000033000300030033003330000303033303000300000000000
00000000000030000300003003000300030000303000001000003000000000000000000000000000030003030030030303030000303030303000300000000000
10000000000030000333303003000300033330300300000000003000000000000000000100000000033303030030030303030000330030303330333000000000
00000000000000000000000000000000000000000000000000000000000000000000100000000000000000000000000000000000000000000000000000100000
