00000000000000000000000000000000000000000000000000000000000000000000000000000000000000000000000000000000000000000000000000000000
00000000000000000000000000000000000000000000000000000000000000000000000000000000000000000000000000000000000000000000000000000000
00000000000000000000000000000000000033333000003333000000333330000333333300033333330000000000000000000000000000000000000000000000
00000000000000000000000000000000000331111100033111100003311111000311111110031111111000000000000000000000000000000000000000000000
00000000000000000000000000000000000311111110331111110033111111100311111111031111111000000000000000000000000000000000000000000000
00000000000000000000000000000000000311000110311100111031110001110311000311031100000000000000000000000000000000000000000000000000
00000000000000000000000000000000000311333000311000010031100003110311333311031133330000000000000000000000000000000000000000000000
00000000000000000000000000000000000011111100311000000031100003110311111110031111111000000000000000000000000000000000000000000000
00000000000000000000000000000000000001111110311000300031100003110311111100031111111000000000000000000000000000000000000000000000
00000000000000000000000000000000000330003110311003310031100033110311001110031100000000000000000000000000000000000000000000000000
00000000000000000000000000000000000311333110011133111001113331110311003110031133330000000000000000000000000000000000000000000000
00000000000000000000000000000000000011111110001111110000111111100311000111031111111000000000000000000000000000000000000000000000
00000000000000000000000000000000000001111100000111100000011111000011000011101111111000000000000000000000000000000000000000000000
00000000000000000000000000000000000000000000000000000000000000000000000000000000000000000000000000000000000000000000000000000000
00000000000000000000000000000000000000000000000000000000000000000000000000000000000000000000000000000000000000000000000000000000
00000000000000000000000000000000000000000000000000000000000000000000000000000000000000000000000000000000000000000000000000000000
00000000000000000000000000000000000000000000000000000000000000000000000000000000000000000000000000000000000000000000000000000000
00000000000000000000000000000000000000000000000000000000000000000000000000000000000000000000000000000000000000000000000000000000
00000000000000000000000000000000000000000000000000000000000000000000000000000000000000000000000000000000000000000000000000000000
00000000000000000000000000000000000000000000000000000000000000000000000000000000000000000000000000000000000000000000000000000000
00000000000000000000000000000000000000000000000000000000000000000000000000000000000000000000000000000000000000000000000000000000
00000000000000000000000000000000000000000000000000000000000000000000000000000000000000000000000000000000000000000000000000000000
00000000000000000000000000000000000000000000000000000000000000000000000000000000000000000000000000000000000000000000000000000000
00000000000000000000000000000000000000000000000000000000000000000000000000000000000000000000000000000000000000000000000000000000
00000000000000000000000000000000000000000000000000000000000000000000000000000000000000000000000000000000000000000000000000000000
00000000000033300300000330030003033330333000000000003000000000000000000000000000003330003300300003000000000330000000000000000000
00000000000030030300003003003030030000300300000000033000000000000000000000000000003003030030300003000000003003000000000000000000
00000000000030030300003003000300030000300300000000003000000000000000000000000000003330030030300003000000000030000000000000000000
00000000000033300300003333000300033300333000000000003000000000000000000000000000003003033330300003000000000003000000000000000000
00000000000030000300003003000300030000303000000000003000000000000000000000000000003003030030300003000000003003000000000000000000
00000000000030000333303003000300033330300300000000003000000000000000000000000000003330030030333303333000000330000000000000000000
00000000000000000000000000000000000000000000000000000000000000000000000000000000000000000000000000000000000000000000000000000000
