20000010000000000000000000000000000000000000000000000000333333210001220001111112210000000000000000000000000000000000000000000000
20333010030003000300000003000300030000000300030003000000333333310001321101111122310000000011100000000000000000000000000000000000
20333010303030303030000030003030303000003030303030300000111333321001202211122222211222211123222222222100000000000000000000000000
20033020003003000300000030303030303000003030303030300000222222123222323322222212211333332123333333333221000000000000000000011100
23033020030000300030000033303030303000003030303030300000333333223333333332222222222123333333333333333333200000000000000011222100
23033020300030303030000000303030303000003030303030300000122223323333333333222221221112333333333333333333321100000000001222222100
23033030333003000300030000300300030003000300030003000000000012323333332112223321111101223333332333333333333320000000012222333200
23033021000000000000000000000000000000000000000000000000000001333333332212222221111100233333333333333333333321012111222222233200
23000021000000112211222222222322110000033333333333333332100000233333333333333111111001232333333333333333333311023333223332223200
23333331000000122212222222223322210000033333333333333332110000122222333333333111111001222223233223333333333320122211113332222200
23333320000000112212222222223322210000033333333333333332200000121122212222222111110002222223222223223333333320112200123222112200
23333320000000112211122222223322210000033333333333333322200000111111111111111111110011222223322222223333333332222210012211111100
23333310000000112211212222223322210000023333333333333322200000111100111111001111110011122222222223333333333333333321112221110000
13333310000000111221222222223322210000013333333333333332200000111111111111101111100001112222222222232333333333333332123322121000
23333210000000111122222222223322210000013333333333333332100000011111111111101111110001112222222222222333333333332321133332232100
23333200000000111121222222223332210000013333333333333332100000011111111111001111111001112222222222222333333331122221123222233200
13332100000000111111112222223322210000013333333333333322100000011111111111001110010001111211222222222333333331111221112221122200
13332000000000112212112222223322221000023333333333333322200000111111111111011101110001111122212222222333333333222332221220000000
13331000000000111111112222223333222111233333333333333332221011111111111100001101110001111222222222222333333333333333332210000000
13321000000000111112122222223333323333333333333333333333333232111111100000001101110000112122121222222333333223333322333200000000
13210000000001111122222222223333333333333333333333333333333332111211100000001011111000122222222222223333333101333321232200000000
12100000000000111112222222223333333333333333333333333333333333112222100000111011101100022222122222233333233210233332133310000000
12000000000001111121222222223333333333333333333333333333333333112222210101101011101110133222221222223333333321123333123331000000
11000000000011111122222222222333333333333333333333333333333333222222221000111111111111233312222222233222333332112333322332000000
00000000000100000000000000000000000000000000003333300033322333322222222110111111111000000000000000000011230000112333211332000000
00000000001000330300300330003300333000330033300333003033332333333322222210111111100333000330030000033001200330002232211211000000
00000000011000030300303003030030300303003030030333033033332233333333222210000000000300303003030000300301203003001111111111111100
00000000111000030300303000030030300303003030030333003033323333333333333320000000000333003003030000300300100030000001111111111100
00000001111000030300303033033330300303003033330333303032333333333333333320000000000300303003030000333300000003000000111111111100
00000111122030030300303003030030300303003030300333303033333333333333333200000000000300303003030000300300003003000000001110011000
00000111122003300033000330030030333000330030030333303033333333333332222100000000000333000330033330300300000330000000000000011000
00011111112100000000000000000000000000000000003322300032222222211110000000000000000000000000000000000000000000000000000000011000
