00000000000000000000000000000000000000000000000002333323232232222223222233333333310000232333333333300000000000000000000000000000
00000000000000000000000000000000000000000000000013322222222222222222222223333333332000111333333333200000000000000000000000000000
00000000000000000000000000000000000000011110000233222222222222222232333222333333333210110233333332000000000000000000000000000000
00000000000000000000000000000000000002233322212332222222222222211111123323333333333332210123333320000000000000000000000000000000
00000000000000000000000000000000000111111333333322222222222222000000001233333333333333320002333200000000000000000000000000000000
00000000000000000000000000000000001100000123333322222222222220000000000023233333333333332001333100000000000000000000000000000000
00000000000000000000000000000000011000000002333332222222222200000000000002323323333333333201211100000000000000000000000000000000
00000000000000000000000000000000010000000001333332212222122000000000000001322322333333333322012100000000000000000000000000000000
00000000000000000000000000000000100000000000232332211122221000000000000000232332233333333332113111012100000000000001112221100000
00000000000000000000000000000000100000000000133333321111220000000000000000132231233333333333323222223321122210000122333333221000
00000000000000000000000000000000100000000000023333321111120000000000000000032232123333331112233322333332333332101233333333333100
00000000000000000000000000000000000000000000000233321111210000000000000000023132113333320010011311233333333333322333333333333200
00000000000000000033300333330033300333300333330223221111210000000000000000013133012333321000010100123333333333333233333333333200
00000000000000000300030003000300030300030003000223221111110000000000000000013133112333332001321001123333333333333123322333333200
00000000000000000300000003000300030300030003003222211111110000000000000000013133112333332002332001122333333333333112221233333200
00000000000000000033300003000300030333300003003222220111110000000000000000013133012233332002332000022223333333333211221123333200
00000000000000000000030003000333330303000003003222110011120000000000000000022132012223332002332000122222333333333323322112333200
00000000000000000000030003000300030300300003003222210111120000000000000000032231012223332001332000121222233223333323323211333200
00000000000000000300030003000300030300030003002222200111111000000000000000131220112223332102332000012222222333333212212111233200
00000000000000000033300003000300030300003003002222101111111000000000000000221310112223333323332210012222222233333212100001233200
00000000000000000000000000000000000000000000002221000111111100000000000002212200123223333333333310011212222233333221000001233200
00000000000000000000000000000000001100000023222210011111111110000000000013222101223333333333333311012222222223332221000001233200
00000000000000000000000000000000000121101222222100011111111111000000000222221012233323333333333211123222222233232232000001233200
00000000000000000000000000000000000001112111122111111111111111111111112221111222232223333333322111233332322333233323200001223100
00000000000000000000000000000000000000000000002211100011111111112222121111112232323000000000000000000033321000223222200012223200
00000000000000330300300330003300333000330033300221003011111111111111111111222233320333000330030000033002210030112211100012222100
00000000000000030300303003030030300303003030030122033011111111111111111112222333230300303003030000300301000330011111111112221200
00000000000000030300303000030030300303003030030012003011111111111111111123333223330333003003030000300300000030011111111111122100
00000000000000030300303033033330300303003033330001203022222222122121112233322333330300303003030000333300000030000010111111111100
00000000000030030300303003030030300303003030300000003023322332332222223333233333330300303003030000300300000030000000010111111000
00000000000003300033000330030030333000330030030000003022222233333322222323233333330333000330033330300300000030000000010111000000
00000000000000000000000000000000000000000000000000000001111112222222222232222221121000000000000000000000000000000000000000000000
