00000023000000000000000000000000000000000000000000000000211012123201333101111111112233333233333333332323323233333333200000000000
00333012000000000300000003003330030000000300030003000000211110012210233200111111111123333233333333333222333233333333310000000000
00333011000000003030000030003000303000003030303030300000210220011000122100011111111111333222333333333222233333333333320000000000
10033011000000000030000030303300003000000030030030300000220121012001202110011111111111233322333333333322333333333333331000000000
01033011000000000300000033300030030000000300003030300000321111011100101121000000111111123322223333333332333333323333332000000000
01033011000000003000000000303030300000003000303030300000332211000100000000000000011011112332232333333332233332333333332000000000
01033011000000003330030000300300333003003330030003000000333222111110010001000000000000111333222233333332222233333333333100000000
01033001000000000000000000000000000000000000000000000000223333223321111112200000000000111233222233333333222223333333333200000000
01000001100001333333333333333333333333333333333332000101111233333333322233321000000000111123322223333333222223333333333200000000
01000100100001333333333333333333333333333333333332000010011133333333333333333210000000011123322223333333322222333333333210000000
00000000000001333333333333333333322133333321233332000011110133333333333333333331000000001113332223333333322233333333333310000000
00000000000001333333333333333333211112233210123332000000110133333333333333333331000000001112332222333333322222333333333310000000
00110000000001333333333333333322111011122222233332000001000133333333332223333332000000001112332122333333322222333333333320000000
00111000011001332333223333322212121122122222333311000011000133333333321212233332000000001111332122333333332223333333333320000000
00000000000000111111111111111122221111122111212100010111111122333333311223332220000000000111332122333333332222333333333320000000
00000000000000011011111111122222222111111111111111111111111112223333211111111000000000001111233122333333322222233333333320000000
00000000000011121222222222222222222212222222222222222222222223333333201111100000000000000111233122333333322222333333333320000000
01011112112222222222222222222222222223333333333233333333332333333332111111000000000000000011233122233333332222333333333320000000
11221222122222222222222222222232223233333333333333333333333333333322111100000000000000001111233122233333332222333333333320000000
12222222222222222222222223223232222223333333333333333333333233333221111110000000000000000011232122333333332222233333333310000000
12222222222222223323322222322222222233333322223333333333333332222111000000000000000000000001332122333333332222333333333310000000
12222222222222222222333322333222222222222211112333233323333333311100000000000000000000000111332112333333322222333333333300000000
12222222222222222222222222333333332110100000001333333333333333322110000000000000000000000111331122333333322222233333333200000000
13223232322322232233333333333333332100000000000233333333333333333321000000000000000000000111331122333333322222333333333200000000
13323233332300000000000000000000000000000000000133300033333333333322000000000000000000000000000000000033220000333333333100000000
13332233322000330300300330003300333000330033300023003033333333333333210000000000000333000330030000033003200330033333333000000000
13333333223000030300303003030030300303003030030012033033333333333333320000000000000300303003030000300302203003033333331000000000
13333333323000030300303000030030300303003030030001003033333333333333331000000000000333003003030000300302200003033333331000000000
13333333333000030300303033033330300303003033330001203033333333333333332000000000000300303003030000333302200330033333320000000000
02333333333030030300303003030030300303003030300000103033333333333333333200000000000300303003030000300302203000033333310000000000
01333333333003300033000330030030333000330030030000003033333333333333333210000000000333000330033330300302203333033333200000000000
01233333333300000000000000000000000000000000000000000033333333333333333210000000000000000000000000000022200000033332000000000000
