00000000000000000000000000000000000000000000000000000000000000000000000000000000000000000000000000000000000000000000000000000000
00000000000000000000000000000000000000000000000000000000000000000000000000000000000000000000000000000000000000000000000000000000
00000000000000000000000000000000000000000000000000000000000000000000000000000000000000000000000000000000000000000000000000000000
00000000000000000000000000000000000000000000000000000000000000000000000000000000000000000000000000000000000000000000000000000000
00000000000000000000000000000000000000000000000000000000000000000000000000000000000000000000000000000000000000000000000000000000
00000000000000000000000000000000000000000000000000000000000000000000000000000000000000000000000000000000000000000000000000000000
00000000000000000000000000000000000000000000000000000000000000000000000000000000000000000000000000000000000000000000000000000000
00000033333333333003333330000000003333330033333300333333000000000000033333330000000000000000003333330000000003333330000000000000
00000331111111113003111130000000003111130031111300311113000000000003331111133300000000000000003111130000000003111130000000000000
00003313333311113003311130000000003111130033111300331113000000000033111111111330000000000000003311130000000003111130000000000000
00033113000331113000311130000000003333330003111300031113000000000331113333311133000000000000000311130000000003333330003333300000
00031113000033333000311130000000000000000003111300031113000000003311333000333113300000000000000311130000000000000000003111300000
00031113300000000000311130000000000000000003111300031113000000003113300000003311300000000000000311130000000000000000003111300000
00031111333333000000311130333333303333330003111300031113000000033113000000000311330333333033300311133333300003333330033111330000
00033111111113330000311130311111303111130003111300031113000000031113000000000311130311113331330311111111333003111130031111130000
00003311111111133000311130331133303311130003111300031113000000031113000000000311130331111111130311113331113003311130033111330000
00000333111111113300311130031330000311130003111300031113000000031113000000000311130031113331330311133033113300311130003111300000
00000003333331111300311133331300000311130003111300031113000000033113000000000311330031113033300311130003111300311130003111300000
00000000000033111300311111111300000311130003111300031113000000003113300000003311300031113000000311130003111300311130003111300000
00033333300003111300311133331330000311130003111300031113000000003311333000333113300031113000000311130003111300311130003111300000
00031111330003113300311130031133000311130003111300031113000000000331113333311133000031113000000311133033113300311130003111300000
00031111133333133003311130331113303311133033111330331113300000000033111111111330000331113300003311113331133003311133003111333000
00031113111111330003111130311111303111113031111130311111300000000003331111133300000311111300003111111111330003111113003311113000
00033333333333300003333330333333303333333033333330333333300000000000033333330000000333333300003333333333300003333333000333333000
00000000000000000000000000000000000000000000000000000000000000000000000000000000000000000000000000000000000000000000000000000000
00000000000000000000000000000000000000000000000000000000000000000000000000000000000000000000000000000000000000000000000000000000
00000000000000000000000000000000000000000000000000000000000000000000000000000000000000000000000000000000000000000000000000000000
00000000000000000000000000000000000000000000000000000000000000000000000000000000000000000000000000000000000000000000000000000000
00000000000000000000000000000000000000000000000000000000000000000000000000000000000000000000000000000000000000000000000000000000
00000000000000000000000000000000000000000000000000000000000000000000000000000000000000000000000000000000000000000000000000000000
00000000000000000000000000000000000000000000000000000000000000000000000000000000000000000000000000000000000000000000000000000000
00000000000000000000000000000000000000000000000000000000000000000000000000000000000000000000000000000000000000000000000000000000
