00000000000000000000000000000000000000000111111011111110001111001100011000111100001111000111110000000000000000000000000000000000
00000000000000000000000000000000000000000111111011111110011111101110011000111100011111101111111000000000000000000000000000000000
00000000000000000000000000000000000000000001100011000000110001101111011000011000110001101100011000000000000000000000000000000000
00000000000000000000000000000000000000000001100011111000110000001111111000011000110000001100011000000000000000000000000000000000
00000000000000000000000001111100000000000001100011000000111001101101111000011000111001101100011000000000011111000000000000000000
00000000000000000000000000000000000000000001100011111110011111101100111000111100011111101111111000000000000000000000000000000000
00000000000000000000000000000000000000000001100011111110001111001100011000111100001111000111110000000000000000000000000000000000
00000000000000000000000000000000000000000000000000000000000000000000000000000000000000000000000000000000000000000000000000000000
03333330333333300333330003333330000000000333333000333000333333003300000033333330333333000333330000000000000000000000000000000000
03333330333333303333333003333330000000000333333003333300333333303300000033333330333333303333333000000000000000000000000000000000
00033000330000003330000000033000000000000003300033303330330033303300000033000000330003303300033000000000000000000000000000000000
00033000333330000333330000033000000000000003300033000330333333003300000033333000330033303300033000000000000000000000000000000000
00033000330000000000333000033000000000000003300033333330330033303300000033000000333330003300033000000000000000000000000000000000
00033000333333303333333000033000000000000003300033000330333333303333330033333330330333003333333000000000000000000000000000000000
00033000333333300333330000033000000000000003300033000330333333003333330033333330330033300333330000000000000000000000000000000000
00000000000000000000000000000000000000000000000000000000000000000000000000000000000000000000000000000000000000000000000000000000
00111100111111001111111011111000001111000111111001111100011111000000000000000000000000000000000000000000000000000000000000000000
01111110111111101111111011111100001111000111111011111110111111100000000000000000000000000000000000000000000000000000000000000000
11000110110001101100000011001110000110000001100011000110111000000000000000000000000000000000000000000000000000000000000000000000
11000000110011101111100011000110000110000001100011000110011111000000000000000000000000000000000000000000000000000000000000000000
11100110111110001100000011001110000110000001100011000110000011100000000000000000000000000000000000000000000000000000000000000000
01111110110111001111111011111100001111000001100011111110111111100000000000000000000000000000000000000000000000000000000000000000
00111100110011101111111011111000001111000001100001111100011111000000000000000000000000000000000000000000000000000000000000000000
00000000000000000000000000000000000000000000000000000000000000000000000000000000000000000000000000000000000000000000000000000000
11111110001110001100000001111110001110000111110000000000000000000000000000000000000000000000000000000000000000000000000000000000
11111110011111001100000001111110011111001111111000000000000000000000000000000000000000000000000000000000000000000000000000000000
11000000111011101100000000011000111011101110000000000000000000000000000000000000000000000000000000000000000000000000000000000000
11111000110001101100000000011000110001100111110000000000000000000000000000000000000000000000000000000000000000000000000000000000
11111000111111101100000000011000111111100000111000000000000000000000000000000000000000000000000000000000000000000000000000000000
11000000110001101111110000011000110001101111111000000000000000000000000000000000000000000000000000000000000000000000000000000000
11000000110001101111110000011000110001100111110000000000000000000000000000000000000000000000000000000000000000000000000000000000
00000000000000000000000000000000000000000000000000000000000000000000000000000000000000000000000000000000000000000000000000000000
