00000000000000000000000000000000000000000000000000000000000000000000000000000000000000000000000000000000000000000000000000000000
00000000000000000000000000000000000000000000000000000000000000000000000000000000000000000000000000000000000000000000000000000000
00000000000000000000000000000000000000000000000000000000000000000000000000000000000000000000000000000000000000000000000000000000
00000000000000000000000000000000000000000000000000000000000000000000000000000000000000000000000000000000000000000000000000000000
00000000000000000000000000000000000000000000000000000000000000000000000000000000000000000000000000000000000000000000000000000000
00003333333333333100000000000000000000000333333320000002333333300000000000000000000000000000000000000000033333300000023333330000
00003133133313313200000122221000000000000313313320000003331331300000000122221000000000000001222210000000231331310000223133130000
00003333333333333220013333333310000000000333333331000003333333300000013333333310000000000133333333100002233333330002223333330000
00001133333333311222233333333333100000000333333332000013333333300002233333333333100000022333333333331022233333331022213333330000
00000131333331311122233333333333300000000333333332000023333333300022233333333333300000222333333333333022133333332222113333330000
00000033333333321122223333333333320000000333333333000033333333300122223333333333320001222233333333333221133333333221113333330000
00000033333333321122223333333333331000000313333313100131333331300122223333333333331001222233333333333321131333313311113133130000
00000033333333321122222233333333333100000333333333100233333333301122222233333333333101222222333333333331133333333331113333330000
00000033333333321122222233333333333100000333333333200333333333301122222233333333333101222222333333333333133333333333113333330000
00000031333331321122222223333333333100000333333333200333333333301122222223333333333301222222233333333333133333333333313333330000
00000033333333231122222222333333333100000333333233311333323333301122222222333333333301222222223333333333133333333331323333330000
00000033333332231112222223333333333200000333333222211333223333301112222223333333333301122222233333333332133333332333333333320000
00000033333322231111122222223333333200000313312221222313222131301111122222223333333201111222222233333332133333322333333333220000
00000033333222231111122222222322322100000333322122222332212333201111122222222322322201111222222223223222131333121331333332120000
00000031332221231111111222222222222000000333222112222222112332201111111222222222222001111112222222222221133332221133333322220000
00000033322222233111111222222222222000000332222112222231112322200111111222222222222000111112222222222221133322221113333222220000
00000033222222233311111111222222221000000222222102222231012222200111111111222222221000111111112222222211133222221113332222220000
00002222222222222211111111112122210000000222222102232221012222200011111111112122210000011111111121222111122222221111322222220000
00002122122221221231111111111111100000000212212102122121012121200001111111111111100000001111111111111011122222221111132222220000
00002222222222222233111111111110000000000222222102222221012222200000111111111110000000000111111111100011121222120111112122120000
00000111111111111113311111111100000000000111111101111111011111100000001111111100000000000001111111000011122222220011112222220000
00000011111111111111300000000000000000000011111100111111011111000000000000000000000000000000000000000011111111100001111111110000
00000000000000000000000000000000000000000000000000000000000000000000000000000000000000000000000000000011111111000000111111100000
00000000000000000000000000000000000000000000000000000000000000000000000000000000000000000000000000000000000000000000000000000000
00000000000000000000000000000000000000000000000000000000000000000000000000000000000000000000000000000000000000000000000000000000
00000000000000000000000000000000000000000000000000000000000000000000000000000000000000000000000000000000000000000000000000000000
00000000000000000000000000000000000000000000000000000000000000000000000000000000000000000000000000000000000000000000000000000000
