00000000000000000000000000000000011111101111111000111100110001101100011000111100001111000011100011000000000000000000000000000000
00000000000000000000000000000000011111101111111001111110110001101110011000111100011111100111110011000000000000000000000000000000
00000000000000000000000000000000000110001100000011000110110001101111011000011000110001101110111011000000000000000000000000000000
00000000000000000000000000000000000110001111100011000000111111101111111000011000110000001100011011000000000000000000000000000000
00000000000000000111110000000000000110001100000011100110111111101101111000011000111001101111111011000000000000000111110000000000
00000000000000000000000000000000000110001111111001111110110001101100111000111100011111101100011011111100000000000000000000000000
00000000000000000000000000000000000110001111111000111100110001101100011000111100001111001100011011111100000000000000000000000000
00000000000000000000000000000000000000000000000000000000000000000000000000000000000000000000000000000000000000000000000000000000
11111100011111000011100011111100111110000000000000000000000000000000000000000000000000000000000000000000000000000000000000000000
11111110111111100111110011111110111111000000000000000000000000000000000000000000000000000000000000000000000000000000000000000000
11001110110001101110111011000110110011100000000000000000000000000000000000000000000000000000000000000000000000000000000000000000
11111100110001101100011011001110110001100000000000000000000000000000000000000000000000000000000000000000000000000000000000000000
11001110110001101111111011111000110011100000000000000000000000000000000000000000000000000000000000000000000000000000000000000000
11111110111111101100011011011100111111000000000000000000000000000000000000000000000000000000000000000000000000000000000000000000
11111100011111001100011011001110111110000000000000000000000000000000000000000000000000000000000000000000000000000000000000000000
00000000000000000000000000000000000000000000000000000000000000000000000000000000000000000000000000000000000000000000000000000000
00111100111111001111111011111000001111000111111001111100000000000000000000000000000000000000000000000000000000000000000000000000
01111110111111101111111011111100001111000111111011111110000000000000000000000000000000000000000000000000000000000000000000000000
11000110110001101100000011001110000110000001100011100000000000000000000000000000000000000000000000000000000000000000000000000000
11000000110011101111100011000110000110000001100001111100000000000000000000000000000000000000000000000000000000000000000000000000
11100110111110001100000011001110000110000001100000001110000000000000000000000000000000000000000000000000000000000000000000000000
01111110110111001111111011111100001111000001100011111110000000000000000000000000000000000000000000000000000000000000000000000000
00111100110011101111111011111000001111000001100001111100000000000000000000000000000000000000000000000000000000000000000000000000
00000000000000000000000000000000000000000000000000000000000000000000000000000000000000000000000000000000000000000000000000000000
01111110001111001100000001111110011111000000000000000000000000000000000000000000000000000000000000000000000000000000000000000000
01111110001111001100000001111110111111100000000000000000000000000000000000000000000000000000000000000000000000000000000000000000
00011000000110001100000000011000111000000000000000000000000000000000000000000000000000000000000000000000000000000000000000000000
00011000000110001100000000011000011111000000000000000000000000000000000000000000000000000000000000000000000000000000000000000000
00011000000110001100000000011000000011100000000000000000000000000000000000000000000000000000000000000000000000000000000000000000
00011000001111001111110000011000111111100000000000000000000000000000000000000000000000000000000000000000000000000000000000000000
00011000001111001111110000011000011111000000000000000000000000000000000000000000000000000000000000000000000000000000000000000000
00000000000000000000000000000000000000000000000000000000000000000000000000000000000000000000000000000000000000000000000000000000
