00000000000000000000000000000000000000000000000000000000000000000000000000000000000000000000000000000000000000000000000000000000
00000000000000000000000000000000000000000000000000000000000000000000000000000000000000000000000000000000000000000000000000000000
00000000000000000000000000000000000000000000000000000000000000000000000000000000000000000000000000000000000000000000000000000000
00000000000000000000000000000000000000000000000000000000000000000000000000000000000000000000000000000000000000000000000000000000
00000000000000000000000000000000000000000000000000000000000000000000000000000000000000000000000000000000000000000000000000000000
00000000000000000000000000000000000000000000000000000000000000000000000000000000000000000000000000000000000000000000000000000000
00000000000000000000000000000000000000000000000000000000000000000000000000000000000000000000000000000000000000000000000000000000
00000000000000000000000000000000000000000000000000000000000000000000000000000000000000000000000000000000000000000000000000000000
00000000000000000000000000000000000000000000000000000000000000000000000000000000000000000000000000000000000000000000000000000000
00000000000000000000000000000000000000000000000000000000000000000000000000000000000000000000000000000000000000000000000000000000
00000000000000000000000000000000000000000000000000000000000000000000000000000000000000000000000000000000000000000000000000000000
00000000000000000000000000000000000000000000000000000000000000000000000000000000000000000000000000000000000000000000000000000000
00000000000000000000000000000000000000000000000000000000000000000000000000000000000000000000000000000000000000000000000000000000
00000000000000000000000000000000000000000000000000000000000000000000000000000000000000000000000000000000000000000000000000000000
00000000000000000000000000000000000000000000000000000000000000000000000000000000000000000000000000000000000033330000000033330000
00000000000000000000000000000000000000000000000000000000000000000000000000000000000000000000000000000000000333333000000333333000
00000000000000000000000000000000000000000000000000000000000000000000000000000000000000000000000000000000003300003300003300003300
00000000000000000000000000000000000000000000000000000000000000000000000000000000000000000000000000000000033000000330033000000330
00000000000000000000000000000000000000000000000000000000000000000000000000000000000000000000000000000000033000000330033000000330
00000000000000000000000000000000000000000000000000000000000000000000000000000000000000000000000000000000033000000330033000000330
00000000000000000000000000000000000000000000000000000000000000000000000000000000000000000000000000000000033000000330033000000330
00000000000000000000000000000000000000000000000000000000000000000000000000000000000000000000000000000000033000000330033000000330
00000000000000000000000000000000000000000000000000000000000000000000000000000000000000000000000000000000033000000330033000000330
00000000000000000000000000000000000000000000000000000000000000000000000000000000000000000000000000000000033000000330033000000330
00000000000000000000000000000000000000000000000000000000000000000000000000000000000000000000000000000000033000000330033000000330
00000000000000000000000000000000000000000000000000000000000000000000000000000000000000000000000000000000033000000330033000000330
00000000000000000000000000000000000000000000000000000000000000000000000000000000000000000000000000000000033000000330033000000330
00000000000000000000000000000000000000000000000000000000000000000000000000000000000000000000000000000000003300003300003300003300
00000000000000000000000000000000000000000000000000000000000000000000000000000000000000000000000000000000000333333000000333333000
00000000000000000000000000000000000000000000000000000000000000000000000000000000000000000000000000000000000033330000000033330000
00000000000000000000000000000000000000000000000000000000000000000000000000000000000000000000000000000000000000000000000000000000
00000000000000000000000000000000000000000000000000000000000000000000000000000000000000000000000000000000000000000000000000000000
