00000000000000000000000000000000000000000000000000000000000000000000000000000000000000000000000000000000000000000000000000000000
00000000000000000000000000000000000000000000000000000000000000000000000000000000000000000000000000000000000000000000000000000000
00000000000000000000000000000000000000000000000000000000000000000000000000000000000000000000000000000000000000000000000000000000
00000000000000000000000000000000000011111000111111000111111100001111000011000001110000011000000000000000000000000000000000000000
00000000000000000000000000000000000113333300133333300133333330011333300013300001333000013300000000000000000000000000000000000000
00000000000000000000000000000000000133333330133333330133333330113333330013300011333000013300000000000000000000000000000000000000
00000000000000000000000000000000000133000330133001330133000000133300333013300013313300013300000000000000000000000000000000000000
00000000000000000000000000000000000133111000133111330133111100133000033013300013313300013300000000000000000000000000000000000000
00000000000000000000000000000000000033333300133333330133333330133000000013300113303300013300000000000000000000000000000000000000
00000000000000000000000000000000000003333330133333300133333330133000110013300133111330013300000000000000000000000000000000000000
00000000000000000000000000000000000110001330133000000133000000133001133013300133333330013300000000000000000000000000000000000000
00000000000000000000000000000000000133111330133000000133111100033311333013301133333330013311110000000000000000000000000000000000
00000000000000000000000000000000000033333330133000000133333330003333330013301330000133013333333000000000000000000000000000000000
00000000000000000000000000000000000003333300033000000033333330000333300003300330000033003333333000000000000000000000000000000000
00000000000000000000000000000000000000000000000000000000000000000000000000000000000000000000000000000000000000000000000000000000
00000000000000000000000000000000000000000000000000000000000000000000000000000000000000000000000000000000000000000000000000000000
00000000000000000000000000000000000000000000000000000000000000000000000000000000000000000000000000000000000000000000000000000000
00000000000000000000000000000000000000000000000000000000000000000000000000000000000000000000000000000000000000000000000000000000
00000000000001111110000111111100000111110000111111000000000111111110001110000011111110000011111000011111110111111110000000000000
00000000000001333333000133333330001133333000133333300000000133333333001333000013333333000113333300013333333133333333000000000000
00000000000001333333300133333333011333333300133333330000000033333333011333000013333333301133333330013333333033333333000000000000
00000000000001330003330133000133013330003330133001330000000000133000013313300013300013301333000330013300000000133000000000000000
00000000000001330001330133111133013300001330133111330000000000133000013313300013311113301330000000013311110000133000000000000000
00000000000001330001330133333330013300001330133333330000000000133000113303300013333333001330011100013333333000133000000000000000
00000000000001330001330133333300013300001330133333300000000000133000133111330013333330001330013333013333333000133000000000000000
00000000000001330011330133003330013300011330133000000000000000133000133333330013300333001330003333013300000000133000000000000000
00000000000001331113330133001330003331113330133000000000000000133001133333330013300133000333111133013311110000133000000000000000
00000000000001333333300133000333000333333300133000000000000000133001330000133013300033300033333330013333333000133000000000000000
00000000000000333333000033000033300033333000033000000000000000033000330000033003300003330003333300003333333000033000000000000000
00000000000000000000000000000000000000000000000000000000000000000000000000000000000000000000000000000000000000000000000000000000
00000000000000000000000000000000000000000000000000000000000000000000000000000000000000000000000000000000000000000000000000000000
00000000000000000000000000000000000000000000000000000000000000000000000000000000000000000000000000000000000000000000000000000000
