00000100000000000000000000000000000000000000000000000000000000000000000000000000000000000000000000000000000000100000000000000000
00001110000000000100000001000000000000003333330000000003333330010000000030000000333330000000000033333000000000003300000033333300
00000100000000000000000000000000001000033333330000000033333333000000000330000003333333000000000333333300000000033000000333333300
00000000000000000000000000000000000000033000000000000033000033000000000330000033300033300000103330003330000000330000010330000000
00000000000000000000000000000000000000033000000000000330010003300000003330000033000003300000003300000330000003300000000330000000
00000000000000000000000000000000000000033000001000000330000003300000003330000000000003300000003300000330000033000000000330000000
00000000000000000000000000000000000000333333300000000333000033300000033330000000001003300000000000000330000333330000003333333000
00000000100000000000000000000000000000333333300000010033333333001000330330000000000033000000000000000330103333333000003333333000
00000000000000000000000000000000000000330000330000000003333330000000330330001000003333000000000000003300003330033300003300003300
00000000000000000000000000001000000000000000033000000033333333000003300330000000003333000000000000003300033300003330000000000330
00000000000000000000000000000000000000000000033000000333300333300033300330000000000033300000000000033000033000000330000000000330
00000000000000000000000000000000000000000000033000000333000033300333000330000000000003300000000000330000033000000330000000000330
00000000000000000000000000000000000000000000033000000330001003300333333333300000000003300000000003300000033000000330000000000330
00000000000000000100000000000000000000300000330000000330000003300333333333300330001003300000000033000000033300003330003000003300
00000000000000000000000000000000000003330003330000000333000033300000000330000333000033300000000330000000003330033300033300033300
00000000000000000000000000000000000000333333300003300033333333000000000330000033333333000330003333333330000333333000003333333000
00000000000000000000000000001000000000033333000103300003333330000000000330000000333330000330033333333330000033330000000333330000
00000000001000000000000000000000000010000000000000000000000000000100010000000000000000000000000000000000000000000000000000000000
00000100000000000000000000000000000000000100000000000000000000100000000000100000000000000000000000000000000000000000000000000000
00000000000000000000000000000000000000000000000000000000000000000000000000000000000000000000000000000000000000000000000000000000
00000000000000000000000000000000000000000000000000000100010000000001000000000000000000000000000000000000000000000000000000000000
00000000000000000001000000000000000000000000000000000000000000000000000000000000100000000000000000000000000000000000000000000000
00000000000000000000000000000000000000000000001000000000000000000100000000000000000000000000000000000000000000000000000000000000
00000000000000000000000000000000000000000000000000000000000000000000000000000000000000000000000000000000000000000000000000000000
00000000000000000000000000000000000000000000000000000001000000100000000000000000000000000000000000000000000000000000000000000000
00000000000033300300000330030003033330333000000000003000000000000000001000000000003330003300300003000000000030000000000000001000
00000000000030030300003003003030030000300300000000033000000000000010000000000000003003030030300003000000000330000000000000000000
00000000000030030300003003000300030000300300000000003000000000100000000000000000003330030030300003000000000030000000000000000000
00000000001033300300003333000300033300333000000000003000010000000000000000000000003003033330300003000000000030000000000000000000
00000000000030000300003003000300030000303000001000003000000000000000000000000000003003030030300003000010000030000000000000000000
10000000000030000333303003000300033330300300000000003000000000000000000100000000003330030030333303333011000030000010000000000000
00000000000000000000000000000000000000000000000000000000000000000000100000000000100000000000000000000010000000000000000000100000
