11111111111100011111111111111110011111111100001111111110000001111110000001111110000000111111111000000111111000000001110000000011
11111111111111111111111111111110001111111003301111111100333300111100333300111100333330011111110033330011110033333301100333333001
11111111111111111111111111111111101111110033301111111003333330011003333330011003333333001111100333333001110333333301103333333301
11111111111111111111111111111111100000110333301111110033000033000033000033001033300033301111003300003300110330000001003300003300
11111111111111111111111111111111000000110003301111110330011003300330011003301033001003301111033001100330110330011111033001100330
11111111111111111110011111111110000000011103301111110330000103300330111103301033011103301111033011110330100330000011033001100330
11111111111111111102210011111110000000111103301111110330000003300330111103301000011103301111033011110330103333333010033300003330
11111111111111111033333201111111110001111103301111110330000003300330111103301111111003301111033001110330103333333000003333333300
11111111101111111133322331111111111100101103301111110330100003300330111103301111111033001111033001110330103300003300100333333001
10011111101110110233332233111111111110101103301111110330111103300330101103301111110033011111033001110330100001100330003333333300
00111111111110001332333233301111111000000103301111110330111103300330101103301111100330011111033001110330111111110330033330033330
01111111112110011231233233320111111000000003301111110330111103300330111103301111003300111111033000120330001211110330033300003330
01111111112211001231233223331111111100000003301111110330011103300330111103301110033001111111033000120330000011100330033001100330
00111111001111000133333333332001111111000003301111110330000003300330011003301100330011101111033000000330003001003300033001100330
10111111001111000023333333333100111110000003301100000033000033000033000033001003300000000000003300003300033300033301033300003330
11111111111111000013323331233200001111000003300003301003333330011003333330010033333333300330100333333001003333333001003333333300
11111111111110100012312331223200000001000003300003300100333300011000333300110333333333300330110033330011100333330011100333333001
11111111111110100000233332223300000000100000000000000010000000011000000001110000000000000000111000000111110000000111110000000011
11111111111101110000033333323200000000000000000000100001000000000000000111111111100111111110111111111111111111111111111101111000
11111111111100111010022333333100000000000000000000010000100000000000000001111111100001111110111111111111111111111110110001101000
11111111111100022110022333221000000000000000000000000000000000000000000001111111100000011110001111111111111111011100100000010000
11111111110012112210023332000000000000000000000000000000000000000000000000111111100000001010000100111111001110001100100000000000
11111111101122110110022320000000000000000000000000000000010000000000000000001111110000000000000101011110000111001100000000000000
00111111012221001111000000000000000000000000000000000000000000000000000000000100011000000000000001101111111111011100000000000000
00111111022000000000000000000000000000000000000000000000000000000000000000000000000000000000000000001111110000011100000000000000
10111111022033300300000330030003033330333000000000003000000000000000000000000000003330003300300003001111110030001110000000000000
11111111101030030300003003003030030000300300000000033000000000000000000000000000003003030030300003011111110330111110000000000000
10012211000030030300003003000300030000300300000000003000000000000000000000000000003330030030300003001100000030111110000000000000
10002221000033300300003333000300033300333000000000003000000000000000000000000000003003033330300003001100001030111100001111000000
00001211100030000300003003000300030000303000000000003000000000000000000000000000003003030030300003000010000030111100011111100000
10000111110030000333303003000300033330300300000000003000000000000000000000000000003330030030333303333010010030111100101111100000
10000111111000000000000000000000000000000000000000000000000000000000000000000000000000000000000000000010011000101111000010000001
