00000000000000000000000000000000000000000000000000000000222222210000000012333333333333333333332100123333332100000000000000000000
00333000030003000300000003000300030000000300030003000000222222100000000000233333333333333333333200013333321000000000000000000000
00333000330030303300000030003030303000003030300030300000222220000000000000023323333333333333333320012332210000000000000000000000
00033000030000300300000030300300030000000300303000300000222210000000000000002322332333333333333332012111210000000000000000000000
00033000030003000300000033303030003000000030333003000000222200000000000000001332233233333333333333221011210000000000000000000000
00033000030030000300000000303030303000003030003030000000222000000000000000000232233223333333333333331022210000000000000000000000
00033000030033300300030000300300030003000300003033300000222000000000000000000133233312233333333333332123211100110000000000000000
00033000000000000000000000000000000000000000000000000000221000000000000000000023223311233333333333222333223333333233333211000000
00000000000000000000110000000000000232322232221122000000000000000000000132123321112233333310011002223232222333333333333332111100
00000000000000000000100000000000000132332232211112000000000000000000000133123331112333333320010001111111221233333333333333323200
00000000000000000000100000000000000132232222211112000000000000000000000133123331112333333321000111110000220133333333333333333200
00000000000000000000100000000000000132222222211112000000000000000000000133123331012233333321000233220001210123333333333333333100
00000000000000000000100000000000000132232222210012000000000000000001100133123331012323333331100333321001210133333333333333333100
00000000000000000000110000000000000132222222110012000000000000000001110133123330012323333331100233331001110233333333333333333200
00000000000000000000110000000000000122222221110012000000000000000011221133123320012322333331100233331000110122333333333333333200
00000000000000000000010000000000000222222222210112100000000000000011120132123320012223333332000233331000110222233333333333333200
00000000000000000000020000000000001322222222200112100000000000000000000231123310112232333332000233331000110122223233333333333200
00000000000000000000010000000000001322222222100111200000000000000000001331233310112333333332100233331000110122222222333333333200
00000000000000000000012000000000002322322221000111210000000000000000002321233100112232333332211333332100110122222222222233333100
00000000000000000000002000000000013222222111000111210000000000000000013311332000112333332333333333333310110012222222323233333200
00000000000000000000001200000000022222222210001111121000000000000000023212321000122232333333333333333320110012222222222333332100
00000000000000000000000220000000233223332100001111112100000000000000232123310001222232223333333333333311110122222232223333333100
00000000000000000000000022100012332223332101011111122210000000000002332233100112322233333333333333333211111133332332223332233200
00000000000000000000000001122223222222322111111111112222000000000123222221001123323223333333333333332211111233233333223332123200
00000000000000000000000000000000000000000011111111100023211111112322222210112323000000000000000000000000000000000000003332223200
00000000000033300300000330030003033330333001111111003022233332232222222111123223033303030333033000300000330003003000302221122200
00000000000030030300003003003030030000300302111112033022233332222222221112333333030003030030030303030000303030303000300110112100
00000000000030030300003003000300030000300303211112003022232333222222222223333322030000300030030303030000330030303000300000011100
00000000000033300300003333000300033300333003322212103022233333332332222233332332033000300030033003330000303033303000300000001100
00000000000030000300003003000300030000303001232322203033322322222333223333333333030003030030030303030000303030303000300000000000
00000000000030000333303003000300033330300300123333303033333333323223333333333333033303030030030303030000330030303330333000000000
00000000000000000000000000000000000000000000013333300033333333333333333333333333000000000000000000000000000000000000000000000000
