00000000000001111222222233333333322221012211211233333333333333333333333332222221112322222222222210000000001222211100000000000000
01000000000011112222222333333333322221022221111123333333333333333333333332222211123322222222222221000000001112211110000000000000
00000000000011112222222333333333322221122322111113333333333333333333333322222211233322222222222221000000011012221110000000000000
00000000000111122222222333333333322222212332211223333333333333333333333322222211233322222222222222000000011012221111000000000000
00000011000111122222223333333333332222211233222233333333333333333333333322222211123322222222222222100000001012222111000000000000
00000000000111122222223333333333332222211233221233333333333333333333333322222222102322222222222222100000001122222111000000000000
00000000001111122222223333333333333322222222211233333333333333333333333322222222102322222222222222100000000122222111000000000000
00000000001111222222233333333333333332222222221233333333333333333333333322222221102322222222222222100000000122222111001000000000
00000000001111222222233333333333333333222222222223333333333333333333333322222221102322222222222222100000000012222111000000000100
00000000001111222222233333333333333333222222222223333333333333333333333322222221102322222222222222100000000012222111000000000000
00000000001111222222233333322221012333322222222223333333333333333333333322222222113332222222222223100000000122222211000000000000
00000000001111222222333333222110001233333322222223333333333333333333333332222222111233222222222233100000001222222211000000000000
00000000001111222222333333221100000123333333333333333333333333333333333332222222211233222222222232100000001222222211000000000000
00000000001112222222333332211000000012333333333333333333333333333333333333222222220123322222222222000000001222222211000000000000
00000000001112222222333322210011100001333333333333333333333333333333333333222222221123332222222221000000001222222221000000000000
00000000001112222222333322210122111001333333333333333333333333333333333333322222222112333222222210000000001222222221000000000000
00000000001112222222333322210133211101333333333333333333333333333333333333332222122112333333322100000000012222222221000000000000
00000000001112222222333322210133211001333333333333333333333333333333333333332222122222322222211000000000122322222221000000000000
00000000001112222222333322210133210001333333333333333333333333333333333333333222222222201110000000000001223322222221000000000000
00000000001112222222333322211133210001333333333333333333333333333333333333333332222111101100000000000122333322222221000000000000
00000000001112222222333322211123210012333333333333333333333333333333333333333333222211111100000000001233333322222221000000000000
00001000001112222222333332212222111123333333333333333333333333333333333333333333322222211111111111112333333322222221000000000000
00000000001112222222333332222221111233333333333333333333333333333333333333333333333322222221122222223333333322222211000000000000
00000000001112222222333333222221112333333333333322222222333333333333333333333333333333222222222333333333333322222211100000000000
00000000001112222222333333322222223333333333322111101111223333333333333333333333333333333333333333333333333222222211000000000000
00000000001111222222233333333222223333333333321111111112233333333333333333333333333333333333333333333333333222222211000000000000
00000000001111222222233333333333333333333333211111111111223333333333333333333333333333333333333333333333333222222211000000000000
00000000001111222222233333333333333333333333211111111111223333333333333333333333333333333333333333333333333222222211000000000000
00000000101111222222233333333333333333333333211111222221222333333333333333333333333333333333333333333333333222222211000000000000
00000000001111222222233333333333333333333332221112222222211233333333333333333333333333333333333333333333333222222211000000000100
00000000000111122222233333333333333333333332222111222332221223333333333333333333333332222222233333333333332222222111000000000000
00000000000111122222223333333333333333333333222111122232222222333333333333333333333322222222222333333333332222222111000000000000
