00000000000000000000000000000000000000000000000000000000000000000000000000000000000000000000000000000000000000000000000000000000
00000000000000000003300000003333300000033333300000000000333300000000333300000000333300000000000033330000000033330000000033330000
00000000000000000033300000033333330000333333330000000003333330000003333330000003333330000000000333333000000333333000000333333000
00000000000000000333300000333000333000330000330000000033000033000033000033000033000033000000003300003300003300003300003300003300
00000000000000000003300000330000033003300000033000000330000003300330000003300330000003300000033000000330033000000330033000000330
00000000000000000000000000330000033003300000033000000330000003300330000003300330000003300000033000000330033000000330033000000330
00000000000000000000000000000000033003330000333000000330000003300330000003300330000003300000033000000330033000000330033000000330
00000000000000000000033300000000033000333333330033000330033303300330033303300330000003303330033003330330033030000330033000000330
00000000000000000000031110000000330010033333300111100330031103300330031103300330000303301111033003110330033011000330033000000330
00000000000000000000331110000000330300333333330011100330031103300330031103300330000303301111033003110330033011000330033000000330
00000000000000000033311110000003300303333003333011100330031103300330031103300330003303301111033003110330033011000330033000000330
00000000000000000331111110000033000303330000333011100330031103300330031103300330033103300001033003110330033011000330033000000330
00000000000000000311111110000330000303300100033011100330031103300330031103300330031103300000033003110330033011000330033000000330
00000000000000000011131110003300000303300100033011100330031003300330031003300330031003300000033003100330033001000330033000000330
00000000000000000000031110033000000003330000333000000033000033000033000033000033000033000000003300003300003300003300003300003300
00000000000000000000031100333333333000333333330003303003333330000003333330000003333330000330300333333001100333333000000333333000
00000000000000000000031103333333333010033333300303303100333300000000333300000000333300000330310033330001110033330000000033330000
00000000000000000000031100000000000011000000000300003110000000000000000000000000000000000000311000000003113000000000000000000000
00000000000000000000031110000000000311103111110311103111031110000000031110000000001111000033111103111000111111000000000000000000
00000000000000000000031110000000000311100111110311103111031113333330031113333330000111133331111003111000311111000000000000000000
00000000000000000000031110000000000311100311100311103111031111111111031111111111000311111111110003111000011111000000000000000000
00000000000000000000031110000000000311100311100311103111031111111111031111111111000011111111110003111000001111000000000000000000
00000000000000000000001110000000000011100011100011100111001111111111001111111111000000111111000000111000000111000000000000000000
00000000000000000000000000000000000000000000000000000000000000000000000000000000000000000000000000000000000000000000000000000000
00000000000000000000000000000000000000000000000000000000000000000000000000000000000000000000000000000000000000000000000000000000
00000000000000330300300330003300333000330033300000003000000000000000000000000000033000300300003000033303030333033000300000000000
00000000000000030300303003030030300303003030030000033000000000000000000000000000030303030300030300030003030030030303030000000000
00000000000000030300303000030030300303003030030000003000000000000000000000000000033003030300030300030000300030030303030000000000
00000000000000030300303033033330300303003033330000003000000000000000000000000000030303030300033300033000300030033303330000000000
00000000000030030300303003030030300303003030300000003000000000000000000000000000030303030300030300030003030030033003030000000000
00000000000003300033000330030030333000330030030000003000000000000000000000000000033300300333030300033303030030030303030000000000
00000000000000000000000000000000000000000000000000000000000000000000000000000000000000000000000000000000000000000000000000000000
