00000000000011000000000100000110000000111111111001101111011111011111111110000000011110000001000000000000000000000001001110010111
00000000000011001000100110100111000000000000110001111111111110111111111110000000011111100001110000000000000000100011011111101111
00000000000011011000100111000011000000000000000001111111111111111111111111000000011111110101111011000000110001110011011111111110
00000000000000011000000100000000000000000011010000111111101111111111111111110000001111111111111010100001111000110011111111111110
11000000000000000000000100000000000000000011110000111111111111111111111111111011100111111111111110010000000000100011111111111110
11000000000000000000000111000000000000101111111100011110111111111111111111111111110111111111111111110000001000100011111111111100
01000000000001000000000011000000000000001111110000011100111111111111111111111111111111111111111111110000001000110001111111111110
00000000000000000000000011100000000000000110110000001100000111111111111111111111111111111111111111000000000000000001111111111100
01101100111010000000000011100000000000000000000000000000000111111111111111111111111111111111111111110011110000000001111111111110
01111110110100000000000011100000000000000000000000000000000010010001101111111111111111111111111111110011110000000011110000111110
11000100010010000000000001110000000000000000000000000000000000000000000001111111111111111111111111110001111000000011100000011100
01001000001110000000000001110000000000000000000000000000000000000000000001111111111111111111111111110001101000000011010000011100
01111000000110000000000000110000000000000000000000000000000000000000000000111111101111111111111111111001100000010000111101111100
00001000000000000000000022221100000000000000000000000000000000000000000000111112101111111111111111111122221222211221111222111100
22222222222222222222222222221110000000000000000000000000000000000000000000011112111111111111111111110121122222211221111221111100
22222222222222222222222222221110000000000000000000000000000000000000000000001102111111011111111111110121122122211222211221111111
22222222222222222222222222222110000000000000000000000000000000000000000000000011111110000111111111100011112122211222212211111111
21222222222222222222222222322211111000000000000000000000000000000000000000000001111100000111111111110011111222211222222211111100
21122222211222222222222222322221111100000000000000000000000000000000000000000000111000000011111111111111111211211212211210111100
21212222111222222222222222322222222110000000000000000000000000000000000000000000000000000000111111111111111111111112111100111000
22222222222222222222222222222222222211111110000000000000000000000000000000000000000000000000001101111111111121111221111100111100
12222222222222222222222222222222222222111111101011000000000000000000000000000000000000000000000100111111111121111111111101111100
12222111222222222222222223232322232222222222111111111000000000000000000000000000000000000000000010010111111122222211111111111100
22221111222222222223232232233333333333333222222222221100000000000000000000000000000000000000000010000011111112211211111111111100
22222222222222222222322323233333333333333333333222222110100000000000000000000000000000000000000000000011111111111211111011111100
22222222222222222222233323233333333333333333333333333222211000000000000000000000000000000000000000000001111111111121111112321111
22222222222222222222223333333333333333333333333333333333222100000000000000000000000000000000000000000000111111111121111113211122
22222222222222222222223333333333333333333333333333333333333222110000000000000000000000000000000000000000011111111111111122100122
22222222222222222222222233333333333333333333333333333333333322211111000000000000000000000000000000000000011111111222111222100222
22222222222223322222222233333333333333333333333333333333333333322121000000000000000000000000000000000000011111111222111222111222
22222222222222322222222333333333333333333333333333333333333333333222111100000000000000000000000000011100001111111122111222222222
22222222222222222222222333333333333333333333333333333333333333333333222110000000000000000000000000011000100111012112112222222222
