00000000000000000000000000000000000000000000000000000000000000000000000000010000000000000000000000000100000000000000000000000000
00333000030003000300000003003330030000000300030003000000000000000000000000000000000000000000000000001110000000000000000000000000
00333000330030303030000030003000303000003030303030300000000000100000000000000000000000000000000000000100000000000000000000000000
00033000030000300300000033003300003000000030030003000000000000000000000000000000000000000000000000000000000000000000000000000000
00033000030003000030000030300030030000000300003000300000000000000000000000000000000000000000000000000000000000000000000000000000
00033000030030003030000030303030300000003000303030300000100000000000000010000000000000000000000000000000000000000000000000000000
00033000030033300300030003000300333003003330030003000000000000000001000000000000000000000000000000000000000000000000000000000000
00033000000000000000000000000000000000000000000000000000000000000000000000000000100000000000000000000000000000000000000000000000
00000000000000000000000000000000000000000000000000000000000000000000000000100000000000000000000000000000000000000000000000000000
00000000000000000000000000000000000000000000100000000001000000000000000000000000000000000000000000000000000000000000000000000000
00010000000000000000000000000000000000000000000000000000000000000000100000000000000000000000000000000000000000000000000000000000
00111000000000000000000000000000000000000000000000000000000000000000000000000000000000100000000010000000000000000000000000000000
00010000000000000000000000000000010000100000000000000000100000000000000010000000000000000000000100000000000000000000000000000000
00000000000000000000000000000000110000000000000001000000000010001010000000000000100000000000000000000000000000000000100000000000
00000000000000000000000000000000010000000000000000000000000000000000000000000000000000000000000000000000000000000001110000000000
00000000000000000000000000000000000000000000000000000000000000000000010000000000000000000000010000000000000000000000100000000000
00000000000000000000000000000000000000000000000100001000001000000000000000000000000000000000000000000000000000000000000000000000
00000000000000000000000000000000000010000000000000000000000000000000000000000000000000000000000000000000000000000000000000000000
00000000000000000000000000000000000000000100000000000000000000001000100010000000000000000000000000000000000000000000000000000000
00000000000000000000000000000000000000000000000000000000100000000010000000000000000000000000000000000100000000000000000000000000
00000000000000000000000000000000000000000001000000000001000000000000000000000000000010000000000000000000000000000000000000000000
00000000000000000000000000000010000000000010000000000000000000000000000000000010000000000000000000000000000000000000000000000000
00000000000000000000000000000100000000000000000001000000000000000010000000000000000000000000000000000000000000000000000000000000
00001000000000000000000000000000000000000000000000000000010000001000000000000000000000000000000000000000000000000000000000000000
00010000000000000000000000000000000000000000000000000010000000000000000100000000000000000000000000000000000000000000000000000000
00000000000000330300300330003300333000330033300000003000000000000000000000000000033000300300003000033303030333033000300000000000
00000000000000030300303003030030300303003030030000033000000000000001000000010000030303030300030300030003030030030303030000000000
00000000000000030300303000030030300303003030030000003000000010001000000000000000033003030300030300030000300030030303030000000000
00000000000000030300303033033330300303003033330000003000000000000000000000000000030303030300033300033000300030033303330000000000
00000000000030030300303003030030300303003030300000003010000000000000000000001000030303030300030300030003030030033003030000000000
00000000000003300033000330030030333000330030030000003000000000000000000000000100033300300333030300033303030030030303030100000000
00000000000000000000000000000000000000000000000000000000000000000000000000000000000000000000000000000000000000000000001110000000
