00000000000000000000000000000000000000000000000000000000232232222223222233333333310000232333333333300000000000000000000000000000
00333000030003000300000003000300030000000300030003000000222222222222222223333333332000111333333333200000000000000000000000000000
00333000303030303030000030003030303000003030303030300000222222222232333222333333333210110233333332000000000000000000000000000000
00033000003003000300000030303030303000003030303030300000222222211111123323333333333332210123333320000000000000000000000000000000
00033000030000300030000033303030303000003030303030300000222222000000001233333333333333320002333200000000000000000000000000000000
00033000300030303030000000303030303000003030303030300000222220000000000023233333333333332001333100000000000000000000000000000000
00033000333003000300030000300300030003000300030003000000222200000000000002323323333333333201211100000000000000000000000000000000
00033000000000000000000000000000000000000000000000000000122000000000000001322322333333333322012100000000321121000110000000000000
00000000000000000000000000000000000000000001000000000000333333211211220000000000000000013223212333332333333333122233221222210000
00000000000000000000000000000000000000000010000000000000232233211111220000000000000000002313311223333212111333323332233333332100
00000000000000000000000000000000000000000010000000000000132333221111110000000000000000002313311222333200110112201332333333333200
00000000000000000000000000000000000000000010000000000000133232221111110000000000000000001322311233332210000101101233333333333200
00000000000000000000000000000000000000000010000000000000133232221111110000000000000000001322310223323310012110011133333333333200
00000000000000000000000000000000000000000010000000000000132232221111110000000000000000001322310223333320013320000223333333333200
00000000000000000000000000000000000000000010000000000000132222210111110000000000000000001312310233332320013320000222333333333200
00000000000000000000000000000000000000000010000000000000132222210111120000000000000000002313311222333320013320000222223233333200
00000000000000000000000000000000000000000011000000000000232222100111120000000000000000002313211223233320013320000112222232223200
00000000000000000000000000000000000000000001000000000000232222101111121000000000000000013223101222233320013320000111222222223200
00000000000000000000000000000000000000000001100000000001322222101111111000000000000000023233111232333332123331000112222222223200
00000000000000000000000000000000000000000000100000000002322321001111112100000000000000132231011233233333333333200111222222223200
00000000000000000000000000000000000000000000010000000022222210001111111210000000000001322220012222222333333333200111122222223200
00000000000000000000000000000000000000000000011000000222222100001111111120000000000012222211122322322333333333100132122222223200
00000000000000000000000000000000000000000000000221122222231000001111111112100000000222222111222223223333333232111233222222232200
00000000000000000000000000000000000000000000000012111111232100001011111111111111122221111122223333333333333211112322333212332100
00000000000000000000000000000000000000000000000000000000122211001111111111112222211000000000000000000033330000111111333212332100
00000000000000330300300330003300333000330033300000003000002321111111111111111111110333000330030000033003300330010001222101111000
00000000000000030300303003030030300303003030030000033000000232111111111111111111110300303003030000300302203003000000000000000000
00000000000000030300303000030030300303003030030000003000000023211111111111111111110333003003030000300300000030000000000000000000
00000000000000030300303033033330300303003033330000003000000002333222222222212111110300303003030000333300000003000000000000000000
00000000000030030300303003030030300303003030300000003000000000123332323332223222220300303003030000300300003003000000000000000000
00000000000003300033000330030030333000330030030000003000000000002222333322233322330333000330033330300300000330000000000000000000
00000000000000000000000000000000000000000000000000000000000000000011112122222222332000000000000000000000000000000000000000000000
