00000000000000000000000000000000000000000000000000000000000000000000000000000000000000000000000000000000000000000000000000000000
00000000000000000000000000000000000000000000000000000000000000000000000000000000000000000000000033330000000033330000000033333000
00000000000000000000000000000000000000000000000000000000000000000000000000000000000000000000000033333000000333333000000333333300
00000000000000000000000000000000000000000000000000000000000000000000000000000000000000000000000000003300003300003300003330003330
00000000000000000000000000000000000000000000000000000000000000000000000000000000000000000000000000000330033000000330003300000330
00000000000000000000000000000000000000000000000000000000000000000000000000000000000000000000000000000330033000000330000000000330
00000000000000000000000000000000000000000000000000000000000000000000000000000000000000000000000000000330033000000330000000000330
00000003333300000000000333330000033333003330033300000000033300000000000003333330000003330000003330033333033033000330333300003300
00000033111110000000000311111000031111103111031110000000031110000000000333111111300003111000003111031331033011100330111110333300
00000331111111000000000311111000031111103111031110000000031110000000000311111111110003111100003111031111033011100330111110333300
00000311100311100000000311111000331111103111031110000000031110000000003311111111110003111110003111031111033011100330111110003330
00000011100311100000000311131100311311103111031110000000031110000000033111100001111003111110003111031110033000000330100011100330
00000000000311100000000311131100311311103111031110000000031110000000031111000000111103111111003111031110033000000330000001110330
00000000003311100000000311131103311311103111031110000000031110000000031110000000311103111311003111031113033000000330033000000330
00000000033111000000000311131113111311103111031110000000031110000000031110000000311103111011103111031111003300003300033300003330
00000000331111000000000311101113111311103111031110000000031110000000031110000000311103111031103111031111100333333001003333333300
00000000311110000000000311103113110311103111031110000000031110000000031110000000311103111001113111031111110033330000000033333000
00000003311100000000000311103113110311103111031110000000031110000000031110000003311103111003113111031110000000000330000000000000
00000033111000000000000311103111110311103111031110000000031110000000001111000033111103111000111111031110000000003111000331110000
00000031111000000000000311100111110311103111031113333330031113333330000111133331111003111000311111031113333333000111133311110000
00000331113333000000000311100311100311103111031111111111031111111111000311111111110003111000011111031111111111100311111111100000
00000311111111100000000311100311100311103111031111111111031111111111000011111111110003111000001111031111111111100011111111100000
00000011111111100000000011100011100011100111001111111111001111111111000000111111000000111000000111001111111111100000111110000000
00000000000000000000000000000000000000000000000000000000000000000000000000000000000000000000000000000000000000000000000000000000
00000000000000000000000000000000000000000000000000000000000000000000000000000000000000000000000000000000000000000000000000000000
00000000000000330300300330003300333000330033300000003000000000000000000000000000000333000330030000033000000030000000000000000000
00000000000000030300303003030030300303003030030000033000000000000000000000000000000300303003030000300300000330000000000000000000
00000000000000030300303000030030300303003030030000003000000000000000000000000000000333003003030000300300000030000000000000000000
00000000000000030300303033033330300303003033330000003000000000000000000000000000000300303003030000333300000030000000000000000000
00000000000030030300303003030030300303003030300000003000000000000000000000000000000300303003030000300300000030000000000000000000
00000000000003300033000330030030333000330030030000003000000000000000000000000000000333000330033330300300000030000000000000000000
00000000000000000000000000000000000000000000000000000000000000000000000000000000000000000000000000000000000000000000000000000000
