00000000000000000000000000000000000000000000000000000000000000000000000000000000000000000000000000000000000000000000000000000000
00000000000000000000000000000003300000000000300000000000333330000000333300000000333300000000000033330000000033330000000033330000
00000000000000000000000000000033300000000003300000000003333333000003333330000003333330000000000333333000000333333000000333333000
00000000000000000000000000000333300000000003300000000033300033300033000033000033000033000000003300003300003300003300003300003300
00000000000000000000000000000003300000000033300000000033000003300330000003300330000003300000033000000330033000000330033000000330
00000000000000000000000000000003300000000033300000000000000003300330000003300330000003300000033000000330033000000330033000000330
00000000000000000000000000000003300000000333300000000000000003300330000003300330000003300000033000000330033000000330033000000330
00000000000000000000033300000003300333303303303333003330000033000330033303300330000003303330033003330330033030000330033000000330
00000000000000000000031110000003300311003303301111103111003333000330031103300330000303301111033003110330033011000330033000000330
00000000000000000000331110000003300310033003301111103111003333000330031103300330000303301111033003110330033011000330033000000330
00000000000000000033311110000003300300333003301111103111000033300330031103300330003303301111033003110330033011000330033000000330
00000000000000000331111110000003300303330003300011103111031003300330031103300330033103300001033003110330033011000330033000000330
00000000000000000311111110000003300303333333333011100000031103300330031103300330031103300000033003110330033011000330033000000330
00000000000000000011131110000003300303333333333011100330031003300330031003300330031003300000033003100330033001000330033000000330
00000000000000000000031110000003300300000003300000000333000033300033000033000033000033000000003300003300003300003300003300003300
00000000000000000000031110000003300311101103301303300033333333000003333330000003333330000330300333333001100333333000000333333000
00000000000000000000031110000003300311103103300303303000333330000000333300000000333300000330310033330001110033330000000033330000
00000000000000000000031110000000000311103100000300003110000000000000000000000000000000000000311000000003113000000000000000000000
00000000000000000000031110000000000311103111110311103111031110000000031110000000001111000033111103111000111111000000000000000000
00000000000000000000031110000000000311100111110311103111031113333330031113333330000111133331111003111000311111000000000000000000
00000000000000000000031110000000000311100311100311103111031111111111031111111111000311111111110003111000011111000000000000000000
00000000000000000000031110000000000311100311100311103111031111111111031111111111000011111111110003111000001111000000000000000000
00000000000000000000001110000000000011100011100011100111001111111111001111111111000000111111000000111000000111000000000000000000
00000000000000000000000000000000000000000000000000000000000000000000000000000000000000000000000000000000000000000000000000000000
00000000000000000000000000000000000000000000000000000000000000000000000000000000000000000000000000000000000000000000000000000000
00000000000000330300300330003300333000330033300000003000000000000000000000000000000333000330030000033000000330000000000000000000
00000000000000030300303003030030300303003030030000033000000000000000000000000000000300303003030000300300003003000000000000000000
00000000000000030300303000030030300303003030030000003000000000000000000000000000000333003003030000300300000003000000000000000000
00000000000000030300303033033330300303003033330000003000000000000000000000000000000300303003030000333300000330000000000000000000
00000000000030030300303003030030300303003030300000003000000000000000000000000000000300303003030000300300003000000000000000000000
00000000000003300033000330030030333000330030030000003000000000000000000000000000000333000330033330300300003333000000000000000000
00000000000000000000000000000000000000000000000000000000000000000000000000000000000000000000000000000000000000000000000000000000
