00000000000000000000000000000000000000000000000000000000000000000000000000000000000000000000000000000000000000000000000000000000
00000000000000000000000000000000000000000000000000000000000000000000000000000000000000000000000000000000000000000000000000000000
00000000000000000000000000000000000000000000000000000000000000000000000000000000000000000000000000000000000000000000000000000000
00000000000000000000000000000000000000000000000000000000000000000000000000000000000000000000000000000000000000000000000000000000
00000000000330000003300003333000000000000000000000000000000000000000000000000000000000000000000000000000000000000000000000000000
00000000003333000033330003333300000000000000000000000000000000000000000000000000000000000000000000000000000000000000000000000000
00000000003333000033330003303300000000000000000000000000000000000000000000000000000000000000000000000000000000000000000000000000
00000000003303000033030003303330000000000000000000000000000000000000000000000000000000000000000000000000000000000000000000000000
00000000003303000033030003300330000000000000000000000000000000000000000000000000000000000000000000000000000000000000000000000000
00000000003303000033030003300330000000000000000000000000000000000000000000000000000000000000000000000000000000000000000000000000
00000000003303000033030003303330000000000000000000000000000000000000000000000000000000000000000000000000000000000000000000000000
00000000033333300333333003303300000000000000000000000000000000000000000000000000000000000000000000000000000000000000000000000000
00000000033333300333333003333300000000000000000000000000000000000000000000000000000000000000000000000000000000000000000000000000
00000000033003300330033003333000000000000000000000000000000000000000000000000000000000000000000000000000000000000000000000000000
00000000000000000000000000000000000000000000000000000000000000000000000000000000000000000000000000000000000000000000000000000000
00000000011111100111111001111110011111100000000000000000000000000000000000000000000000000000000000000000000000000000000000000000
00000000011111100111111001111110011111100000000000000000000000000000000000000000000000000000000000000000000000000000000000000000
00000000000000000000000000000000000000000000000000000000000000000000000000000000000000000000000000000000000000000000000000000000
00000000000000000000000000000000000000000000000000000000000000000000000000000000000000000000000000000000000000000000000000000000
00000000000000000000000000000000000000000000000000000000000000000000000000000000000000000000000000000000000000000000000000000000
00000000000000000000000000000000000000000000000000000000000000000000000000000000000000000000000000000000000000000000000000000000
00000000000000000000000000000000000000000000000000000000000000000000000000000000000000000000000000000000000000000000000000000000
00000000000000000000000000000000000000000000000000000000000000000000000000000000000000000000000000000000000000000000000000000000
00000000000000000000000000000000000000000000000000000000000000000000000000000000000000000000000000000000000000000000000000000000
00000000000000000000000000000000000000000000000000000000000000000000000000000000000000000000000000000000000000000000000000000000
00000000000000000000000000000000000000000000000000000000000000000000000000000000000000000000000000000000000000000000000000000000
00000000000000000000000000000000000000000000000000000000000000000000000000000000000000000000000000000000000000000000000000000000
00000000000000000000000000000000000000000000000000000000000000000000000000000000000000000000000000000000000000000000000000000000
00000000000000000000000000000000000000000000000000000000000000000000000000000000000000000000000000000000000000000000000000000000
00000000000000000000000000000000000000000000000000000000000000000000000000000000000000000000000000000000000000000000000000000000
00000000000000000000000000000000000000000000000000000000000000000000000000000000000000000000000000000000000000000000000000000000
00000000000000000000000000000000000000000000000000000000000000000000000000000000000000000000000000000000000000000000000000000000
