00000000000000000000000000000000000000000000000000000000000000000000000000000000000000000000000000000000000000000000000000000000
00000000000000000000000000000000000000000000000000000000000000000000000000000000000000000000000033333000000033333000000033333000
00000000000000000000000000000000000000000000000000000000000000000000000000000000000000000000000333333300000333333300000333333300
00000000000000000000000000000000000000000000000000000000000000000000000000000000000000000000003330003330003330003330003330003330
00000000000000000000000000000000000000000000000000000000000000000000000000000000000000000000003300000330003300000330003300000330
00000000000000000000000000000000000000000000000000000000000000000000000000000000000000000000003300000330003300000330003300000330
00003333000000333333000033033003333300000033333300033330333300330330033333330000000000333000300000000330300003330330300003000330
00003333000000333333000033333003333330000033333300033330333300333330033333330000000003333300333333000330333003300330333333000330
00003111100000311111100331131103111110000031111110031111311113311311031111111000000033311130311111003300111303103300111111103300
00003111100000311111100331111103111111000031111110031111311113311111031111111000000033111110311111003301111103003301111111003300
00003111100000311111100311111103111111000031111110031111311113111111031111111000000031111111311110033001111110033001111110033000
00000111100000011111100311111100111111100001111110001111011113111111001111111000000031111111011100330011111100330031111100330000
00000111100000011111100311111100111111100001111110001111011113111111001111111000000031111111011003300011111003300131111003300000
00000311000000331111000311001100311031100033111100003111031103110011003110011000000031100311030033000031100033001001130033000000
00000311000000331011000311331100311331100033101100003111131103113311003113011000000031100000000330000000100330000000100330000000
00000311000000311331000311333300311301000031133100003111131103113333003113000000000031100330003333333330003333333330003333333330
00000311033000311331100311011110311111000031133110003111111103110111103111100000000031100330033333333330033333333330033333333330
00000311033000311111100311011110311110000031111110003111111103110111103111130000000031100000000000000000000000000000000000000000
00000311031103311111100311031100311031000331111110003110111103110311003110330000000031100311031103100031100310311000031100000000
00003311331133310033130311331103311031303331003313033110111103113311033113311000000031133311331103130331133313311000331100000000
00003311331133110033110311331103311031303311003311033110311103113311033113311000000031133311331103130331133313311000331100000000
00003111111131111031111311111103111131113111103111131111011103111111031111111000000031111111311113111311111113111100311110000000
00003111111131111031111011111103111131113111103111131111011100111111031111111000000001111111311113111311111113111100311110000000
00003111111131111031111011111103111131113111103111131111031100111111031111111000000001111111311113111311111113111100311110000000
00000111111101111001111001111100111101110111100111101111001100011111001111111000000000111110011110111011111110111100011110000000
00000111111101111001111001111100111101110111100111101111001100011111001111111000000000011100011110111011111100111100011110000000
00000000000000000000000000000000000000000000000000000000000000000000000000000000000000000000000000000000000000000000000000000000
00000000000000000000000000000000000000000000000000000000000000000000000000000000000000000000000000000000000000000000000000000000
00000000000000000000000000000000000000000000000000000000000000000000000000000000000000000000000000000000000000000000000000000000
00000000000000000000000000000000000000000000000000000000000000000000000000000000000000000000000000000000000000000000000000000000
00000000000000000000000000000000000000000000000000000000000000000000000000000000000000000000000000000000000000000000000000000000
00000000000000000000000000000000000000000000000000000000000000000000000000000000000000000000000000000000000000000000000000000000
