00000000000000000000000000000000000000000000000000000000100000000000000000000000000000000000000000000000000000000000000000000000
00000000000000000000000000000000000000010000000330000001110033330000000033333000033333333330000000003333330003333333333000033000
00000000000000000000000000000000000000000000003330000000100333333000000333333300033333333330100000033333330003333333333000333000
00000000000000000000000000010000000000000000033330000000003300003300003330003330000000003300110000033000000000000000330003333000
00000000000000000000000000000000000000000000000330000000033000000330003300000330000000003300100000033000000000000000330000033000
00000000000000000000000000000000000000000000000330000000033000000330003300000330000010033000000000033000000000000003300000033000
00000000000000000000000000000000000000000000000330000000033000000330000000000330000000033000000000333333300000000003300000033000
00000000000001000000000000000000000001000000000330000010033000000330000000000330000000330000000000333333300000000033000000033000
00000000000000000000000000000000000000000000000330000000033010000330000000103300000000330000000000330000330000000033000000033000
00000000000000000000000000000000000000000000000330000000033000000330000000003300000003300000000000000010033000000330000000033000
00000000000000000000000000000000000000000000000330000000033000000330000000033000000003300000000000000100033000000330000000033000
00000000000000000000000000010000000000000000000330000000033000000330000000330000100033000000000000000000033000003300000000033000
00000000000000000000000000000000000000000000100330000000033000100330000003300000010033000000000000000000033000003300000000033000
00000000000000000000000000000000000000000000010330000000033001000330100033000000000330000000100000300000330000033000000000033000
00000000000000000000000000000000000000000000000330000000003300003300000330000000000330000000000003330003330000033000000000033000
00000000000000000000000000000000000000000000000330000330000333333000003333333330003300000000033000333333300000330000000000033000
00000000000000000000000000000000000000000000000330000330000033330000033333333330033300000000033000033333000003330100000000033000
00000000000001000000000000000000000000000100000000100000000000000000000000000000000000000000000000000000000000000110000000000000
00000000000010000000000000000000000000001000000001000000001000000010000100000000000000000000000000000000000000000100000000000000
00000000000000000000000000000000000000000000000000000000000000100000000000000000000000000000000000000000000000000000000000000000
00000000000000000000000010000000000000000000000000000000001000000000000000000000000000000000000000000000000000000000000000000000
00000000000000000000000000000000100000000000000000000000000000000000100000100001000000000000000000000000000000000000000000000000
00000000000000000000000000000000000000000000000000000000000000100000000000000000000000000000000000000000000000000000000000000000
00000000000000000000000000000000000000000000000000000000100000000000000100000000000000000000000000000000000000000000000000000000
10000000000000000000000000000000000000000000000000100000000000000000000000000000000000000000000000000000000000000000000000000000
11000000000033300300000330030003033330333000000000003000000000000000000000000000003330003300300003000000000030000000000000000001
10000000000030030300003003003030030000300300000000033000000000000000000000000000003003030030300003000000000330000000000000000000
00000000000030030300003003000300030000300300000000003000000000000010000000000000003330030030300003000000000030000000000000000000
00000000000033300300003333000300033300333000000000003000000000000000000000000000003003033330300003000000000030000000000000000000
00000000000030000300003003000300030000303000000000003000000000010000000000000000003003030030300003000000000030100000000000000000
00000000000030000333303003000300033330300300000100003000000000000000000000010000003330030030333303333000000030000000000000000000
00000000000000000000000000000000000000000000000000000000000000000000000000100000000000000000000000000000000000000000000000000000
