00000000000000000000000000000000000000000000000000000000000000000000000000000000000000000000000000000000000000000000000000000000
00000000000000000000000000000000000000000000000000000000000000000000000000000000000000000000000000000000000000000000000000000000
00000000000000000000000000000000000003000000000000000000000000000000000000000000000000000000000000000000000000000000000000000000
00000000000000000000000000000000000003000000000000000000000000000000000000000000000000000000000000000000000000000000000000000000
00000000000000000000000000000000000003000000000000000000000000000000000000000000000000000000000000000000000000000000000000000000
00000000000000000000000000000000000000000000000000000000000000000000000000000000000000000000000000000000000000000000000000000000
00000000000000000000000000000000000003000000000000000000000000000000000000000000000000000000000000000000000000000000000000000000
00000000000000000000000000000000000003000000000000000000000000000000000000000000000000000000000000000000000000000000000000000000
00000000000000000000000000000000000003000000000000000000000000000000000000000000000000000000000000000000000000000000000000000000
00000000000000000000000000000000000000000000000000000000000000000000000000000000000000000000000000000000000000000000000000000000
00000000000000000000000000000000000000000000000000000000000000000000000000000000000000000000000000000000000000000000000000000000
00000000000000000000000000000000000000000000000000000000000000000000000000000000000000000000000000000000000000000000000000000000
00000000000000000000000000000000000000000000000000000000000000000000000000000000000000000000000000000000000000000000000000000000
00000000000000000000000000000000300000000000300000000000333333000333333333300000333300000000000333333000000033330000000000003000
00000000000000000000000000000000330000000003300000000003333333000333333333300003333330000000003333333300000333333000000000033000
00000000000000000000000000000000333000000003300000000003300000000000000033000033300333000000003300003300003300003300000000033000
00000000000000000000000000000000000000000033300000000003300000000000000033000330000003300000033000000330033000000330000000333000
00000000000000000000000000000000000000000033300000000003300000000000000330000330000003300000033000000330033000000330000000333000
00000000000000000000000000000000000000000333300000000033333330000000000330000330000003300000033300003330033000000330000003333000
00000000000000000000000000000000000000003303300000000033333330000000003300000330000003300000003333333300033000000330000033033000
00000000000000000000000000000000000000003303300000000033000033000000003300000333000033300000000333333000033000000330000033033000
00000000000000000000000000000000000000033003300000000000000003300000033000000033333333000000003333333300033000000330000330033000
00000000000000000000000000000000000000333003300000000000000003300000033000000003333333000000033330033330033000000330003330033000
00000000000000000000000000000000000003330003300000000000000003300000330000000000003330000000033300003330033000000330033300033000
00000000000000000000000000000000000003333333333000000000000003300000330000000000003300000000033000000330033000000330033333333330
00000000000000000000000000000000000003333333333000000030000033000003300000000000033000000000033000000330033000000330033333333330
00000000000000000000000000000000000000000003300000000333000333000003300000000000330000000000033300003330003300003300000000033000
00000000000000000000000000000000000000000003300003300033333330000033000000000003300000000330003333333300000333333000000000033000
00000000000000000000000000000000000000000003300003300003333300000333000000000033000000000330000333333000000033330000000000033000
00000000000000000000000000000000000000000000000000000000000000000000000000000000000000000000000000000000000000000000000000000000
00000000000000000000000000000000000000000000000000000000000000000000000000000000000000000000000000000000000000000000000000000000
00000000000000000000000000000000000000000000000000000000000000000000000000000000000000000000000000000000000000000000000000000000
