00000000000000000000000000000000000000000000000000000000000000000000000000000000000000000000000000000000000000000000000000000000
00333000000033303330000003000300030000000300030003000000000000000000000000000000000000000000000000100000000000000000000000000000
00333000000000300030000030303030303000003030303030300000000000000000000000000100000000000000000000000000000000000000000000000000
00033000000003000300000003003030303000003030303030300000010000000000000000001110000000000000000000000000000000000000000000000000
00033000000003000300000030303030303000003030303030300000000000000000001000000100000000000000000000000000000000000000000000000000
00033000000030003000000030303030303000003030303030300000000000000000000000000000000000010000000000000000000000000000000000000000
00033000000030003000030003000300030003000300030003000000000000001000000000000000000000000000000000000000000000000100000000001000
00033000000000000000000000000000000000000000000000000000000000000000000000000000100000000000000000000000000000000000000000011100
00000000000000000000010000000000000000001000000000000001000000000000000000000000000000000000000000000000000000000000000000001000
00000000000000000000000000000000000000000000000000000000000010000000000010000000000000000000000000000000000000000000000000000000
00000000000000000000000000000000000000000000000000000000000000000000000000000000000000000000001000000000000000000000000000000000
00000000000000000000000000000000000000000000000000000000000000000000000000000100000000000000000000000000000000000000000000000000
00000000000000000000000000000000010000000000000000000000100000000000000000000000000000000000000000000000000000000000000000000000
00000000100000000000000000000000000000000000000100000000000001000010010000000000000000010000000000000000000000000000000000000000
00000000000000000000000000000000000000000000000000000000000000000000000000000000000000000000000000000000000000000000000000000000
00000000000000000000000000000000000000000000000000000000000010000000000000000000100000000000000000000000000000000000000000000000
00000000000000000000010000000000000000000000000000000000000000000000000010000000000000000000000000000001000000000000000000100000
00000000000000000000000000000000000000000000100000010000000000000100010000000000000000000000000000000000000000000000000000000000
00000000000000000000000000000001000000000000000000000000001000100000000000000000000000000000000000000000000000000000000000000000
00000000000000000000000000000000000000000000000000000000000000000001000000001000000000000000000000000000000000000000000000000000
00000000000000000000000000000000000001000000000000000000000000100000000010000000000000000000000000000000000000000000000000000000
00000000000000000000000000000000000000000000000000000000100000000000000000000000000000000000000000000000000000000000000000000000
00000000000000000000000000000000000000000000000000010000000000000000010000000000000010000000000000000000000000000001000000000000
00000000001000000000000000000000000000000000000000000000000000000000000000000000000000000001000000000000000000000000000000000000
00000000000000000000000000000000000000000000000000000000000000000010000000000000100000000000000000000000000000000000000000000000
00000000000000330300300330003300333000330033300000003000000000000000000000000000033000300300003000033303030333033000300000000000
00000000000000030300303003030030300303003030030000033010000000100000000000000000030303030300030300030003030030030303030000000000
00000000000000030300303000030030300303003030030001003000000000000000000010000000033003030300030300030000300030030303030000000000
00000000000000030300303033033330300303003033330000003000000000000000000000000000030303030300033300033000300030033303330000000000
00000000000030030300303003030030300303003030300000003000000000000001000000000000030303030300030300030003030030033003030000000000
00000000000003300033000330030030333000330030030000003000000000000000000000000100033300300333030300033303030030030303030000000000
10000000000000000000000000000000000000000000000000000000100000010000000000000000000000000000000000000000000000000000000000000000
