00000000000000000000000000000000000000000000000000000000000000000000000000000000000000000000000000000000000000000000000000000000
00000000000000000000000000000000000000000000000000000000000000000000000000000000000000000000000000000000000000000000000000000000
00000000000000000000000000000000000000000000000000000000000000000000000000000000000000000000000000000000000000000000000000000000
00000000000000000000000000000000000000000000000000000000000000000000000000000000000000000000000000000000000000000000000000000000
00000000000000000000000000000000000000000000000000000000000000000000000000000000000000000000000000000000000000000000000000000000
00000000000000000000000000000000000000000000000000000000000000000000000000000000000000000000000000000000000000000000000000000000
00000000000000000000000000000000000000000000000000000000000000000000000000000000000000000000000000000000000000000000000000000000
00000000000000000000000000000000000000000000000000000000000000000000000000000000000000000000000000000000000000000000000000000000
00000000000000000000000000000000000000000000000000000000000000000000000000000000000000000000000000000000000000000000000000000000
00000000000000000000000000000000000000000000000000000000000000000000000000000000000000000000000000000000000000000000000000000000
00000000000000000000000000000000000000000000000000000000000000000000000000000000000000000000000000000000000000000000000000000000
00000000000000000000000000000000000000000000000000000000000000000000000000000000000000000000000000000000000000000000000000000000
00000000000000000000000000000000000000000000000000000000000000000000000000000000000000000000000000000000000000000000000000000000
00000000000000000000000000000000000000000000000000000000000000000000000000000000000000000000000000000000000000000000000000000000
00000000000000000000000000000000000000000000000000000000000000000000000000000000000000000000000000000000000000000000000000000000
00000000000000000000000000000000000000000000000000000000000000000000000000000000000000000000000000000000002220000000000333000000
00333333300000000000333333300033333333333333330000003000000000000330000003000003000000000030000030000000000033300000000003300000
00333333300000000000333333300033333333333333333000003000003333300033300003000003000000000030000030000000000000333333300000330000
00333333300000000000333333300033333330033333333000003000003000330000300003000003000000000030000030000000000000000000333000033000
00033333330000000003333333000033333330003333333000003000003000030000330003000003000000000030000030000000033333330000003000003000
00033333333000000033333333000033333330003333333000003000003000030000030003000003000000000030000030000000030000033000003000003000
00003333333300000333333330000033333330003333333000003000003000030000030003000003000000000030000030000000030000003300033000003000
00003333333333333333333330003333333333303333333330003000003000330000030333000003330000003330000033300000030000000333330000033000
00000333333333333333333300003333333333303333333330333000003333300000330300000000030000003000000000300000030000000000000000030000
00000033333333333333333000003333333333303333333330300000000000000003300300000000030000003000000000300000030000000000000003330000
00000000333333333333300000003333333333303333333330300000000000000333000300000000030000003000000000300000030000333300000033000000
00000000003333333330000000003333333333303333333330333333333333333300000333333333330000003333333333300000033333300333333330000000
00000000000000000000000000000000000000000000000000000000000000000000000000000000000000000000000000000000000000000000000000000000
00000000000000000000000000000000000000000000000000000000000000000000000000000000000000000000000000000000000000000000000000000000
00000000000000000000000000000000000000000000000000000000000000000000000000000000000000000000000000000000000000000000000000000000
00000000000000000000000000000000000000000000000000000000000000000000000000000000000000000000000000000000000000000000000000000000
00000000000000000000000000000000000000000000000000000000000000000000000000000000000000000000000000000000000000000000000000000000
