01111123332222100000000000001100000100100010000101123322211012123201333101111111112233333233333333332323323233333333200000000000
01111112333222100000011100000000001211000010001111113322211110012210233200111111111123333233333333333222333233333333310000000000
01111111233333221100002321100000000000000120001111112322210220011000122100011111111111333222333333333222233333333333320000000000
11111111123333322211022332221100001110000131000111111333220121012001202110011111111111233322333333333322333333333333331000000000
01111111012233333322232233332211000232211332100111111133321111011100101121000000111111123322223333333332333333323333332000000000
01111111111122333333333233333222101333333333210111111123332211000100000000000000011011112332232333333332233332333333332000000000
01111111111112333333333333333333222333333333321110001112333222111110010001000000000000111333222233333332222233333333333100000000
01111001111111333333333333333333333333333333333321000111223333223321111112200000000000111233222233333333222223333333333200000000
01011001100001333333333333333333333333333333333332000101111233333333322233321000000000111123322223333333222223333333333200000000
01000100100001333333333333333333333333333333333332000010011133333333333333333210000000011123322223333333322222333333333210000000
00000000000001333333333333333333322133333321233332000011110133333333333333333331000000001113332223333333322233333333333310000000
00000000000001333000000000000000000000000000000332000000110133333333333333333331000000001112332222333333322222333333333310000000
00110000000001330033300333330033300333300333330332000001000133333333332223333332000000001112332122333333322222333333333320000000
00111000011001330300030003000300030300030003000311000011000133333333321212233332000000001111332122333333332223333333333320000000
00000000000000110300000003000300030300030003002100010111111122333333311223332220000000000111332122333333332222333333333320000000
00000000000000010033300003000300030333300003001111111111111112223333211111111000000000001111233122333333322222233333333320000000
00000000000011120000030003000333330303000003002222222222222223333333201111100000000000000111233122333333322222333333333320000000
01011112112222220000030003000300030300300003003233333333332333333332111111000000000000000011233122233333332222333333333320000000
11221222122222220300030003000300030300030003003333333333333333333322111100000000000000001111233122233333332222333333333320000000
12222222222222220033300003000300030300003003003333333333333233333221111110000000000000000011232122333333332222233333333310000000
12222222222222223000000000000000000000000000003333333333333332222111000000000000000000000001332122333333332222333333333310000000
12222222222222222222333322333222222222222211112333233323333333311100000000000000000000000111332112333333322222333333333300000000
12222222222222222222222222333333332110100000001333333333333333322110000000000000000000000111331122333333322222233333333200000000
13223232322322232233333333333333332100000000000233333333333333333321000000000000000000000111331122333333322222333333333200000000
13323233332000000000000000000000000000000000000133300033333333333322000000000000000000000000000000033333222000333333333100000000
13332233322033300300000330030003033330333000000023003033333333333333210000000000003330003300300003033333220030333333333000000000
13333333223030030300003003003030030000300300000012033033333333333333320000000000003003030030300003033332220330333333331000000000
13333333323030030300003003000300030000300300000001003033333333333333331000000000003330030030300003033332220030233333331000000000
13333333333033300300003333000300033300333000000001203033333333333333332000000000003003033330300003033322222030233333320000000000
02333333333030000300003003000300030000303000000000103033333333333333333200000000003003030030300003000022222030233333310000000000
01333333333030000333303003000300033330300300000000003033333333333333333210000000003330030030333303333022222030333333200000000000
01233333333000000000000000000000000000000000000000000033333333333333333210000000000000000000000000000022222000333332000000000000
