00000000000000000000000000000000000000000000000000000000000000000000000000000000000000000000000000000000000000000000000000000000
00000000000000000000000000000000000000000000000000000000000000000000000000000000000000000000000000000000000000000000000000000000
00000000000000000000000000000000000000000000000000000000000000000000000000000000000000000000000000000000000000000000000000000000
00000000000000000000000000000000000000000000000000000000000000000000000000000000000000000000000000000000000000000000000000000000
00000000000000000000000000000000000000000000000000000000000000000000000000000000000000000000100000000000000000000000000000000000
00000000000000000000000000000000000000000000000000000000000000000000000000000000000000100122211111000011000000000000111111122222
00000000000000000000000000000000000000000000000000000000000000000000000000000000000001211333333333222222111111111222333333333333
00000000000000000000000000000000000000000000000000000000000000000000000000000000010000013333333333333333333333333333333333333333
00000000000000000000000000000000000000000000000000000000000000000000000000000000232000123333323333333333322122121111333333333333
00000000000000000000000000000000000000000000000000000000000000000000000000000013333101333333211222222222200000000012333333333333
00000000000000000000000000000000000000000000000000000000000000000000000000000133221113333332112121222222100100001133333333333333
00000000000000000000000000000000000000000000000000000000000000000000000001222333300233333331012122221222112222123333333333333333
00000000000000000000000000000000000000000000000000000000000000000000000013333333311333333320012222222233222333222333333333333223
00000000000000000000000000000000000000000000000000000000000000000000000133333323333333333210001222222222222222112333223333322222
00000000000000000000000000000000000000000000000000000000000000000000000333111000002333331110000122222222222121112223222222222222
00000000000000000000000000000000000000000000000000000000000000000000001332000000001333331110000221111121111111112223222222222222
00000000000000000000000000000000000000000000000000000000000000000000002333100111101333321110001111001111110000002222222222222222
00000000000000000000000000000000000000000000000000000000000000000000003333201223101333331110001010000111110000002222222222222222
00000000000000000000000000000000000000000000000000000000000000000000002333102333101333331110001010000011110000001222222222222211
00000000000000000000000000000000000000000000000000000000000000000000002333102333102333331100001000000011110000000122222222222222
00000000000000000000000000000000000000000000000000000000000000000000001333222333212333331100000000000001111100000122212222222111
00000000000000000000000000000000000000000000000000000000000000000000000222232233322333332100000000000000001111111122222222122111
00000000000000000000000000000000000000000000000000000000000000000000000022222222222222222200000000000000012111111111222222222221
00000000000000000000000000000000000000000000000000000000000000000000000002222222222222222210000000000000132221111111222222222222
00000000000000000000000000000000000000000000000000000000000000000000000000111122222212222221111111000001232222222212222222222122
00000000000000000000000000000000000000000000000000000000000000000000000000000012222222222222222211111112333222222222221111122212
00000000000000000000000000000000000000000000000000000000000000000000000000000001222222222222222222111123233332222222211111211300
00000000000000000000000000000000000000000000000000000000000000000000000000000000122222222222222222122222222222222222111111121210
00000000000000000000000000000000000000000000000000000000000000000000000000000000012222222222222122222222222212212222111111111210
00000000000000000000000000000000000000000000000000000000000000000000000000000000000111122222222222222222221000000001110000011100
00000000000000000000000000000000000000000000000000000000000000000000000000000000000000000111111111111111110000000000000000000000
00000000000000000000000000000000000000000000000000000000000000000000000000000000000000000000000000000000000000000000000000000000
