10000010000000000000000000000000000000000000000000000000101110000111123332233333333212222223333333333333232222333333333320000000
10333021000000000300000003003330030000000300030003000000200110000111123322113333233311111122233322233333333232223333333331000000
10333032000000003030000030003000303000003030303030300000000111100111123321111222013310011111123332223333333232222333333332000000
10033033000000000030000030303300003000000030030030300000000111000111113222111001002310001111111232222333333332222333333333200000
13033033000000000300000033300030030000000300003030300000000100000111111322102001000110001111111123322223333332222223333333300000
12033033000000003000000000303030300000003000303030300000000011012101111232211101001100000011111112332222333332222233333333320000
13033033000000003330030000300300333003003330030003000000210023223200010123221110001100000011111111332222333333222223333333320000
13033033000000000000000000000000000000000000000000000000331233333321110112222211100000000000000011233222333332223333333333200000
12000033333333331001111111111111111233333333333333333333333333310101122333332221123200000000011123222233333332223333333333300000
01122222223333331001011101110111111133333333333333333333333333320001111233333333333322000000011113322223333333222333333333310000
12222222223333321000110001111111111133333333333333332333332333310001110233333333333333200000001112332223333333222233333333320000
12333333333333321110110001100111110133333333333332211233321133320001110133333333333333310000001102332223333333222233333333320000
12222122222222221111110011001111110233333333333321110122222223310011000133333333323333320000001111332223333333222233333333330000
12101110111111111111111111101111110122332332233321111222222233210111000233333331212323321000000111332122333333222233333333330000
12100111111111111111111000000000000001111111112222011111211111111111110123333221222322100000000111232122333333222233333333330000
12211111111111111111111111110111112112122212222232111111111111111111111223333111111100000000000111232122333333322233333333330000
12211222122222222221111111112222222233222322333332222222222222222222223333332101111000000000001111232122333333222333333333330000
12222222222222222222122122222222232333222322233333333333333333333333333333332111110000000000000111232122333333222233333333330000
12222222222222222222222222222233332222323332332333333333333333333333333333321101110000000000000001233112333333222233333333320000
12322222222222222232222222222233333333333333333333333333333333333333333322210001000000000000000001232112333333222223333333320000
12222222222223322332222222222223333233333333333332322222222333333333333321100000000000000000000011232112333333212223333333310000
12222233222222222223333222322222222233233333333331111001101333333333333322100000000000000000001111332122333333222223333333310000
12222222222221111122233333323333333333333333333331000000000233333333333333220000000000000000000111332122333333222223333333300000
12221111100000000001133333333333333333333333333332100000000123333333333333331000000000000000000101321223333333222223333333200000
13210000000000000000000000000000000000000000003333300000000013333333333333333100000000000000000000000023330000222233333333100000
13320000000000330300300330003300333000330033300333003000000002333333333333333210000333000330030000033003300330022223333332100000
13321000000000030300303003030030300303003030030333033000000001333333333333333321000300303003030000300303303003022233333332000000
13332000000000030300303000030030300303003030030333003000000000233333333333333332000333003003030000300303300003022233333331000000
13333200000000030300303033033330300303003033330333303000010000133333333333333333100300303003030000333303300330022223333320000000
13333200000030030300303003030030300303003030300333303020000000023333333333333333200300303003030000300303303000022233333210000000
13333320000003300033000330030030333000330030030333303031000000012333333333333332100333000330033330300303303333022233333100000000
13333320000100000000000000000000000000000000003333300032100000001333333333332221010000000000000000000033200000023333332000000000
