00000000000000000000000000000000000000000000000000000000000000000000000000000000000000000000000000000000000000000000000000000000
00000000000000000000000000000000000000000000000000000000000000000000000000000000000000000000000000000000000000000000000000000000
00000000000000000000000000000000000000000000000000000000000000000000000000000000000000000000000000000000000000000000000000000000
00000000000000000000000000000000000000000000000000000000000000000000000000000000000000000000000000000000000000000000000000000000
00000000000330000003300000000000000000000000000000000000000000000000000000000000000000000000000000000000000000000000000000000000
00000000003333000033330000030000000000000000000000000000000000000000000000000000000000000000000000000000000000000000000000000000
00000000003333000033330000030000000000000000000000000000000000000000000000000000000000000000000000000000000000000000000000000000
00000000003303000033030000330000000000000000000000000000000000000000000000000000000000000000000000000000000000000000000000000000
00000000003303000033030003333330000000000000000000000000000000000000000000000000000000000000000000000000000000000000000000000000
00000000003303000033030003333330000000000000000000000000000000000000000000000000000000000000000000000000000000000000000000000000
00000000003303000033030000330000000000000000000000000000000000000000000000000000000000000000000000000000000000000000000000000000
00000000033333300333333000030000000000000000000000000000000000000000000000000000000000000000000000000000000000000000000000000000
00000000033333300333333000030000000000000000000000000000000000000000000000000000000000000000000000000000000000000000000000000000
00000000033003300330033000000000000000000000000000000000000000000000000000000000000000000000000000000000000000000000000000000000
00000000000000000000000000000000000000000000000000000000000000000000000000000000000000000000000000000000000000000000000000000000
00000000011111100111111001111110000000000000000000000000000000000000000000000000000000000000000000000000000000000000000000000000
00000000011111100111111001111110000000000000000000000000000000000000000000000000000000000000000000000000000000000000000000000000
00000000000000000000000000000000000000000000000000000000000000000000000000000000000000000000000000000000000000000000000000000000
00000000000000000000000000000000000000000000000000000000000000000000000000000000000000000000000000000000000000000000000000000000
00000000000000000000000000000000000000000000000000000000000000000000000000000000000000000000000000000000000000000000000000000000
00000000000000000000000000000000000000000000000000000000000000000000000000000000000000000000000000000000000000000000000000000000
00000000000000000000000000000000000000000000000000000000000000000000000000000000000000000000000000000000000000000000000000000000
00000000000000000000000000000000000000000000000000000000000000000000000000000000000000000000000000000000000000000000000000000000
00000000000000000000000000000000000000000000000000000000000000000000000000000000000000000000000000000000000000000000000000000000
00000000000000000000000000000000000000000000000000000000000000000000000000000000000000000000000000000000000000000000000000000000
00000000000000000000000000000000000000000000000000000000000000000000000000000000000000000000000000000000000000000000000000000000
00000000000000000000000000000000000000000000000000000000000000000000000000000000000000000000000000000000000000000000000000000000
00000000000000000000000000000000000000000000000000000000000000000000000000000000000000000000000000000000000000000000000000000000
00000000000000000000000000000000000000000000000000000000000000000000000000000000000000000000000000000000000000000000000000000000
00000000000000000000000000000000000000000000000000000000000000000000000000000000000000000000000000000000000000000000000000000000
00000000000000000000000000000000000000000000000000000000000000000000000000000000000000000000000000000000000000000000000000000000
00000000000000000000000000000000000000000000000000000000000000000000000000000000000000000000000000000000000000000000000000000000
