11111111112222100000122211100001111111111111111111121000012111111111111111111111111111111111111111111111111111111111111101111111
11111111112221100000011111110000111111111100000000011100011111000011110000000011100000000001111100000000000010000000000110000011
11111111122210010000011111111000111111111000000000001100011111000011100000000001100000000001111100000000000010000000000100000011
11111111122100011100011111111101111111111000000000001111111110000011000000000000000000000000111100000000000000000000000000000011
11111111122100001111111111110001111111111000001000001111111110000011000000000000000001100000111111111100000100000010000000000011
11111111111100011111111111102221001111111000011100001111111100000011000011110000000001100000111111111100000100000110000011000011
11111111111100011111111111023322220111111111111000001111111000000011000011110000000000000000111111111000001100000000000011000011
11111111111111111111111111033322233111111111100000001111111000000011000001100000000000000000111111111000001100000000000011000011
11111111111111111111111100133222223311111111100000011111110000000011000000000000100000000001111111110000011110000000000111000011
11111111111111111111111101233112332330111111100000001111100000000011000000000000000000000000111111110000011100000000000011000011
11111111111111111111111022233211333332011111100000001111000000000011100000000001000000000000111111100000111100000000000011000011
11111111111111111111111012233332332333111111111000001111000000000000110000000001000000000000111111100000111100000000000011000011
11111111111111111111111000133333332233300000111100001111000000000000111100000011000001100000111111000001111100000110000011000011
11111111111111111111111000022133332223310000011000001111000000000000111000000111000001100000111101000001111100000110000011000011
11111111101111111111111000013123333322330000000000000000000000000000110000001111000000000000000000000011111100000000000011000011
10011111101110111111010000002312333333330000000000000000111111000011100000011111000000000000000000000011111100000000000011000011
00111111111110111111100100001322332333231000000000010000111111000011100000111111100000000001000000000111111110000000000111000011
01111111112110111111100100000133332223232010000000110000111111000011100001111111110000000011000000000110001211000000001111000011
01111111112211111111110110000123332222232001111111111111011111111111111111111111111111111111111100122210000111110000111111110111
00111111001111111111110111000012333332331001011111111100000000111111111111111111111111101111111100012211000111110000111111110111
10111111001111111111100121100002223333310000001111111010000000111111111111111111011111101111111100001111100011110001111110011110
11111111111111111111001112210002222211000000100011111110000000111111111111111110011111111001111100001111110011111111111100011111
11111111111111111100011101111012211101000000100001100110000000011011111111111011111111111000111111001111110111111111111000110111
11111111111110111011122100110001110000100000000001110010000000011001111111111001111111111100111111111111111111111111111101111111
11111111111000000000000000000000000000000000000000100001000000000000000111111111100000000000000000011111111000111111111101111000
11111111111033300300000330030003033330333000000000003000100000000000000001111111103330003300300003011111110030111110110001101000
11111111111030030300003003003030030000300300000000033000000000000000000001111111103003030030300003011111110330011100100000010000
11111111111030030300003003000300030000300300000000003000000000000000000000111111103330030030300003011111000030001100100000000000
11111111111033300300003333000300033300333000000000003000010000000000000000001111103003033330300003011110000030001100000000000000
00111111111030000300003003000300030000303000000000003000000000000000000000000100003003030030300003000011111030011100000000000000
00111111111030000333303003000300033330300300000000003000000000000000000000000000003330030030333303333011110030011100000000000000
10111111111000000000000000000000000000000000000000000000000000000000000000000000000000000000000000000011110000001110000000000000
