00000000000000000000000000000000001000000000000000001111110132321332333320000000000000000000000001111111111121000000000000000000
00000000000000000000000000000000011111111100000000011111111221222333332210000000000000000000000001111111111221000000000000000000
00000000000000000000000000000000111111222100000000011112222111222233232210000000000000000000000001111111122221000000000000000000
00000000000000000000000000000000111111222100000001112112222112222223322210000000000000000000000000111111222221000000000000000000
00000000000000000000000000000000111222222200000111112112212112332223332210000000000000000000000000111111212221000000000000000000
00000000000000000000000000000000111212222210001111111221222111232223333210000000000000000000000000011112212221000000000000000000
00000000000000000000000000000001112222222200011111112222221112322222333200000000000000000000000000011111112221000000000000000000
00000000000000000000000000000000112222122100011011112222222123323333223210000000000000000000000000000010011111000000000000000000
00000000000000000000000000000001111122122100111111111221122112233323233211000000000000000000000000000000001100000000000000000000
00000000000000000000000000000001111222122100111121121121123212232322333221000000000000000000000000000000000000000000000000000000
00000000000000000000000000000011211222222101111221121122122212212222333221000000000000000000000000000000000000000000000000000000
00000000000000000000000000000011111222112111111321112122111211222222333121000000000000000000000000000000000000000000000000000000
00000000000000000000000000000000001121111111111321011121112111222333332111000000000000000000000000000000000000000000000000000000
00000000000000000000000000000000001111000111213321000111112112133333332112100000000000000000000000000000000000000000000000000000
00000000000000000000000000000000000000000012223321001111111112123333221222100000000000000000000000000000000000000000000000000000
00000000000000000000000000000000000000000122222221001111112112112222211222100000000000000000000000000000000000000000000000000000
00000000000000000000000000000000000000000121212221101111012111112122222322100000000000000000000000000000000000000000000000000000
00000000000000000000000000000000000000000112212222111211112111121121122122100000000000000000000000000000000000000000000000000000
00000000000000000000000000000000000000000112111232222311112211222122221122100000000000000000000000000000000000000000000000000000
00000000000000000000000000000000000000001222211322223211112222322222121222100000000000000000000000000000000000000000000000000000
00000000000000000000000000000000000000012332211111111121122123221222211221210000000000000000000000000000000000000000000000000000
00000000000000000000000000000000000000012321110001111121121122111222212311120000000000000000000000000000000000000000000000000000
00000000000000000000000000000000000000011212100001211111122111110132222221221000000000000000000000000000000000000000000000000000
00000000000000000000000000000000000000001111101101111111111121111221122321221000000000000000000000000000000000000000000000000000
00000000000000000000000000000000000000000000111111111111100111112221222222221000000000000000000000000000000000000000000000000000
00000000000000000000000000000000000000000000011121212221011121122211222112221000000000000000000000000000000000000000000000000000
00000000000000000000000000000000000000000000001122112211012112121111222122221000000000000000000000000000000000000000000000000000
00000000000000000000000000000000000000000000001012112111112112111111222222211000000000000000000000000000000000000000000000000000
00000000000000000000000000000000000000000000000012221111101111111011211222211000000000000000000000000000000000000000000000000000
00000000000000000000000000000000000000000000000001111111011101111111100233221000000000000000000000000000000000000000000000000000
00000000000000000000000000000000000000000000000001111111111100100111001233231000000000000000000000000000000000000000000000000000
00000000000000000000000000000000000000000000000000011111110000000011111233231000000000000000000000000000000000000000000000000000
