00000000000000000000000000000000000000000000000000000000000000000000000000000000000000000000000000000000000000000000000000000000
00000000000000000000000000000000000000000000000000333000003330000033300300010000003330000033300000333000000000000033300000000000
00000000000000000000000000000000000000000000000000000300000003001000030303030300030003000300000003000000000003000300000000000000
00000000000000000000000000000000000000000000000000000300000003033333030303030302030003000300000003000000000003000300000000000000
00000000000000000000000000000000000000000000000000000300000003033000030303000303030003000300000003000000000003000300000000000000
00000000000000000000000000000000000000000000000000333000003330033033300300333003003330000033300000333000000000000033300000000000
00000000000000000000000000000000000010000000000003000000000003033000030330000303030003000000030000000300000003000000030000000000
00000000000000000000000000000000001333200000000003000000001303033333030333330303030003000000030000000300000003000000030000000000
00000000000000000000000000000000013333320000000003000000000003033000030222220303030003000000030000000300000003000000030000000000
00000000000000000000000000000000023333332000000000333000003330033033300000000001003330000033300000333000000000000033300000000000
00000000000000000000000000000000033222233000000000000000000000333000003021110010000000000000003000000000000000000000000000000000
00000000000000000000000000000000022211233000000000000000233333333333300033333332221111000000000000000000000000000000000000000000
00000000000000000000000000000000022111233000000000001112333333333333333333333333333333000000000000000000000000000000000000000000
00000000000000000000000000000000011111232000000111112223333333333333333333333333333333100000000000000000000000000000000000000000
00000000000000000000000000000000000111210011111133101023333333333333333333333333333333200000000000000000000000000000000000000000
00000000000000000000000000000000000011221112100132112123333333333333333333333333333333200000000000000000000000000000000000000000
00000000000000000000000000122222111111121013111122222133333333322333333333333333333333200000000000000000000000000000000000000000
00000000000000000000000001222333211111121122221122221133233332222223333333333333333333300000000000000000000000000000000000000000
00000000000000000000000012213333211121111111111110110133233322333332333333333233223333200000000000000000000000000000000000000000
00000000000000000000000122112222211111100000010000110132223223333332233333323333322333200000000000000000000000000000000000000000
00000000000000000000000021112222100100000000000000000132233223333333223322223333331333100000000000000000000000000000000000000000
00000000000000000000000021001111100100000000011111211122223223333333223322233333331233000000000000000000000000000000000000000000
00000000000000000000000011000111000111011111121112221222222223333333323333233333331232000000000000000000000000000000000000000000
00000000000000000000000001100001100111111112122222222222222223333333323333223333321331000000000000000000000000000000000000000000
00000000000000000000000000000000000000000011111111100012222222333333223233223333300000000000000000000000000000000000000000000000
00000000000033300300000330030003033330333000000000003000222222233333233233323333303330003300300003000000000330000000000000000000
00000000000030030300003003003030030000300300000000033000022222223332333333323333203003030030300003000000003003000000000000000000
00000000000030030300003003000300030000300300000000003000002223333333233332322332203330030030300003000000000030000000000000000000
00000000000033300300003333000300033300333000000000003000000222233332333332333322303003033330300003000000000003000000000000000000
00000000000030000300003003000300030000303000000000003000000023223223232222233333303003030030300003000000003003000000000000000000
00000000000030000333303003000300033330300300000000003000000001222223322222223333203330030030333303333000000330000000000000000000
00000000000000000000000000000000000000000000000000000000000000122222322222222221000000000000000000000000000000000000000000000000
