00000000011111101111111001111100011111100000000000111100011111001100011001111110001110000011110001111110011111000111110000000000
00000000011111101111111011111110011111100000000001111110111111101110011001111110011111000111111001111110111111101111111000000000
00000000000110001100000011100000000110000000000011000110110001101111011000011000111011101100011000011000110001101110000000000000
00000000000110001111100001111100000110000000000011000000110001101111111000011000110001101100000000011000110001100111110000000000
01111100000110001100000000001110000110000000000011100110110001101101111000011000111111101110011000011000110001100000111001111100
00000000000110001111111011111110000110000000000001111110111111101100111000011000110001100111111000011000111111101111111000000000
00000000000110001111111001111100000110000000000000111100011111001100011000011000110001100011110000011000011111000111110000000000
00000000000000000000000000000000000000000000000000000000000000000000000000000000000000000000000000000000000000000000000000000000
00000000000000000000000000000000000000000000000000000000000000000000000000000000000000000000000000000000000000000000000000000000
00111100011111001100011000110000000000000011110003333300003330000000000000000000000000000000000000000000000000000000000000000000
01111110111111101110011000110000000000000111111003333330003330000000000000000000000000000000000000000000000000000000000000000000
11000110110001101111011000000000000000001100011000003330000330000000000000000000000000000000000000000000000000000000000000000000
11000000110001101111111000000000000000001100000000033300000330000000000000000000000000000000000000000000000000000000000000000000
11100110110001101101111000000000000000001110011033000330000330000000000000000000000000000000000000000000000000000000000000000000
01111110111111101100111000110000000000000111111033333330000330000000000000000000000000000000000000000000000000000000000000000000
00111100011111001100011000110000000000000011110003333300000330000000000000000000000000000000000000000000000000000000000000000000
00000000000000000000000000000000000000000000000000000000000000000000000000000000000000000000000000000000000000000000000000000000
00000000000000000000000000000000000000000000000000000000000000000000000000000000000000000000000000000000000000000000000000000000
00000000000000000000000000000000000000000000000000000000000000000000000000000000000000000000000000000000000000000000000000000000
03333330333333000033300000333330003330003333330003333300330000000033300003333300000000000333330000000000000000000000000000000000
03333330333333300333330003333330033333003333333033333330330000000333330033333330000000003333333000000000000000000000000000000000
00033000330003303330333033300000333033303300333033000330330000003330333033300000000000003300333000000000000000000000000000000000
00033000330033303300033033003330330003303333330033000330330000003300033003333300000000000003330000000000000000000000000000000000
00033000333330003333333033300330333333303300333033000330330000003333333000003330000000000333300000000000000000000000000000000000
00033000330333003300033003333330330003303333333033333330333333003300033033333330000000003333333000000000000000000000000000000000
00033000330033303300033000333330330003303333330003333300333333003300033003333300000000003333333000000000000000000000000000000000
00000000000000000000000000000000000000000000000000000000000000000000000000000000000000000000000000000000000000000000000000000000
00000000000000000000000000000000000000000000000000000000000000000000000000000000000000000000000000000000000000000000000000000000
00000000000000000000000000000000000000000000000000000000000000000000000000000000000000000000000000000000000000000000000000000000
00000000000000000000000000000000000000000000000000000000000000000000000000000000000000000000000000000000000000000000000000000000
00000000000000000000000000000000000000000000000000000000000000000000000000000000000000000000000000000000000000000000000000000000
00000000000000000000000000000000000000000000000000000000000000000000000000000000000000000000000000000000000000000000000000000000
