00000000000000000000000000000000000000000000000000000000000000000000000000000000000000000000000000000000000000000000000000000000
00000000000000000000000000000000000000000000300000000003333330000000333333000000000033000000000033333300000033333000033333333330
00000000000000000000000000000000000000000003300000000033333333000003333333000000000330000000000333333300000333333300033333333330
00000000000000000000000000000000000000000003300000000033000033001003300000000000003300000000000330000000003330003330000000003300
00000000000000000000000000000000000000000033300000000330033003303203300000000000033000000000000330000000003300000330000000003300
00000000000000000000000000000000000000000033300000000330033003303003300000000000330000000000000330000000000000000330000000033000
00000000000000000000000000000000000000000333300000010333000033303033333330000003333300000000003333333000000000000330000000033000
00000000000000000000000000000000000000003303300000130033333333003033333330000033333330000000003333333000000000003300000000330000
00000000000000000000000000000000010000003303300000333003333330033033000033000033300333000000003300003300000000333300000000330000
00000000000000000000000000000001333210033003300002330033333333002000033003300333000033300000000000000330000000333300000003300000
00000000000000000000000000000003333300333003300013330333300333300001112303300330000003300000000000000330000000003330000003300000
00000000000000000000000000000013333303330003300023330333000033301111000003300330000003300000000000000330000000000330000033000000
00000000000000000000000000000023221203333333333033330330033003303000221003300330000003300000000000000330000000000330000033000000
00000000000000000000000000000012211203333333333033330330033003300030030033000333000033300000003000003300033000000330000330000000
00000000000000000000000000000002111200000003300000000333000033300333000333000033300333000000033300033300033300003330000330000000
00000000000000000000000000000001111221121103301303300033333333000033333330000003333330000330003333333000003333333300003300000000
00000000000000000000000000000000012210120003302303302003333330033003333300000000333300000330000333330000000033333000033300000000
00000000000000000000000001222111011211221100002300002300000000333300000003000000000000000000000000000000000000000000000000000000
00000000000000000000000013333211211211221111112333223333233333323333233333000000000000000000000000000000000000000000000000000000
00000000000000000000001222333211111111111000012333233333323333323333313332000000000000000000000000000000000000000000000000000000
00000000000000000000001211222210110000000000002323233333333333223333322331000000000000000000000000000000000000000000000000000000
00000000000000000000001211122100100000001100111223233333332333233333322331000000000000000000000000000000000000000000000000000000
00000000000000000000001210111100110011112111211223233333332333233333322320000000000000000000000000000000000000000000000000000000
00000000000000000000001110000000111111112222222222223333333333233333323310000000000000000000000000000000000000000000000000000000
00000000000000000000000000000000000000000011111122200033333333333333223300000000000000000000000000000000000000000000000000000000
00000000000033300300000330030003033330333000000002003033333333332332233200000000003330003300300003000000000030000000000000000000
00000000000030030300003003003030030000300300000000033033333332232222333000000000003003030030300003000000000330000000000000000000
00000000000030030300003003000300030000300300000000003023333222222223332000000000003330030030300003000000000030000000000000000000
00000000000033300300003333000300033300333000000000003022222222222222210000000000003003033330300003000000000030000000000000000000
00000000000030000300003003000300030000303000000000003022222222222222100000000000003003030030300003000000000030000000000000000000
00000000000030000333303003000300033330300300000000003011222222222210000000000000003330030030333303333000000030000000000000000000
00000000000000000000000000000000000000000000000000000000001111110000000000000000000000000000000000000000000000000000000000000000
