00000000000000000000000000000000000000000000000000000000000000000000000000010000100000000000000000000000111100000000000000000000
00000000000000010000000000000000000000000100000000000000000000000000000000000000000000000000000000000000011000000000000000000000
00000000000000010000000000000000000000000000000000000000000001000000000000000000000000000000000000000000000000000000000000000000
00000000000000111000000000000000001000000000000000001000000000000000000000000000000000000100000000000000000000000000000000000000
00000000000000010000000000000000000000000000000000000000000000000000000000000000000000000000000000000000000000000000000000000000
00000000000000010000000000000000000000000000010000000000100000000000000010000000000000000000000000000000000000000000000000000000
00000000000000000000000000000000000000000000000000000000000000000001000000000000100000000000000000000000000000000000000000000000
00000000000000000000000000000000000001000000000000100000000000100000000000000000000000000000000000000100000000000000000000000000
00000000000000000000000000000000000000000000000000000000000000000000000000010000000000000000000000000000000000000000000000000000
00000000000000000000000000001000000000000000000000000001000000000000000000000000000000000000000000000000000000000000000000000000
00000000000000000000000000000000000000000000000000000000000000000000100000000000000000000000000000000000000000000000000000000000
00000000000000000000000000000000000000000000000000000000000000000000000000000000000000100000000000000000000000000000000000000000
00000000000000000000000000000000000001000000000001000000100000000000000000000000000000000000000000000000000000000000000000000000
00000000000000000010000000000000000000000000000000000000000010001010000000000000100000000000000000000000000000000000000001000000
00000000000000000000000000000000000000000000000000000000000000000000000000000000000000000000000000000000000000000000000011100000
00000000000000000000000000001000000000000000000000000000000000000000100000000000000000000000010000000000000010000000000001000000
00000000000000000000000000000000000000000000001000001000001000000000000000000000000000000000000000000000000000000000000000000000
00000000000000000000000000000000000010000000000000000000000000000000000000000000000000000000000000000000000000000000000000000000
00000000000000000000000000000000000000000100000000000000000000001000100010000000000000000000000000000000000000000000000000000000
00000000000000000000000000000000000000000000000000000000000010000010000000000000000000000000000000000000000000000000000000000000
00000000000000000000000000000000000000000000000000001000000000000000000000000010000100000000000000000001000000000000000000000000
00000000000000000000000000000000000000000000010000000000000000000000000000010000000000000000000000000000000000000000000000000000
00000000000000000000000000000000000000000000000000000000000000010000000000000000000000000000000000000000000000000000000000000000
00000000000000000000000000000000000000001000000000000010000010000000000000000000000000000000000000000000000000000000000000000000
00000000000000000000000000000010000000000000000000100000000000000000100000000000000000000001000000000000000000000000000000000000
00000000000000000000000000000000000000000000000000000000000000000000000000000000000100000000000000000000000000000000000000000000
00000000000000000000000000000000000000000000000000000000000000001000000010000000000000000000000000000000000000000000000000000000
00000000000000000000000000000000000000000000000000000000100001000000000000000000000000000000000000000000000000000000000000000000
00000001000000000000000000000000000010000000001000000000000000000000000000000000000000000000000001000000000000000000000000000000
00000011100000000000000000000000000000000000000000000000000000000000010000000000000000000000000011100000000000000000000000000000
00000001000000000000000000000000000000000000000000000000000000000000000000000010000000000000000001000000000000000000000000000000
00000001000000000000000000000000000000000100000000000100000100000010000000000000000000000000000000000000000000000000000000000000
