00000000000000000000000000000000000000000000000000000000000000000000000000001000000000000000000000000000000000000000000000000000
00000000000000000000000000003333330000003333300000000000333333000000333300000000333300000000000033330000000033330000000333333001
00000000010000000000100000033333330000033333330000000003333333010003333330000003333330000000000333333000000333333000003333333300
00000000000000000000000000033000000010333000333000000103300000000033000033000033000033000000003300003300003300003300003300003300
00010000000000000000000000033000000000330000033000000003300000000330000003300330000003300100033000000330033000000330033000000330
00000000000000000000000000033000000000000000033000000003300000000330000003300330000003300000033000000330033000000330033000000330
00000000000000000000000000333333300000000000033000000033333330000330100003300330000003300000033000000330033000000330033300003330
00000000000000000000000000333333300000010000330000000033333330000330000003300330000003300000033000000330033000000330003333333300
00000000000000000000000000330000330000000033330000000033000033000330000003300330000003300000033000000330033001000330000333333000
00000000000000000000000000000010033000000033330000000000000003300330000003300330000003300000033000000330033000000330003333333300
00010000000000000000000000000000033000000000333000000000000003300330010003300330000003300000033000000330033000000330033330033330
00000000000000000000000000000000033000000000033000000000000003300330000003300330000003300000033000000330033000000330033300003330
00000000000000000000000000000000033000000000033000000000010003300330000003300330000003300000033000000330033000000330033000000330
00000000000000000000100000300000330003300000033000100030000033000330000003300330010003300000033000000330033000000330033000000330
00000000000000000000000003330003330003330000333000000333000333000033000033000033000033000000003300003300003300003300033300003330
00000000000000000000000000333333300000333333330003300033333330000003333330010003333330000330000333333000000333333000003333333300
00000000000000000000000000033333000000003333300003300003333300000000333300000000333300000330000033330000000033330000000333333000
00000000010000000000000000000000000000100000000000000000000000000100000000000000000000000000000000000000000000000000000000000000
00000000000000000000000000000000000000000001000000000000000000000000010001000000000000000000000000000000000000000000000000001110
00000000000000000000000000000000000000000000000000000010001000000001000000000000000000000000000000000000000000000000000000000100
00000000000000000000000000000000000000000000000000000000000000000000000000000001000010000000000000000010000000000000000000000000
00000000000000000000001000000000000000000000000100000000000000000000000000010000000000000000000000000000000000000000000000000000
00000000000000000000000000000000000000000000000000000000000000000000000000000000000000000000000000000000000000000000000000000000
00000000000000000000000000000000000000000010000000001001000000100000000000000000000000000001000000000000000000000000000000000000
00000000000000000000000000000000000000000000000000000000000000000000010000000000000000000000000000000000000000000000000100000000
00000000000033300300000330030003033330333000000000003000000000000100000000000000003330003300300003000000000030000000000000000000
00000000000030030300003003003030030000300300000000033000000000100000000000000000003003030030300003000000000330000000000000000000
00000000000030030300003003000300030000300300000000003000000000000000000000000000003330030030300003000000000030000000000000000000
00000000000033300300003333000300033300333000000100003000000000000000000000000000003003033330300003010000000030000000000000000000
00001000000030000300003003000300030000303000000000003000000000000000001000000000003003030030300003000000000030000000000000000000
00000000000030000333303003000300033330300301000000003000000000000001000000000000003330030030333303333000000030000000001000000000
00000000000000000000000000000000000000000000000000000000000010000000000000000000000000000000000000000000000000000000000000000000
