00000000000000000000000000000000000000000000000000000000000000000000000000000000000000000000000000000000000000000000000000000000
00000000000000000000000000000000000000000000000000000000000000000000000000000000000000000000000000000000000000000000000000000000
00000000000000000000000000000000000000000000000000000000000000000000000000000000000000000000000000000000000000000000000000000000
00000000000000000000000000000000000000000000000000000000000000000000000000000000000000000000000000000000000000000000000000000000
00000000000000000000000000011110011101110001110011100000011100011101110000111000011110001110111000110000000000000000000000000000
00000000000000000000000000011100001101111111110011111110011100011101110000111000011100001110111111000000000000000000000000000000
00000000000000000000000000011100000001111111100011111111011100011101110000111000011100001110011111100000000000000000000000000000
00000000000000000000000000011100011001111111000011111111011100011101110000111000011100001110001111110000000000000000000000000000
00000000000000000000000000011100111101110011100011100000011100111101110000111000011100011110110001110000000000000000000000000000
00000000000000000000000000001113311103110031100031133330031133311103110000311000001113331110311333110000000000000000000000000000
00000000000000000000000000000111111003110001110031111111031111111003110000311000000111111100011111110000000000000000000000000000
00000000000000000000000000000011110000110000111001111111001111110000110000011000000011111000001111100000000000000000000000000000
00000000000000000000000000000000000000000000000000000000000000000000000000000000000000000000000000000000000000000000000000000000
00000000000000000000000000000000000000000000000000000000000000000000000000000000000000000000000000000000000000000000000000000000
00000000000000000000000000000000000000000000000000000000000000000000000000000000000000000000000000000000000000000000000000000000
00000000000000000000000000000000000000000000000000000000002222000022222200000000000000000000000000000000000000000000000000000000
00000000000000000000000000000000000000000000000000000000023333200023333200000000000000000000000000000000000000000000000000000000
00000000000000000000000000000000000000000000000000000000023333200023333200000000000000000000000000000000000000000000000000000000
00000000000000000000000000000000000000000000000000000000023223200023333200000000000000000000000000000000000000000000000000000000
00000000000000000000000000000000000000000000000000000000023003200023003200000000000000000000000000000000000000000000000000000000
00000000000000000000000000000000000000000000000000000000023003200023023000000000000000000000000000000000000000000000000000000000
00000000000000000000000000000000000000000000000000000000023003200000023000000000000000000000000000000000000000000000000000000000
00000000000000000000000000000000000000000000000000000000023003200000232000000000000000000000000000000000000000000000000000000000
00000000000000000000000000000000000000000000000000000000023003200000230000000000000000000000000000000000000000000000000000000000
00000000000000000000000000000000000000000000000000000000023003200000230000000000000000000000000000000000000000000000000000000000
00000000000000000000000000000000000000000000000000000000023003200002300000000000000000000000000000000000000000000000000000000000
00000000000000000000000000000000000000000000000000000000023223200002300000000000000000000000000000000000000000000000000000000000
00000000000000000000000000000000000000000000000000000000023333200002300000000000000000000000000000000000000000000000000000000000
00000000000000000000000000000000000000000000000000000000023333200023000000000000000000000000000000000000000000000000000000000000
00000000000000000000000000000000000000000000000000000000002222000022000000000000000000000000000000000000000000000000000000000000
00000000000000000000000000000000000000000000000000000000000000000000000000000000000000000000000000000000000000000000000000000000
00000000000000000000000000000000000000000000000000000000000000000000000000000000000000000000000000000000000000000000000000000000
