00000000000000000000000000000000000000000000000000000000000000000000000000000000000000000000000000000000000000000000000000000000
00000000000000000000000000000000000000000000000000000000000000000000000000000000000000000000000000000000000000000000000000000000
00000000000000000000000000000000000000000000000000000000000000000000000000000000000000000000000000000000000000000000000000000000
00000000000000000000000000000000000000000000000000000000000000000000000000000000000000000000000000000000000000000000000000000000
00000000000330000003300000033300033330000003300000000000000330000003300003333330000330000333333000033000000330000000000000000000
00000000003333000033330000333330033333000033330000000000003333000033330003333330003333000333333000333300003333000000000000000000
00000000003333000033330003330330033033000033330000000000003333000033330003300000003333000330000000333300003333000000000000000000
00000000003303000033030003300000033033300033030000000000003303000033030003300000003303000330000000330300003303000000000000000000
00000000003303000033030003300000033003300033030000000000003303000033030003333000003303000333300000330300003303000000000000000000
00000000003303000033030003300000033003300033030000000000003303000033030003333000003303000333300000330300003303000000000000000000
00000000003303000033030003300000033033300033030000000000003303000033030003300000003303000330000000330300003303000000000000000000
00000000033333300333333003330330033033000333333000000000033333300333333003300000033333300330000003333330033333300000000000000000
00000000033333300333333000333330033333000333333000000000033333300333333003333330033333300330000003333330033333300000000000000000
00000000033003300330033000033300033330000330033000000000033003300330033003333330033003300330000003300330033003300000000000000000
00000000000000000000000000000000000000000000000000000000000000000000000000000000000000000000000000000000000000000000000000000000
00000000011111100111111001111110011111100111111001111110011111100111111001111110011111100111111001111110011111100000000000000000
00000000011111100111111001111110011111100111111001111110011111100111111001111110011111100111111001111110011111100000000000000000
00000000000000000000000000000000000000000000000000000000000000000000000000000000000000000000000000000000000000000000000000000000
00000000000000000000000000000000000000000000000000000000000000000000000000000000000000000000000000000000000000000000000000000000
00000000000000000000000000000000000000000000000000000000000000000000000000000000000000000000000000000000000000000000000000000000
00000000000000000000000000000000000000000000000000000000000000000000000000000000000000000000000000000000000000000000000000000000
00000000000000000000000000000000000000000000000000000000000000000000000000000000000000000000000000000000000000000000000000000000
00000000000000000000000000000000000000000000000000000000000000000000000000000000000000000000000000000000000000000000000000000000
00000000000000000000000000000000000000000000000000000000000000000000000000000000000000000000000000000000000000000000000000000000
00000000000000000000000000000000000000000000000000000000000000000000000000000000000000000000000000000000000000000000000000000000
00000000000000000000000000000000000000000000000000000000000000000000000000000000000000000000000000000000000000000000000000000000
00000000000000000000000000000000000000000000000000000000000000000000000000000000000000000000000000000000000000000000000000000000
00000000000000000000000000000000000000000000000000000000000000000000000000000000000000000000000000000000000000000000000000000000
00000000000000000000000000000000000000000000000000000000000000000000000000000000000000000000000000000000000000000000000000000000
00000000000000000000000000000000000000000000000000000000000000000000000000000000000000000000000000000000000000000000000000000000
00000000000000000000000000000000000000000000000000000000000000000000000000000000000000000000000000000000000000000000000000000000
00000000000000000000000000000000000000000000000000000000000000000000000000000000000000000000000000000000000000000000000000000000
