00000000000000000000000000000000000000000000000000000000000000000000000000000000000000000000000000000000000000000000000000000000
00000000000000000000000330000000333330000000333333000000000033333000000033330000000033330000000000003333000000033000000033333300
00000000000000000001003330000003333333000003333333000000000333333300000333333000000333333000000000033333300000333000000333333300
00000000000000000011033330000033300033300003300000001000003330003330003330033300003300003300000000333003330003333000000330000000
00000000000000000001000330000033000003300003300000000000003300000330033000000330033000000330000003300000033000033000000330000000
00000000000000000000000330000033000003300003300000000000103300000330033010000330033000000330000003300000033000033000000330000000
00000000000000000000000330000000000003300033333330000000000000000330033000000330033000000330000003300000033000033000003333333000
00000000000000000000000330000000000003300033333330000000000000000330033000000330033000000330000003300000033000033000003333333000
00000000000000000000000330000000000033000033000033000000000000003300033300003330033000000330000003330000333000033000003300003300
00000000000000000000000330000000000033000000000003300001000000003300003333333300033000000330000000333333330000033000000000000330
00010000000000000000000330000000000330000000000003300000000000033000100333333300033000000330000000033333330000033000000000000330
00111000000000000000000330000000003300000000000003300000000000330000000000333000033000100330000010000033300000033000000000000330
00010000000000000000000330000000033000100000000003300000100003300000000000330000033000000330000100000033000000033000000000000330
00000000000000000000000330000000330000000030000033000000000033001010000003300000033000000330000000000330000000033000003000003300
00000000000000000000000330000003300000000333000333000000000330000000000033000000003300003300000000003300000000033001033300033300
00000000000000000000000330000033333333300033333330000330003333333330000330000000000333333000033000033000000000033000003333333000
00000000000000000000000330000333333333300003333300000330033333333330003300000000000033330000033000330000000000033000000333330000
00000000000000000000000000000000000000000000000000000000000000000000000000000000000000000000000000000000000000000000000000000000
00000000000000000000000000000000000000000100000000000000000000001000100010000000000000000000000000000000000000000000000000000000
00000000000000000000000000000000000000000000000000000000100000000010000000000000000000000000000000000100000000000000000000000000
00000000000000000000000000000000000000000000000000000000000000000000000000000000000100000000000000000000000000000000000000000000
00000000000000000000000000010000000000000000000000000000000000000000000000010010000000000000000000000000000000000000000000000000
00000000000000000000000000111000000000000000001000000000000000010000000000000000000000000000000000000000000000000000000000000000
00000000000000000000000000010000000000001000000000000010000001000000000000000000000000000000000000000000000000000000000000000000
00000000000000000000000000000000000000000000000000000000000000000000100000000000000000000000000000000000000000000000000000000000
00000000000033300300000330030003033330333000000000003000000000000000000000000000003330003300300003000000000330000000000000000000
00000000000030030300003003003030030000300300000000033000000000000000000001000000003003030030300003000000003003000000000000000000
00000000000030030300003003000300030000300300000000003000100001000000000000000000003330030030300003000000000003000000000000000000
00000000000033300300003333000300033300333000001000003000000000000000000000000000003003033330300003000000000330000000000000000000
00000000000030000300003003000300030000303000000000003000000000000000010000000000003003030030300003000000003000000000000000000000
00000000000030000333303003000300033330300300000000003000000000000000000000000010003330030030333303333000003333000000000000000000
00000000000000000000000000000000000000000000000000000000000100000000000000000111000000000000000000000000000000000000000000000000
