00000000000000000000000000000000000000000000000000000000000000000000000000000000000000000000000000000000000000000000000000000000
00000000000000000000000000000000000000000000000000000000000000000000000000000000000000000000000000000000000000000000000000000000
00000000000000000000000000000000000000000000000000000000000000000000000000000000000000000000000000000000000000000000000000000000
00000000000000000000000000000000000000000000000000000000000000000000000000000000000000000000000000000000000000000000000000000000
00000000000000000000000000000000000000000000000000000000000000000000000000000000000000000000000000000000000000000000000000000000
00001111111111111100000000000000000000000111111100000000111111100000000000000000000000000000000000000000011111100000001111110000
00001111111111111000000100001000000000000111111100000001111111100000000100001000000000000001000010000000011111110000001111110000
00001111111111111000011111111110000000000111111111000001111111100000011111111110000000000111111111100000011111110000001111110000
00001111111111111000011111111111100000000111111110000011111111100000011111111111100000000111111111111000011111111000011111110000
00000111111111111100011111111111100000000111111110000001111111100000011111111111100000000111111111111000111111110000111111110000
00000011111111101100001111111111100000000111111111000011111111100100001111111111100001000011111111111001111111111001111111110000
00000011111111101100001111111111111000000111111111100111111111100100001111111111111001000011111111111101111111111111111111110000
00000011111111101100000011111111111100000111111111100011111111101100000011111111111101000000111111111111111111111111111111110000
00000011111111101100000011111111111100000111111111000111111111101100000011111111111101000000111111111111111111111111111111110000
00000011111111101100000001111111111100000111111111000111111111101100000001111111111101000000011111111111111111111111111111110000
00000011111111011100000000111111111100000111111011111111101111101100000000111111111101000000001111111111111111111111101111110000
00000011111110011110000001111111111000000111111000011111001111101110000001111111111101100000011133333332133333332333333333320000
00000033333322231111122222223333333200000313312221222313222131301111122222223333333201111222222233333332133333322333333333220000
00000033333222231111122222222322322100000333322122222332212333201111122222222322322201111222222223223222131333121331333332120000
00000031332221231111111222222222222000000333222112222222112332201111111222222222222001111112222222222221133332221133333322220000
00000033322222233111111222222222222000000332222112222231112322200111111222222222222000111112222222222221133322221113333222220000
00000033222222233311111111222222221000000222222102222231012222200111111111222222221000111111112222222211133222221113332222220000
00002222222222222211111111112122210000000222222102232221012222200011111111112122210000011111111121222111122222221111322222220000
00002122122221221231111111111111100000000212212102122121012121200001111111111111100000001111111111111011122222221111132222220000
00002222222222222233111111111110000000000222222102222221012222200000111111111110000000000111111111100011121222120111112122120000
00000111111111111113311111111100000000000111111101111111011111100000001111111100000000000001111111000011122222220011112222220000
00000011111111111111300000000000000000000011111100111111011111000000000000000000000000000000000000000011111111100001111111110000
00000000000000000000000000000000000000000000000000000000000000000000000000000000000000000000000000000011111111000000111111100000
00000000000000000000000000000000000000000000000000000000000000000000000000000000000000000000000000000000000000000000000000000000
00000000000000000000000000000000000000000000000000000000000000000000000000000000000000000000000000000000000000000000000000000000
00000000000000000000000000000000000000000000000000000000000000000000000000000000000000000000000000000000000000000000000000000000
00000000000000000000000000000000000000000000000000000000000000000000000000000000000000000000000000000000000000000000000000000000
