00000000000000000000000000000000000001100000000000000000000000000000000000000000000000000000000000000000000000000000000000000000
00000000000000000000000000000000000000003333000000000000333300000000333300000000333300000000000033330000000033330000000000003300
00000000000000000000000000000000000000033333300000000003333330000003333330000003333330000000000333333000000333333000000000033000
00000000000000000000000001000000000000333003330000000033300333000033000033000033000033000000003300003300003300003300000000330000
00000000000000000000000000000000000003300000033000000330000003300330000003300330000003300000033000000330033000000330000003300001
00000000000000000000000000000000000003300000033000000330000003300330000003300330000003300000033000000330033000000330000033000000
00000000001000000000000000000000000003300000033000000330000003300330000003300330000003300000033000000330033000000330000333330000
00000000000100000000000000000000000103300000033000000330000003300330000003300330000003300000033000000330033000000330003333333000
00000000000000000000000000000000000003330000333000000333000033300330000003300330000003300000033000000330033000000330003330033300
00000000000000000000000000000000000000333333330000000033333333000330000003300330000003300000033000000330033000000330033300003330
00000000000000000000000000000000000000033333330000000003333333000330000003300330000003300000033000000330033000000330033000000330
00000000000000000000000000000000000000000033300000000000003330000330000003300330010003300000033000000330033000000330033000000330
00000000000000000000000000000000000000000033000000000000003300000330000003300330001003300000033000000330033000000330033000000330
00000000000000000000000000000000000000000330000000000000033001000330000003300330000003300000033000000330033000000330033300003330
00000000000000000000000000000000000000003300000000000000330000000033000033000033000033000000003300003300003300003300003330033300
00000000000000000000000000000000000000033000000003300003300000000003333330000003333330000330000333333000000333333000000333333000
00000000000000000000000000000000000000330000000003300033001000000000333300000000333300000330000033330000000033330000100033330000
00000000001000000000000000000000000000000000000000000000000000000100000000001000000000000000000000000000000000000001110000000000
00000000011100000000000000000000000000010000000000000000001000100000000000000000000000000000000000000000000000000000100000000000
00000000001000000000000000000000000000000000000000000000000000000001000000000000000000000000000000000000000000000000000000000000
00000000000000000000001000000000000000000000000000000000000000000000000000000000000000000000000000000000000000000000000000000000
00000000000000000000000000000000000000000000000000000000000000000000100000000000010000000000000000000000000000000000000000000000
00000000000000000000000000000001000000000000000000000000000000010000000000000000000000000000000000000000000000000000000000000000
00000000000000000000000000000000000000000000000001000000100000100000000100000000000000000000000000000000000000000000000000000000
00000000000000000000000000000000000000000000000000000001000000000000000010000000000000000000000000000000000000000000000000000000
00000000000033300300000330030003033330333000000001003000000000000000000000000000003330003300300003001000000030000000000000000000
00000000000030030300003003003030030000300300000000033000000000000000000000000000003003030030300003000000000330000000000000000000
00000000000030030300003003000300030000300300000000003000000000000000000000000000003330030030300003000000000030000000000000000000
00000000000033300300003333000300033300333000000000003000000000000001000000000000003003033330300003000000000030000000000000000000
00000000000030000300003003000300030000303000000000003000000000000000000000000000003003030030300003000000000030000000000000000000
00000000000030000333303003000300033330300300000000003000000000100000000000000000003330030030333303333000000030001000000000000000
00000000000000000000000000000000000000000000000100000000000000000000000000010000000000000000000000000000000000011100000000000000
