00000000000000000000000000000000000000000000000000000000000000000000000000000000000000000000000000000000000000000000000000000000
00000000000000000000000000000000000000000333333333300000000330000000000030000000333300000000000033330000000033330000000033333300
00000000000000000000000000000000000000000333333333300000003330222211000330000003333330000000000333333000000333333000000333333300
00000000000000000000000000000000000000000000000033000000033330333333300330000033300333000000003330033300003330033300000330000000
00000000000000000000000000000000000000000000000033000000000330333333303330000330000003300000033000000330033000000330000330000000
00000000000000000000000000000000000000000000000330000013330330333333003330000330000003300000033000000330033000000330000330000000
00000000000000000000000000000000000000000000000330000133330330333330033330100330000003300000033000000330033000000330003333333000
00000000000000000000000000000000000000000000003300000333330330333330330330300330000003300000033000000330033000000330003333333000
00000000000000000000000000000000011100000000003300002333330330233300330330320333000033300000033300003330033300003330003300003300
00000000000000000000000000000000233331000000033000013333330330000003300330330033333333000000003333333300003333333300000000000330
00000000000000000000000000000002333333000000033000023333330330220033300330011003333333000000000333333300000333333300000000000330
00000000000000000000000000000002332233100000330000133333330330330333000330001100003330000000000000333000000000333000000000000330
00000000000000000000000000000002321123200000330000233333330330330333333333303100003300000000000000330000000000330000000000000330
00000000000000000000000000000002221123200003300012333333330330330333333333303100033000000000000003300000000003300000003000003300
00000000000000000000000000000001211123100003301102330000330330330000000330003300330000000000000033000000000033000000033300033300
00000000000000000000000000000000111121120033000113330330330330333333330330333003300000000330000330000000000330000000003333333000
00000000000000000000000000000000001122010333022223330330220330333333330330333033000000000330003300000000003300000000000333330000
00000000000000000000000001222211111122120000022113230000330000333333330000333000000000000000000000000000000000000000000000000000
00000000000000000000000012333321121121112211101113233223333333333333333322333200000000000000000000000000000000000000000000000000
00000000000000000000001231233321111111111110000013233233333332333333333332333200000000000000000000000000000000000000000000000000
00000000000000000000001211222211110000000000001013232233333332333323333332233100000000000000000000000000000000000000000000000000
00000000000000000000000210122210000000000010012112222233333333333323333332232000000000000000000000000000000000000000000000000000
00000000000000000000001210011110010000111121122212222233333333333323333332331000000000000000000000000000000000000000000000000000
00000000000000000000000110000000011111112211222222222223333333333333333332330000000000000000000000000000000000000000000000000000
00000000000000000000000000000000000000000011111111100022333333333332333322320000000000000000000000000000000000000000000000000000
00000000000033300300000330030003033330333000000000003032333333333333333223300000003330003300300003000000000030000000000000000000
00000000000030030300003003003030030000300300000000033022233333333333332233200000003003030030300003000000000330000000000000000000
00000000000030030300003003000300030000300300000000003022223333232223333333100000003330030030300003000000000030000000000000000000
00000000000033300300003333000300033300333000000000003012221232322223333331000000003003033330300003000000000030000000000000000000
00000000000030000300003003000300030000303000000000003000222222222222332210000000003003030030300003000000000030000000000000000000
00000000000030000333303003000300033330300300000000003000012222222222221000000000003330030030333303333000000030000000000000000000
00000000000000000000000000000000000000000000000000000000000011222111000000000000000000000000000000000000000000000000000000000000
