00000000000000010000000000000000000000000000000000000000000000000000000000001000000000000000000000000001110000000000000000000000
00000000000000111000000000000000000000000100000000000000000330000000333300000000333300000000000033330000100033330000000033330000
00000000000000010000000000000000000000000000000000000000003330000003333330000003333330000000000333333000000333333000000333333000
00000000000000000000000000000000000000000000000000000000033330000033000033000033000033000000003300003300003300003300003300003300
00000000000000000000000000000000000000000000000000001000000330000330000003300330000003300000033000000330033000000330033000000330
00000000000000000000000000010000000000000000000000011100000330000330000003300330000003300000033000000330033000000330033000000330
00000000000000000000000000001000000000000000000000001000000330000330000003300330000003300000033000000330033000000330033000000330
00000000000000000000000000000000000000000000000000000000000330000330000003300330000003300000033000000330033000000330033000000330
00000000000000000000000000000000000000000000000000000000000330000330000003300330000003300000033000000330033000000330033000000330
00000000000000000000000000000000000000000000000000000000000330000330000003300330000003300000033000000330033000000330033000000330
00000000000000000000000000000000000000000000000000000000000330000330000003300330000003300000033000000330033000000330033000000330
00000000000000001000000000000000000000000000000000000010000330000330000003300330000003300100033000000330033000000330033000000330
00000000000000010000000000000000000000010000000000000100010330100330000003300330000003300000033000000330033000000330033000000330
00000000000000000000000000000000000000100000000000000000000330000330010003300330000003300000033000000330033000000330033000000330
00000000000000000000000000000000000000000000000000000000000330000033000033000033000033000000003300003300003300003300003300003300
00000000000000000000000000000000000000000000000000000000000330000003333330000003333330000330000333333000000333333000000333333000
00000000000000000000000000000000000000000000000000000000000330000000333300000000333300000330000033330000000033330000000033330000
00000000000000000000000000000000000000000000000000000000000000000000000000000000000000000000100000000000000000000000000000000000
00000000000000000000000000000000000000000000000000000000000000000001000000000000100000000000000000000000000000000000000000000000
00000000000000000000000000000000010000000000001000000000010000010000000000000001000000000000000000000000000000000000000000000000
00000000000000000000000000000000001000000000010000000000000000000000010000000000000000000000000000000000000000000000000000000000
00000000000000000000000000000000000000000000000000000000000000000000000000000000000000000000000000000000000000000000000000000000
00000000000100000000000000000000000000000000000000000000000000000000000000000000000000000000000000000000000000000000000000000000
00000000000010000000000000000000000000000000000000000000000000000000000100000000000000010000000000000000000000000000000000000000
00000000000000000000000000000000000000000000000000000000000000000000001000000000000000000000000000000000000000000000000000000000
00000000000033300300000330030003033330333000000000003000000000101000000000000001003330003300300003000000000030000000000000000000
00000000000030030300003003003030030000300300000000033010000000000000000000000000003003030030300003000000000330000000000000000000
00000000000030030300003003000300030000300300001000003011000000000000000000010000003330030030300003000000000030000000000000000000
00000000000033300300003333000300033300333000000100003010000000000000000000100000003003033330300003000000000030100000000000000000
00000000000030000300003003000300030000303000000000003000000000000000000000000000003003030030300003000000000030010000000000000000
00000000000030000333303003000300033330300300000000003000000000000000000000000000003330030030333303333000000030000000000000000000
00000000000000000000000000000000000000000000000000000000000000000000000000000000000000000000000000000000000000000000000000000000
