00000000000010000000111000000000000000000000000000000000000000010000000000000000000000000000000000000000000000000000000000000000
00000000000000000000010000000001000000003333000000001000000033000000333300000000333300000000000033330000000033330000000000003300
00000000000000000000000000000000000000033333300000000000000330000003333330000003333330000000000333333000000333333000000000033000
00000000000000000000000000000000000000333003330000000000003300000033000033000033000033000000003300003300003300003300000000330000
00000000000000000000000000000000000003300000033000000000033000000330000003300330000003300000033000000330033000000330000003300000
00000000000000000000000000000000000003300000033000000000330000000330010003300330000003300000033000000330033000000330000033000000
00000000000000000000000000000000000103300000033000100003333300000330000003300330000003300000033000000330033001000330000333330000
00100000000000000000000000000000000003300000033000000033333330000330000003300330000003300000033000000330033000000330003333333000
00000000000000000000000010000000000003330000333000000033300333000330000003300330000003300000033000000330033000000330003330033300
00000000000000000000000000000000000000333333330000000333000033300330000003300330000003300000033000000330033000000330033300003330
00000000000000000000000000000000000000033333330000000330000003300330000103300330000003300000033000000330033000000330033000000330
00000000000000000000000000000000000000000033300000000330000003300330000003300330000003300000033000000330033000000330033000000330
00000000000000000000000000000000000100000033000000000330010003300330000003300330000003300000033000000330033000000330033000000330
00000000000010000000000000000000000000000330000010000333000033300330010003300330000003300000033000000330033000000330033300003330
00000000000000000000000000000000000000003300000000000033300333000033000033000033000033000000003300003300003300003300003330033300
00000000000000000000000000000000000000033000000003300003333330000003333330000003333330000330000333333000000333333000000333333000
00000000000000000000000010000000000000330000000003301000333300000000333300000000333300000330000033330000000033330000000033330000
00001000000000000000000000000000000000000000000000000000000000000010000000000000000000000000000000000000000000000000000000000000
00000000000000000000000000000000010000000000000000000000000000100000001000000000000000000000000000000000000000000000000000000000
00000000000000000000000000000000000000010000000000000000001000000010100100010000000000000000000000000000000000000000000000000000
00000000000000000000000000000000000000000000000000000000000000100000000000000000000000000000000000000000000000000000000000000000
00000000000000000000000000000000000000000000000000001000010000000000000000000000000000000000000000000000000000000000000000000000
00000000000000100000000000000000000000000000000000000000000000000000000000000000001000001000000000000000000000010000000000000000
00000000000000000000000000000000000000000000100000000000000000000100000000000000000000000000000000000000000000000000000000000000
00000000000000000000000000000000000000000000000000000000000000000000000000000000000000000000000000000000000000000000000000000000
00000000000033300300000330030003033330333000000000003010000000100000000000000000003330003300300003000000000030000000000000000000
00000000000030030300003003003030030000300300000000033000000000000000000100000000003003030030300003000000000330000000000000000000
00000000000030030300003003000300030000300300000000003000000000000000000000000000003330030030300003000000000030000000000000000000
00000000000033300300003333000300033300333000000000003000000000000001000000001000003003033330300003000000000030000000000000000000
00001000000030000300003003000300030000303000000000003000010000100000000000000000003003030030300003000000000030000000000000000000
00011100000030000333303003000300033330300300000000003000111000000000000000000000003330030030333303333000000030000000000000000000
00001000000000000000000000000000000000000000010000000000010000000000000000000000000000000000000000000000000000000000000000000000
