00000000000000000000000000000000000000000010000000000000000000000000000000000000001000000000000000011100000010000000000000000000
00000001000000000000000000000000000000000111000000000000000000000000000000333000000000000000000000001000000000000000000000000000
00000000000000000001000000100000000100000010000000000100000000010000000003000300000000000000000000000000000000000000000000000000
01000000000000000000000000000000000000000000000000000000000000000000000003000300000000000010000000000000000000000000000000000000
00000000000000000000000000000000000000000000000000000000000000000000000003000300000000000000000000000000000000000000000000000000
00000000000000000000000000000000000000000000001000000000010000000000000000333000000000000000000000000000000000000000000000000000
00000000000000000000000000000000000000000000000000000000000000000000100000000300010000000000000000000000000000000000000000000000
00000000001000000000000000000000000000000000000000010000000000001000000000000300000000000000000000000010000000000000000000001000
00000000000000000000000000000000000000000000000000000000000000000000000000001300000000000000000000000000000000010000000000000000
00000000000000000000000000000100000000000000010000000000100010000000000000000000000000000000000000000000000000000000000000000000
01000000000000000000000000000000000000000000000000000000000000000000010000000000000000000000000000000000000000000000000000000000
00000000000000000000000000000000000000000000000000000000000000000000000000000000000000000000000000000000000000000000000000000000
00000000000000000000000000000000000000010000000000100000010000000000000000000000000000000000000000000000000000000000000000000000
00000000000000000001000000000000000000000000000000000000000001000101000000000000010000000000000000000000000000000000000010000000
00000000000000000000000000000000000000000000000000000000000000000000000000000000000000000000000000000000000000000000000000000000
00000000000000000000000000000100000000000000000000000000000000000000001000000000000000000000000100000000000001000000000000000000
00000000000000000000000000000000000000000000000100000100000100000000000000000000000000000000000000000000000000000000000000000000
00000001000000000000000000000000000001000000000000000000000000000000000000000000000000000000000000000000000000000000000000000000
00000000000000000000000000000000000000000010000000000000000000000100001001000000000000000000000000000000000000000000000000000001
00000000000000000000000000000000000000000000000000000000000000000000000000000000000000000000000000000000000000000000000000000000
00000000000000000000000000000000000000000000000000000100000000000001000000000001000001000000000000000000100000000000000000000000
00000000000000000000010000000000000000000000000000000000000000000000000000001000000000000000000000000000000000000000000000000000
00000000000000000000000000000000000000000000000100000000000000000100000000000000000000000000000000000000000000000000000000000000
00000000000000000000000000000000000000000100000000000001000000100000000000000000000000000000000000000000000000000000000000000000
00000000000000000000000000000000000000000000000000000000000000000000001000000000000000000000000000000000000000000000000001000000
00000000000033300300000330030003033330333000000000003000000000000000000000000000003330003300300003000000000030000000000000000000
00000000000030030300003003003030030000300300000000033000000000000010000000100000003003030030300003000000000330000000000000000000
00000000000030030300003003000300030000300300000000003000010000100000000000000000003330030030300003000000000030000000000000000000
00100000000033300300003333000300033300333000000000003000000000000000000000000000003003033330300003000000000030000000000000000000
01110000000030000300003003000300030000303000000100003000000000000000000100000000003003030030300003000000000030001000000000000000
00100000000030000333303003000300033330300300000000003000000000000000000000000001003330030030333303333000000030000000000000000000
00000000000000000000000000000000000000000000000000000010000010000001000000000000000000000000000000000000000000000000000010000000
