00000000000000000000000000000000000000000000000000000000000000000000000000000000000000000000000000000000000000000000000000000000
00000000000000000000000000000000000000003333300000000000333330011200333300000000333330000000000033333000000033333000000000003300
00000000000000000000000000000000000000033333330000000003333333003003333330000003333333000000000333333300000333333300000000033000
00000000000000000000000000000000000000333000333000000033300033300033000033000033300033300000003330003330003330003330000000330000
00000000000000000000000000000000000000330000033000000033003003300330033003302033000003300000003300000330003300000330000003300000
00000000000000000000000000000000000000000000033000000000033303300330333303303033000003300000003300000330000000000330000033000000
00000000000000000000000000000000000000000000033000000000233003300330333303303000000003300000000000000330000000000330000333330000
00000000000000000000000000000000000000000000330000000002300033000330223303303332000003300000000000000330000000003300003333333000
00000000000000000000000000000000002321000033330000000013303333030330000103303333000033000000000000003300000000333300003330033300
00000000000000000000000000000000133333200033330000000023303333000330110003300112100033000000000000003300000000333300033300003330
00000000000000000000000000000000133333320000333000000033300033300330333203302100100330000000000000033000000000003330033000000330
00000000000000000000000000000000233223330000033000000233333003300330333303303332003300000000000000330000000000000330033000000330
00000000000000000000000000000000222200000000033000110000333303300330333303303330033000000000000003300000000000000330033000000330
00000000000000000000000000000000122103300000033001220330033003300330033003303300330000000000000033000000033000000330033300003330
00000000000000000000000000000000011103330000333000000333000033300033000033003003300000000000000330000000033300003330003330033300
00000000000000000000000000000000001100333333330003300033333333003003333330030033333333300330003333333330003333333300000333333000
00000000000000000000000000000000000110003333300203303000333330033300333300320333333333300330033333333330000033333000000033330000
00000000000000000000000000122221111011200000002200003230000000333330000003330000000000000000000000000000000000000000000000000000
00000000000000000000000002223332102122211112101011023233223333333333333333333233330000000000000000000000000000000000000000000000
00000000000000000000000122123322201111000000100001023232233333332233333333333223320000000000000000000000000000000000000000000000
00000000000000000000000121122221001100000001000001022222233333333233332333333223310000000000000000000000000000000000000000000000
00000000000000000000000121011211001000000001101121112222223333333233332333333223300000000000000000000000000000000000000000000000
00000000000000000000000121001111001100011111111222222222223333333233332333333223200000000000000000000000000000000000000000000000
00000000000000000000000111000001001111121122212221221222222333333333333333333233000000000000000000000000000000000000000000000000
00000000000000000000000000000000000000000000001110100022222223333333333233332232000000000000000000000000000000000000000000000000
00000000000000330300300330003300333000330033300000003012222323333333333233322330000333000330030000033000000330000000000000000000
00000000000000030300303003030030300303003030030000033001222323233333323333233320000300303003030000300300003003000000000000000000
00000000000000030300303000030030300303003030030000003000122332233323222233333310000333003003030000300300000030000000000000000000
00000000000000030300303033033330300303003033330000003000012222133232232333332100000300303003030000333300000003000000000000000000
00000000000030030300303003030030300303003030300000003000000222222222222233320000000300303003030000300300003003000000000000000000
00000000000003300033000330030030333000330030030000003000000012222222222222100000000333000330033330300300000330000000000000000000
00000000000000000000000000000000000000000000000000000000000000012222221100000000000000000000000000000000000000000000000000000000
