00000000000000000000000000000000000000000000000000000000000000000000000000000000000000000000000000000000000000000000000000000000
00000000000000000000000000000000000000000000333330000000000033333000000033330000000033333000000000003333300000003333300000033000
00000000000000000000000000000000000000000003333333000000100333333300000333333000000333333300000000033333330000033333330000333000
00000000000000000000000000000000000000000033300033300000003330003330003300003300003330003330000000333000333000333000333003333000
00000000000000000000000000000000100000000033000003300000003300000330033000000330003300000330000000330000033000330000033000033000
00000000000000000000000000000001110000000000000003300000003300000330033000000330003300000330000000330000033000000000033000033000
00000000000000000000000000000000100000000000000003300000000000000330033000000330000000000330000000000000033000000000033000033000
00000000000000000000000000000000000000000000000033000001000000000330033000000330010000000330000000000000033000000000330000033001
00000000000000000000100000000000000000010000003333000000000000003300033000000330000000003300000000000000330000000033330000033000
00000000000000000000000000000000000000000000003333000000000010003300033010000330000000003300000000000000330000000033330000033000
00000000000000000000000000000000000000000000000033300000000000033000033000000330000000033000000010000003300000000000333000033000
00000000000000000000000000000000000000000000000003300000000000330000033000000330000000330000000000000033000000000000033000033000
00000000000000000000000000000001000000000000000003300000101003300000033000000330000003300000000000000330000000000000033000033000
00000100000000000000000000000000000000000330000003300000000033000010033000000330000033001000000000003300000003300000033000033000
00000000000000000000000000000000000000000333000033300000000330000000003300003300000330000000000000033000000003330000333000033000
00000000000000000000000000000000000000000033333333000330003333333330000333333000003333333330033000333333333000333333330000033000
00000000000000000000000000000000000000000000333330000330033333333330000033330000033333333330033003333333333000003333300000033000
00000000000000000001000000000000000000000000000000010000000000000000000000000000000000000000000000000000000000000000000000000000
00000000000000000000000000000000000000000000000000000000000000100000000000000000000000000000000000000000000000000000000000000000
00000000000000000000000000000100000000000000000000000000001000000001000000000000000000000000000000000000000000000000000000000000
00000000000000000000000000000000000010000000000000000000000000000000000001000100000000000000000000000000000000000000000000000000
00000000000000000000000000000000000000000000000000000000000000100000000000000000000000000000000000000000000000000000000000000000
00000000000000000000000000000000000000000000000000010000010000000000010000000000000000000000000000000000000000000000000000000000
00000000000000000000000000000000000000000000000000000000000000000000000000000000000000100000100000000000000000000000001000000000
00000000100000000000000000000000000000000010000000000000000000000000000000000000000000000000000000000000000000000000000000000000
00000000000033300300000330030003033330333000000000003000000000000010000000000000003330003300300003000000000330000000000000000000
00000000000030030300003003003030030000300300000000033000000000000000000000000000003003030030300003000000003003000000000000000000
00000000000030030300003003000300030000300300000000003000000000100000000000000000003330030030300003000000000030000000000000000000
00000000000033300300003333000300033300333000000001003000000000000000000010000000003003033330300003000010000003000000000000000000
00000000000030000300003003000300030000303000000000003000000000000000000000000000003003030030300003000000003003000000000000000000
00000000000030000333303003000300033330300300000000003000000000000000100000000000003330030030333303333000000330000000000000000000
00000000000000000000000000000000000000000000000000000000000000010000000000000010000000000000000000000000000000000000000000000000
