00000000000000000000000000000000000000000000000000000000000000000000000000000000000000000000000000000000000000000000000000000000
00000000000000000000000000000000000000000000000000000000000000000000000000000000000000000000000000000000000000000000000000000000
00000000000000000000000000000000000000000000000000000000000000000000000000000000000000000000000000000000000000000000000000000000
00000000000001111111100000111000011100000111000000000001110000000111111100001111110011100001111111111111111111100000000000000000
00000000000001111111110001111100011100000111000000000001110000001111111110011111111011100011111111111111111111110000000000000000
00000000000001111111110001111100011100000111000000000001110000011111111111111111111111100111111111111111111111111000000000000000
00000000000001110001110001111100011100000111000000000001110000011110001111111100111111101111101110000001110001111000000000000000
00000000000001111111110011111110011100000111000000000001110000011100000111111000011111111111001111111111110000111000000000000000
00000000000001111111110011111110011100000111000000000001110000011100000111111000000011111110001111111111110000111000000000000000
00000000000001111111110111111111011100000111000000000001110000011100000111111000000011111111001111111111110000111000000000000000
00000000000003130003130311111113031300000313000000000003130000031300000313313000033331133313003130000003130000313000000000000000
00000000000003130003133313333313331300000313000000000003130000031330003313313300331331330313303130000003130003313000000000000000
00000000000003133333133133000331331333333313333330000003133333333133333133331333313331300331333133333333133333133000000000000000
00000000000003111111333130000031331111113311111130000003111111303311111330033111133031300033133111111133111111330000000000000000
00000000000003333333303330000033333333333333333330000003333333300333333300003333330033300003333333333333333333300000000000000000
00000000000000000000000000000000000000000000000000000000000000000000000000000000000000000000000000000000000000000000000000000000
00000000000000000000000000000000000000000000000000000000000000000000000000000000000000000000000000000000000000000000000000000000
00000000000000000000000000000000000000000000000000000000000000000000000000000000000000000000000000000000000000000000000000000000
00000000333333333033333330033333333300000000033300000333333000333333003333333333333333333300000333000033300000333000000000000000
00000000311111113331111133031111111330000000031330003313313000313313003111111133133111111330003313300031300000313000000000000000
00000000313333333313333313331333333130000000031130003113313000313313003333133333133133333130003131300031300000313000000000000000
00000000313000003133000331331300003130000000031133033113313000313313000003130003133130003130003131300031300000313000000000000000
00000000313333333130000031331300003130000000031313031313313000313313000003130003133133333130033131330031300000313000000000000000
00000000311111133130000031331333333130000000031313331313313000313313000003130003133111111330031333130031300000313000000000000000
00000000313333333130000031331111111330000000031331313313313000313313000003130003133133333130331333133031300000313000000000000000
00000000313000003130000031331333133300000000031331313313313000313313000003130003133130003130311111113031300000313000000000000000
00000000313000003133000331331303313300000000031331313313313303313313000003130003133130003133313333313331300000313000000000000000
00000000313000003313333313331300331330000000031333133313331333133313333333130003133133333133133000331331333333313333330000000000
00000000313000000331111133031300033130000000031303130313033111330311111133130003133111111333130000031331111113311111130000000000
00000000333000000033333330033300003330000000033303330333003333300333333333330003333333333303330000033333333333333333330000000000
00000000000000000000000000000000000000000000000000000000000000000000000000000000000000000000000000000000000000000000000000000000
00000000000000000000000000000000000000000000000000000000000000000000000000000000000000000000000000000000000000000000000000000000
