00000000000000000000000000000000000000000000000000000000000000000000000000000000001000000000000000000000000000100000000000000000
00333000030003000300000003000300030000000300030003000000000000000000000000000000000000000000000000000000000000000000000000000000
00333000303030303030000030003030303000003030303030300000000000010000000000000000000000000000000000000000000000000000000000000000
00033000003003000300000030303030303000003030303030300000000000000000000000000000000000000000000000000000000000000000000000000000
00033000030000300030000033303030303000003030303030300000000000000000000000000000000000000001000000000000000000000000000000000000
00033000300030303030000000303030303000003030303030300000000000000000000001000000000000000000000000000000000000000000000000000000
00033000333003000300030000300300030003000300030003000000000000000000100000000000000000000000000000000000000000000000000000000000
00033000000000000000000000000000000000000000000000000000000000001000000000000000000000000000000000000001000000000000000000000000
00000000000000000000000000000000000000000000000000000000000000000000000000001000000000000000000000000000000000001000000000000000
00000000000000000000000000000100000000000000010000000000100000000000000000000000000000000000000000000000000000000000000000000000
00000000000000000000000000000000000000000000000000000000000000000000001000000000000000000000000000000000000000000000000000000000
00000000000000000000000000000000000000000000000000000000000000000000000000000000000000001000000000000000000000000000000000000000
00000000000000000000000000000000000000000000000000100000010000000000000000100000000000000000000000000000000000000000000000000000
00000000000000000001000000000000000000000000000000000000000001000100100000000000010000000000000000000000000000000000000001000000
00000000000000000000000000000000000000000000000000000000000000000000000000000000000000000000000000000000000000000000000000000000
00000000000000000000000000000000000000000000000000000000000000000000001000001000000000000000000100000000000000100000000000000000
00000000000000000000000000000100000000000000000010000100000100000000000000000000000000000000000000000000000000000000000000000000
00000000000000000000000000000000000001000000000000000000000000000000000000000000000000000000000000000000000000000000000000000000
00000000000000000000000000000000000000000010000000000000000000100000001001000000000000000000000000000000000000000000000000000001
00000000000000000000000000000000000000000000000000000000000000000000000000000000000000000000000000000000000000000000000000000000
00000000000000000000000000000000000000000000000000000100000000000000000000000000000001000000000000000000000000000000000000000000
00000000000000000000010000000000000000000000000000000000000000000000000000000100000000000000000000000000000000000000000000000000
00000000000000000000000000000000000000000000000100000000000000000100000000000000000000000000000000000000000000000000000000000000
00000000000000000000000000000000000000000000000000000000100000100000000000000000000000000000000000000000000000000000000000000000
00000000000000000000000000000000000000000000000000000001000000000000001000000000000000000000000000000000000000000000000000000000
00000000000000330300300330003300333000330033300000003000000000000000000000000000000333000330030000033000000330000000000000000000
00000000000000030300303003030030300303003030030000033000000000000100000000100000000300303003030000300300003003000000000000000000
00000000000000030300303000030030300303003030030000003000001000010000000000000000000333003003030000300300000030000000000000000000
00000000000000030300303033033330300303003033330100003000000000000000000000000000000300303003030000333300000003000000000000000000
00000000000030030300303003030030300303003030300000003000000000000000000000000000000300303003030000300300003003000000000000000000
01000000000003300033000330030030333000330030030000003000000000000000000100000000000333000330033330300300000330000000000000000000
11100000000000000000000000000000000000000000000000000000000000000000100000000000000000000000000000000000000000000000000000000000
