00000000000000000000000000000000000000000000000000000000000000000000000000000000000000000000000000000000000000000000000000000000
00000000000000000000000000000000000000000000000000000000000000000000000000000000000000000000000000000000000000000000000000000000
00000000000000000000000000000000000000000000000000000000000000000000000000000000000000000000000000000000000000000000000000000000
00000000000000000000000000000000000000000000000000000000000000000000000000000000000000000000000000000000000000000000000000000000
00000000000110000001100001111000000111000001100000011000000110000001100001111000000110000111111000000000000110000111111000000000
00000000001111000011110001111100001111100011110000111100001111000011110001111100001111000111111000000000001111000111111000000000
00000000001111000011110001101100011101100011110000111100001111000011110001101100001111000001100000000000001111000110000000000000
00000000001101000011010001101110011000000011010000110100001101000011010001101110001101000001100000000000001101000110000000000000
00000000001101000011010001100110011000000011010000110100001101000011010001100110001101000001100000000000001101000111100000000000
00000000001101000011010001100110011000000011010000110100001101000011010001100110001101000001100000000000001101000111100000000000
00000000001101000011010001101110011000000011010000110100001101000011010001101110001101000001100000000000001101000110000000000000
00000000011111100111111001101100011101100111111001111110011111100111111001101100011111100001100000000000011111100110000000000000
00000000011111100111111001111100001111100111111001111110011111100111111001111100011111100111111000000000011111100111111000000000
00000000011001100110011001111000000111000110011001100110011001100110011001111000011001100111111000000000011001100111111000000000
00000000000000000000000000000000000000000000000000000000000000000000000000000000000000000000000000000000000000000000000000000000
00000000011111100111111001111110011111100111111001111110011111100111111001111110011111100111111001111110011111100111111000000000
00000000000000000000000000000000000000000000000000000000000000000000000000000000000000000000000000000000000000000000000000000000
00000000000110000001100000011100000110000111110000011000000110000001100000011000011111000000000000011000000110000111110000000000
00000000001111000011110000111110001111000111111000111100001111000011110000111100011111100000000000111100001111000111111000000000
00000000001111000011110001110110001111000110011000111100001111000011110000111100011001100000000000111100001111000110011000000000
00000000001101000011010001100000001101000110111000110100001101000011010000110100011011100000000000110100001101000110111000000000
00000000001101000011010001100000001101000111110000110100001101000011010000110100011111000000000000110100001101000111110000000000
00000000001101000011010001100000001101000111110000110100001101000011010000110100011111000000000000110100001101000111110000000000
00000000001101000011010001100000001101000110111000110100001101000011010000110100011011100000000000110100001101000110111000000000
00000000011111100111111001110110011111100110011001111110011111100111111001111110011001100000000001111110011111100110011000000000
00000000011111100111111000111110011111100111111001111110011111100111111001111110011111100000000001111110011111100111111000000000
00000000011001100110011000011100011001100111110001100110011001100110011001100110011111000000000001100110011001100111110000000000
00000000000000000000000000000000000000000000000000000000000000000000000000000000000000000000000000000000000000000000000000000000
00000000011111100111111001111110011111100111111001111110011111100111111001111110011111100111111001111110011111100111111000000000
00000000011111100111111001111110011111100111111001111110011111100111111001111110011111100111111001111110011111100111111000000000
00000000000000000000000000000000000000000000000000000000000000000000000000000000000000000000000000000000000000000000000000000000
00000000000000000000000000000000000000000000000000000000000000000000000000000000000000000000000000000000000000000000000000000000
