11111111111100011111111111100000000111100000001111111110000000011110000001111110000001111111111000000111111000000111110000000011
11111111111111111111111111003333330111003333300111111100333333011100333300111100333300111111110033330011110033330011100333333001
11111111111111111111111111033333330110033333330011111103333333011003333330011003333330011111100333333001100333333001103333333301
11111111111111111111111111033000000000333000333011111103300000010033000033000033000033001111003300003300003300003300003300003300
11111111111111111111111111033011000000330010033011111103301121110330011003300330011003301111033001100330033001000330033001100330
11111111111111111110011110033000000000000111033011111003300000110330111103300330111103301111033011110330033011110330033001100330
11111111111111111102210010333333300000111110033011111033333330110330111103300330111103301111033011110330033011110330033300003330
11111111111111111033333200333333300001111000330011111033333330010330111103300330111103301111033001110330033011110330003333333300
11111111101111111133322330330000330000101033330111111033000033000330111103300330111103301111033001110330033011110330100333333001
10011111101110110233332230000110033010101033330011111000011003300330101103300330111103301111033001110330033001110330003333333300
00111111111110001332333233301111033000000000333011111111111103300330101103300330111103301111033001110330033011110330033330033330
01111111112110011231233233320111033000000010033011111111111103300330111103300330111103301111033000120330033011110330033300003330
01111111112211001231233220001110033000000001033011111000011003300330111103300330111103301111033000120330033011110330033001100330
00111111001111000133333300300000330003300000033011110030000033000330011003300330011003301111033000000330033001100330033001100330
10111111001111000023333303330003330103330000333000000333000333010033000033000033000033000000003300003300003300003300033300003330
11111111111111000013323300333333300100333333330003300033333330011003333330011003333330010330100333333001100333333001003333333300
11111111111110100012312330033333000000003333300003300003333300011000333300111000333300110330110033330011110033330011100333333001
11111111111110100000233332000000000000100000000000000000000000011000000001111000000001110000111000000111111000000111110000000011
11111111111101110000033333323200000000000000000000100001000000000000000111111111100111111110111111111111111111111111111101111000
11111111111100111010022333333100000000000000000000010000100000000000000001111111100001111110111111111111111111111110110001101000
11111111111100022110022333221000000000000000000000000000000000000000000001111111100000011110001111111111111111011100100000010000
11111111110012112210023332000000000000000000000000000000000000000000000000111111100000001010000100111111001110001100100000000000
11111111101122110110022320000000000000000000000000000000010000000000000000001111110000000000000101011110000111001100000000000000
00111111012221001111000000000000000000000000000000000000000000000000000000000100011000000000000001101111111111011100000000000000
00111111022000000000000000000000000000000000000000000000000000000000000000000000000000000000000000001111110000011100000000000000
10111111022033300300000330030003033330333000000000003000000000000000000000000000003330003300300003001111110030001110000000000000
11111111101030030300003003003030030000300300000000033000000000000000000000000000003003030030300003011111110330111110000000000000
10012211000030030300003003000300030000300300000000003000000000000000000000000000003330030030300003001100000030111110000000000000
10002221000033300300003333000300033300333000000000003000000000000000000000000000003003033330300003001100001030111100001111000000
00001211100030000300003003000300030000303000000000003000000000000000000000000000003003030030300003000010000030111100011111100000
10000111110030000333303003000300033330300300000000003000000000000000000000000000003330030030333303333010010030111100101111100000
10000111111000000000000000000000000000000000000000000000000000000000000000000000000000000000000000000010011000101111000010000001
