22222222222222222221000000000000000000000000000000000000000000000000000000000000023333333333333333333321000000000000000000122222
22222222222222222332000000000000000000000000000000000000000000000000000000000000013333333333333333333321110000000000000000222222
22222222222222222332100000000000000000000000000000000000000000000000000000000000013333333333333333333322110000000000000000222222
22222222222222222233210000000000000000000000000000000000000000000000000000000000013333333333333333333332110000001011110000222222
22200000000000000033321000000000000000000000000000000000000000000000000000000000002333333333333333333332000000000011100000000222
22203333333333333103330000000000000000000333333320000002333333300000000000000000002333333300000000333333033333300001023333330222
22203133133313313200300122221000000000000313313320000003331331300000000122221000002333333001222210033330231331310000223133130222
22203333333333333220013333333310000000000333333331000003333333300000013333333310001333300133333333103302233333330002223333330222
22201133333333311222233333333333100000000333333332000013333333300002233333333333101333022333333333331022233333331022213333330222
22222131333331311122233333333333300000000333333332000023333333300022233333333333301330222333333333333022133333332222113333330222
22222033333333321122223333333333320000000333333333000033333333300122223333333333320301222233333333333221133333333221113333330112
22222033333333321122223333333333331000000313333313100131333331300122223333333333331001222233333333333321131333313311113133130112
22222033333333321122222233333333333100000333333333100233333333301122222233333333333101222222333333333331133333333331113333330111
22222033333333321122222233333333333100000333333333200333333333301122222233333333333101222222333333333333133333333333113333330022
22222031333331321122222223333333333100000333333333200333333333301122222223333333333301222222233333333333133333333333313333330012
22222033333333231122222222333333333100000333333233311333323333301122222222333333333301222222223333333333133333333331323333330011
22222033333332231112222223333333333200000333333222211333223333301112222223333333333301122222233333333332133333332333333333320121
22222033333322231111122222223333333200000313312221222313222131301111122222223333333201111222222233333332133333322333333333220221
22222033333222231111122222222322322100000333322122222332212333201111122222222322322201111222222223223222131333121331333332120221
22222031332221231111111222222222222000000333222112222222112332201111111222222222222001111112222222222221133332221133333322220221
22222033322222233111111222222222222020000332222112222231112322200111111222222222222000111112222222222221133322221113333222220220
22200033222222233311111111222222221332000222222102222231012222200111111111222222221000111111112222222211133222221113332222220220
22202222222222222211111111112122210332100222222102232221012222200011111111112122210200011111111121222111122222221111322222220220
22202122122221221231111111111111102223320212212102122121012121200001111111111111101220001111111111111011122222221111132222220221
22202222222222222233111111111110022222320222222102222221012222200000111111111110011122000111111111100011121222120111112122120221
22200111111111111113311111111100222222330111111101111111011111100000001111111100111222220001111111003011122222220011112222220221
22222011111111111111300000000022222222230011111100111111011111000000000000000001121122222200000000033011111111100001111111110222
22222200000000000000002222222222222222223000000000000000000000000000000000000001121122232232233333333011111111001100111111100222
22222222221112222222222222222222222222222333320000000000000000000000000000000001111122232222233333333000000000001110000000002222
11222222222111122222222222222222222222222223322210000000000000000000000000000012211222222223233333333333322211101111111221222222
11222222222111112222222222222222222222222222333221000000000000000000000000000022211222222223223333333333222211111111111222222222
11222222222221212222222222222222222222222222223332100000000000000000000000000022211222222223223333333332222221111111111332122222
