22222222222222222222221100000100111112111111211112211221111111122122222222222122222222222111222222112222221222222222222111221222
22222222222221222222211100000000001001211111111112221121111111122112222222222112222222222211222222222222222222222222222212222222
22222222222211122222221100000000001000111111111111211112111111011111111222222222211222222221222222222222222222222222222212222111
22222222222211222222222100000110000000111111111001121111211111011111111112222222211112222221222222222222222222222221221112212111
22200000000000000022122110100111000000000000000000111110000000001111111112222222211111122221112222222222000000002211200000000111
22203333333333333102120000000011000000000333333320111102333333301111110000000022211111112100000000222222033333302211023333330110
22203133133313313200200122221000000000000313313320111103331331301111100122221002221111111001222210022220231331310210223133130110
11203333333333333220013333333310000000000333333331011103333333301110013333333310122111100133333333102202233333330202223333330110
11201133333333311222233333333333100000100333333332011113333333301102233333333333112111022333333333331022233333331022213333330100
21222131333331311122233333333333300000000333333332011023333333301022233333333333301110222333333333333022133333332222113333330110
22222033333333321122223333333333320000000333333333001033333333301122223333333333320101222233333333333221133333333221113333330100
21123033333333321122223333333333331000000313333313100131333331300122223333333333331001222233333333333321131333313311113133130110
21113033333333321122222233333333333100000333333333100233333333301122222233333333333101222222333333333331133333333331113333330110
11002033333333321122222233333333333100000333333333200333333333301122222233333333333101222222333333333333133333333333113333330100
21001031333331321122222223333333333100000333333333200333333333301122222223333333333301222222233333333333133333333333313333330100
21111033333333231122222222333333333100000333333233311333323333301122222222333333333301222222223333333333133333333331323333330100
22221033333332231112222223333333333200000333333222211333223333301112222223333333333301122222233333333332133333332333333333320100
22222033333322231111122222223333333200000313312221222313222131301111122222223333333201111222222233333332133333322333333333220100
22222033333222231111122222222322322100000333322122222332212333201111122222222322322201111222222223223222131333121331333332120111
22222031332221231111111222222222222000000333222112222222112332201111111222222222222001111112222222222221133332221133333322220111
21222033322222233111111222222222222000000332222112222231112322200111111222222222222000111112222222222221133322221113333222220100
21100033222222233311111111222222221100000222222102222231012222200111111111222222221000111111112222222211133222221113332222220100
21202222222222222211111111112122210110000222222102232221012222200011111111112122210000011111111121222111122222221111322222220000
22202122122221221231111111111111102211110212212102122121012121200001111111111111100000001111111111111011122222221111132222220100
12202222222222222233111111111110022222110222222102222221012222200000111111111110000000000111111111100011121222120111112122120100
12200111111111111113311111111100232222220111111101111111011111100000001111111100000000000001111111000011122222220011112222220100
22221011111111111111300000000033333333330011111100111111011111000000000000000000000000000000000000000011111111100001111111110100
22222200000000000000002323233333333333333000000002000000100000000000000000000000000000000000000000000011111111001200111111100100
22222222222222222222233323233333333333333333333333333222211000000000000000000000000000000000000000000000000000001120000000001111
22222222222222222222223333333333333333333333333333333333222100000000000000000000000000000000000000000000111111111121111113211122
22222222222222222222223333333333333333333333333333333333333222110000000000000000000000000000000000000000011111111111111122100122
22222222222222222222222233333333333333333333333333333333333322211111000000000000000000000000000000000000011111111222111222100222
