22222222222222222222222222222223222222222222222222222222333222223222222222222212222222222222222222222222222222222222222221222220
22222222222222211223332222111123322222222222222222222100133222112222222222222222222222222222222222222222222222222222222211222222
22222222222232211122332322110013322222222222222222222000123322212222222222222222222222222222222222222222222222222222222201222222
22222222223333211001233322210012222222222222222222232000023222222222222222222222222222222222222222222222222222222222222212222222
22200000000000000000122222221001222222220000000000222200000000002222222222222222222222222222222222222222000000001222200000000222
22203333333333333101120000000011222222220333333320222202333333302222220000000022222222222200000000222222033333302222023333330222
22203133133313313200100122221002222222220313313320222203331331302222200122221002222222222001222210022220231331310120223133130222
22203333333333333220013333333310222222220333333331022203333333302220013333333310222222200133333333102202233333330102223333330222
22201133333333311222233333333333122222220333333332022213333333302202233333333333122222022333333333331022233333331022213333330222
22222131333331311122233333333333302222220333333332022023333333302022233333333333302220222333333333333022133333332222113333330222
22222033333333321122223333333333320222220333333333022033333333302122223333333333320201222233333333333221133333333221113333330222
22222033333333321122223333333333331022220313333313122131333331300122223333333333331001222233333333333321131333313311113133130222
22222033333333321122222233333333333101220333333333102233333333301122222233333333333101222222333333333331133333333331113333330222
22222033333333321122222233333333333101220333333333202333333333301122222233333333333101222222333333333333133333333333113333330222
22222031333331321122222223333333333101120333333333202333333333301122222223333333333301222222233333333333133333333333313333330222
22222033333333231122222222333333333101220333333233311333323333301122222222333333333301222222223333333333133333333331323333330222
22222033333332231112222223333333333202220333333222211333223333301112222223333333333301122222233333333332133333332333333333320222
22222033333322231111122222223333333201210313312221222313222131301111122222223333333201111222222233333332133333322333333333220222
21122033333222231111122222222322322101210333322122222332212333201111122222222322322201111222222223223222131333121331333332120222
11222031332221231111111222222222222011110333222112222222112332201111111222222222222001111112222222222221133332221133333322220222
12222033322222233111111222222222222011110332222112222231112322200111111222222222222000111112222222222221133322221113333222220222
12200033222222233311111111222222221211110222222102222231012222200111111111222222221000111111112222222211133222221113332222220222
11202222222222222211111111112122210222110222222102232221012222200011111111112122210200011111111121222111122222221111322222220222
21202122122221221231111111111111102221110212212102122121012121202001111111111111102220001111111111111011122222221111132222220221
22202222222222222233111111111110012222110222222102222221012222202200111111111110022222000111111111100011121222120111112122120222
22200111111111111113311111111100111112110111111101111111011111102120001111111100222222220001111111002011122222220011112222220222
22222011111111111111300000000000001001210011111100111111011111002112200000000002222222222200000000022011111111100001111111110222
22222200000000000000001100000000001000111000000001000000100000011111111222222222211222222221222222222011111111002200111111100111
22222222222211222222222100000110000000111111111001121111211111011111111112222222211112222221222222222000000000002220000000002111
22222222222211221222122110100111000000000000110001111111111110111111111112222222211111122221112222222222222222122211211111121111
22222222222211211222122111000011000000000000000001111111111111111111111111222222211111112121111211222222112221112211211111111110
22222222222222211222222100000000000000000011010000111111121111111111111111112222221111111111111212122221111222112211111111111110
