00000000000000000000000000000000000000000000000000000000000000000000000000000000000000000000000000000000000000000000000000000000
00000000001000000003300000003333300000003333300000000000000033000000333300000000333300000000000033330000000033330000000033330000
00000000011100000033300000033333330000033333330000000000000330010003333330000003333330000000000333333000000333333000000333333000
00000000001000000333300000333000333000333000333000000100003300000033000033000033000033000000003300003300003300003300003300003300
00000000000000000003300000330000033000330000033000000000033000000330000003300330000003300001033000000330033000000330033000000330
00000000000000000003300000330000033000000000033000000000330000000330000003300330000003300000033000000330033000000330033000000330
00000000000000000003300000000000033000000000033000000003333300000330100003300330000003300000033000000330033000000330033000000330
00000000001000000003300000000000033000000000330000010033333330000330000003300330000003300000033000000330033000000330033000000330
00000000000000000003300000000000330000000033330000000033300333000330000003300330000003300000033000000330033000000330033000000330
00000000000000000003300000000100330000000033330000000333000033300330000003300330000003300000033000000330033000000330033000000330
00000000000000000003300000000003300000000000333000000330000003300330001003300330000003300000033000000330033000000330033000000330
00000000000000000003300000000033000000000000033000000330000003300330000003300330000003301000033000000330033000000330033000000330
00000000000000000003300000000330000000000000033000100330010003300330000003300330000003300000033000000330033000000330033000000330
00000000000000000003300000003300000003300000033000000333000033300330000003300330010003300000033000000330033000000330033001000330
00000000000000000003300000033000000003330000333000000033300333000033000033000033000033000000003300003300003300003300003300003300
00000000000000000003300000333333333000333333330003300003333330000003333330001003333330000330000333333000000333333000000333333000
00000000000000000003300003333333333000003333300003300100333300000000333300000000333300000330000033330000000033330000000033330000
00000000000000000000000000000000000001000000000000000000000000000000000000000000000000000000000000000000000000000000000000000000
00000000000000000000000000000000000000000010000000000000000000100000001001000000000000000000000000000000000000000000000000000001
00000000000000000000000000000000000000000000000000000000000000000000000000000000000000000000000000000000000000000000000000000000
00000000000000000000000000000000000000000000000000000100000000000000000000000000000001000000000000000000000000000000000000000000
00000000000000000000010000000000000000000000000000000000000000000000000000000100000000000000000000000000000000000000000000000000
00000000000000000000000000000000000000000000000100000000000000000100000000000000000000000000000000000000000000000000000000000000
00000000000000000000000000000000000000000000000000000000100000100000000000000000000000000000000000000000000000000000000000000000
00000000000000000000000000000000000000000000000000000001000000000000001000000000000000000000000000000000000000000000000000000000
00000000000000330300300330003300333000330033300000003000000000000000000000000000033000300300003000033303030333033000300000000000
00000000000000030300303003030030300303003030030000033000000000000100000000100000030303030300030300030003030030030303030000000000
00000000000000030300303000030030300303003030030000003000001000010000000000000000033003030300030300030000300030030303030000000000
00000000000000030300303033033330300303003033330100003000000000000000000000000000030303030300033300033000300030033303330000000000
00000000000030030300303003030030300303003030300000003000000000000000000000000000030303030300030300030003030030033003030000000000
01000000000003300033000330030030333000330030030000003000000000000000000100000000033300300333030300033303030030030303030000000000
11100000000000000000000000000000000000000000000000000000000000000000100000000000000000000000000000000000000000000000000000000000
