00000000000000000000000000000000000000000000000000000000001111233222222100000000000000000000000111111222100000000000000000000000
00000000000000000000000000000000000000000000000000000000111111233222322100000000000000000000000111111122110000000000000000000000
00000000000000000000000000000000000001111000000000000001111112233233332100000000000000000000000111121122210000000000000000000000
00000000000000000000000000000000000001111100000000000111110113223333322100000000000000000000000011111122210000000000000000000000
00000000000000000000000000000000000111112210000000011111111222223333322100000000000000000000000011111122100000000000000000000000
00000000000000000000000000000000000111111221000000011111112222223233332110000000000000000000000001111112100000000000000000000000
00000000000000000000000000000000000111111121000010011112222112332333332110000000000000000000000000111112100000000000000000000000
00000000000000000000000000000000000111111122100011111112222112332212232220000000000000000000000000011121100000000000000000000000
00000000000000000000000000000000000111111123210111112112212111222322233220000000000000000000000000001111000000000000000000000000
00000000000000000000000000000000000011111222210111112122122111323223232121000000000000000000000000000000000000000000000000000000
00000000000000000000000000000000000011121223211111211232221112322223332111000000000000000000000000000000000000000000000000000000
00000000000000000000000000000000000011122212211111111222212211123322333112100000000000000000000000000000000000000000000000000000
00000000000000000000000000000000000011122222211101111122112211222322332223100000000000000000000000000000000000000000000000000000
00000000000000000000000000000000000011111222211111212112222322222333311233100000000000000000000000000000000000000000000000000000
00000000000000000000000000000000000001111221111112212112211221222333211231100000000000000000000000000000000000000000000000000000
00000000000000000000000000000000000000011221111113211222211222223233211122100000000000000000000000000000000000000000000000000000
00000000000000000000000000000000000000001110111113211112111212222222221112200000000000000000000000000000000000000000000000000000
00000000000000000000000000000000000000000000111123210011211211211212222112210000000000000000000000000000000000000000000000000000
00000000000000000000000000000000000000000000112223210001211211212212112123221000000000000000000000000000000000000000000000000000
00000000000000000000000000000000000000000000122223220011211121212212222122121000000000000000000000000000000000000000000000000000
00000000000000000000000000000000000000000000122212221112210121222222222121121000000000000000000000000000000000000000000000000000
00000000000000000000000000000000000000000000122212222223211122233222222231122100000000000000000000000000000000000000000000000000
00000000000000000000000000000000000000000001112211222223111121222112222232222100000000000000000000000000000000000000000000000000
00000000000000000000000000000000000000000001222221211111121122111102211233222100000000000000000000000000000000000000000000000000
00000000000000000000000000000000000000000001232221101221121111111112222211222100000000000000000000000000000000000000000000000000
00000000000000000000000000000000000000000001222211001111222111222122212221221100000000000000000000000000000000000000000000000000
00000000000000000000000000000000000000000000111111111111222111211122222222222100000000000000000000000000000000000000000000000000
00000000000000000000000000000000000000000000000000111121222112112111112222222210000000000000000000000000000000000000000000000000
00000000000000000000000000000000000000000000000000112212211111112111112111232310000000000000000000000000000000000000000000000000
00000000000000000000000000000000000000000000000000001222112111211111221112332220000000000000000000000000000000000000000000000000
00000000000000000000000000000000000000000000000000000112111111110111111112321110000000000000000000000000000000000000000000000000
00000000000000000000000000000000000000000000000000000000001111110000111123310000000000000000000000000000000000000000000000000000
