00000000001000000001000000000010000000000000000000000000000000011100000000000000000000000000000000000000000000000000000000000000
00000000000000000000000000000000000000000003300000000000333330001000333330000003333330000000000001003300000333333000000033333001
00000000000000000000000000000000000000000033300000000003333333000003333333000033333333000000000010033000003333333300000333333300
00000000000000000000000000000000000000000333300000000033300033300033300033300033000033000000000000330000003300003300003330003330
00000000000000000000000000000000000000000003300000000033000003300033000003300330000003300000000003300000033000000330003300000330
00000000000000000000000000000000001000000003300000000000000003300000010003300330000003300000000033000000033000000330003300000330
00000000000000000000000000000000000000000003300001000000000003301000000003300333000033300000000333330000033300003330000000000330
00000000000000000000000000000000000000000003300000000000000033000000000033000033333333000000003333333000003333333300000000100330
00000000000000000000000100000000000000000103300000000001003333000000003333000003333330000000003330033300000333333000000000003300
00000000000000000000000000000000000000000003300000000000003333000000003333000033333333000000033300003330003333333300000000003300
00000000000000000000000000000000000000000003300000000000000033300000000033300333300333300000033000000330033330033330000000033000
00000000000000000000000000000000000000000003300000000000000003300000000003300333000033300000033000000330033300003330000000330000
00000000000000000000000000000000001000000003300010000000101003300000000003300330000003300000033000000330033000000330000003300000
00000000001000000000000000000000000000000003300000000330000003300330000003300330000003300000033300003330033000000330000033000000
00000000000000000000000000000000000000000003300000000333000033300333000033300333000033300000003330033300033300003330000330000000
00000000000000000000000000000000000000000003300003300033333333000033333333000033333333000330000333333000003333333300003333333330
00000000000000000000001000000000000000000003300003300000333330000000333330000003333330000330000033330010000333333000033333333330
00000000000000000000000000000000000000000000000000001000000000000000000000000000000000000000000000000000000000000000000000000000
00000000000000000000000000000000100000000000000000000000000000000010000100000000000000000000000000000000000000000000000000000000
00000000000000000000000000000000000000100000000000000000001000000000100010001000000000000000000000000000000000000000000000000000
00000000000000000000000000000000000000000000000000000000000000100000000000000000000000000000000000000000000000000000000000000000
00000000000000000000000000000000000000000000000000001000010000000000010000000000000000000000000000000000000000000000000000000000
00000000000000000000000000000000000000000000000000000000000000000000000000000000000100000010000000000000000000000100000000000000
00000000000010000000000000000000000000000000000000000000000000000000000000000001000000000000000000000000000000000000000000000000
00000000000000000000000000000000000000000000100000000000000000000100000000000000000000000000000000000000000000000000000000000000
00000000000033300300000330030003033330333000000000003010000000100000000000000000003330003300300003000000000030000000000000000000
00000000000030030300003003003030030000300300000000033000000000000000000000000000003003030030300003010000000330000000000000000000
00000000000030030300003003000300030000300300000000003000000000000000000100000000003330030030300003000000000030000000000000000000
00000000000033300300003333000300033300333000000000003000000000000000000000000000003003033330300003000000000030000000000000000000
00000000000030000300003003000300030000303000000000003000000000010001000000001000003003030030300003000000000030000000000000000000
00100000000030000333303003000300033330300300000000003000010000111000000000000000003330030030333303333000000030000000000000000000
00000000000000000000000000000000000000000000000000000000000000010000000000000000000000000000000000000000000000000000000000000000
