33333333333333333333333300000000000000000000000000000000000000000000000000000000000000000000000000000000000000000000000000000000
00000000000000000000000000000000000000000000000000000000000000000000000000000000000000000000000000000000000000000000000000000000
00000000000000000000000000000000000000000000000000000000000000000000000000000000000000000000000000000000000000000000000000000000
00000000000000000000000000000000000000000000000000000000000000000000000000000000000000000000000000000000000000000000000000000000
00000000000000000000000000000000000000000000000000000000000000000000000000000000000000000000000000000000000000000000000000000000
00000000000000000000000000000000000000000000000000000000000000000000000000000000000000000000000000000000000000000000000000000000
00000000000000000000000000000000000000000000000000000000000000000000000000000000000000000000000000000000000000000000000000000000
00000000333333000000000000003333300000333330033300333000000000333000000000333000000033333300000033300000033300000333330000000000
00000000311111100000000000003111110000311111031110311100000000311100000000311100003331111113000031110000031110033311111300000000
00000003311111100000000000003111110000311111031110311100000000311100000000311100003111111111100031111000031110031111111110000000
00000003111000000000000000003111110003311111031110311100000000311100000000311100033111111111100031111100031110331111111110000000
00000003111000000000000000003111311003113111031110311100000000311100000000311100331111000011110031111100031110311110001111000000
00000003111330000000000000003111311003113111031110311100000000311100000000311100311110000001111031111110031110311100000111000000
00000033111111000000000000003111311033113111031110311100000000311100000000311100311100000003111031113110031110011113300000000000
00000031111111100000000000003111311131113111031110311100000000311100000000311100311100000003111031110111031110001111113000000000
00000001110011110000000000003111011131113111031110311100000000311100000000311100311100000003111031110311031110000111111100000000
00000000000031110000000000003111031131103111031110311100000000311100000000311100311100000003111031110011131110000001111110000000
00000000000031110000000000003111031131103111031110311100000000311100000000311100311100000033111031110031131110333000001111000000
00000033300031110000000000003111031111103111031110311100000000311100000000311100011110000331111031110001111110311100033111000000
00000031110331110000000000003111001111103111031110311133333300311133333300311100001111333311110031110003111110011113331111000000
00000001111311100000000000003111003111003111031110311111111110311111111110311100003111111111100031110000111110031111111110000000
00000000111111100000000000003111003111003111031110311111111110311111111110311100000111111111100031110000011110001111111110000000
00000000011111000000000000000111000111000111001110011111111110011111111110011100000001111110000001110000001110000011111000000000
00000000000000000000000000000000000000000000000000000000000000000000000000000000000000000000000000000000000000000000000000000000
00000000000000000000000000000000000000000000000000000000000000000000000000000000000000000000000000000000000000000000000000000000
00000000000000000000000000000000000000000000000000000000000000000000000000000000000000000000000000000000000000000000000000000000
00000000000000000000000000000000000000000000000000000000000000000000000000000000000000000000000000000000000000000000000000000000
00000000000000000000000000000000000000000000000000000000000000000000000000000000000000000000000033333333333333333333333333333333
33333333333333333333333333333333333333333333333333333333333333333333333333333333333333333333333333333333333333333333333333333333
33333333333333333333333333333333333333333333333333333333333333333333333333333333333333333333333333333333333333333333333333333333
33333333333333333333333333333333333333333333333333333333333333333333333333333333333333333333333333333333333333333333333333333333
33333333333333333333333333333333333333333333333333333333333333333333333333333333333333333333333333333333333333333333333333333333
