01000000000000100000000000000000000000000000000000000000000000000000000000000000000000000000000000000000000000000000000000000000
00000000000000000000001000000000100003333333333000000333333333300000333333000000000030000000001000003000000333333000000033330000
00000000000000000000000000000000000003333333333000000333333333300003333333000000000330000000011100033000003333333300000333333000
00000000000000000000000000000000000000000000330000000000000033000003300000000000000330000000001000033000003300003300003300003300
00000000000000000000000000000000000000000000330000000000010033000003300000010000003330000000000000333000033000000330033000000330
00000000000000000000000000000000000000000003300000000000000330000003300000000000003330000000000000333000033000000330033000000330
00000000000000000000000000000000000010000003300000100000000330000033333330000000033330000000000003333000033300003330033000000330
00001000000000000000000000000000000000000033000000000000003300001033333330000000330330000000000033033000003333333300033000000330
00000000000000000000000000100000000000000033000000000000003300000033000033000000330330000000000033033000000333333000033000000330
00000000000000000000000000000000000000000330000000000000033000000000000003300003300330000000000330033000003333333300033000000330
00000000000000000000000000000000000000000330000000000000033000000000001003300033300330000010003330033000033330033330033000000330
00000000000000000000000000000000000000003300000000000000330000000000000003300333000330000000033300033000033300003330033000000330
00000000000000000000000000000000000010003300000000000000330000000000000003300333333333300000033333333330033000000330033000000330
00000000000000100000000000000000000000033000000001000003300001000030000033000333333333300000033333333330033000000330033000000330
00000000000000000000000000000000000000033000000000000003300000000333000333000000000330000000000000033000033300003330003300003300
00000000000000000000000000000000000000330000000003300033000000000033333330000100000330000330000000033000003333333300000333333000
00000000000000000000000000100000000003330000001003300333000100000003333300000000000330000330000000033000000333333000000033330000
00000010000000000000000000000000000000000000000000000000000000000000000000000000000000000000000000000000000000000000000000000000
01000000000000000000000000000000001000000000000000000000000000000010001000000000000000000000000000000000000000000000000000000000
00000000000000000000000000000000000000001000000000000000000000100000000100000000000000000000000000000000000000000000000000000000
00000000000000000000000000000000000000000000000000000100010000000000100000000000000000000000000000000000000000000000000000000000
00000000000000000000000000000000000000000000000000000000000000000000000000000000010000010000000000000000000001000000000000000000
00000000000000001000000000000000000000000000000000000000000000000000000000000010000000000000000000000000000000000000000000000000
00000000000000000000000000000000000000000000010000000000000000000100000000000000000000000000000000000000000000000000000000000000
00000000000000000000000000000000000000000000000000000000000000000000000000000000000000000000000000000000000000000000000000000000
00000000000033300300000330030003033330333000000000003001000000100000000000000000003330003300300003000000000030000000000000000000
00000000000030030300003003003030030000300300000000033000000000000000000000000000003003030030300003000000000330000000000000000000
00000000000030030300003003000300030000300300000000003000000000000010000000000000003330030030300003000000000030000000000000000000
00000010000033300300003333000300033300333000000000003000000000000000000000010000003003033330300003000000000030000000000000000000
00000111000030000300003003000300030000303000000000003000010000000000000000000000003003030030300003000000000030000000000000000000
00000010000030000333303003000300033330300300010000003000000000000000000000000000003330030030333303333000000030000000000000000000
00000000000000000000000000000000000000000000000000000000000000000000000010000000000000000000000000000000010000000000001000000000
