00000000011000000002311110000111112332222112100001111101233200011111111111112333333333333333333222332233333333333310000000000000
01000000011100000002321110000111111232222201210012111200111000011111111111111233332333333333333222222233333333333320000000000000
11110000012221110013332110000101111233322210220111122221012220011111111111111123332333333333333322222323333333333331000000000000
12211100012332222223333110000111111123333221120111222100011110010000111111111112333222333333333332223333333333333332000000000000
13322110122223333333333210000111111112333222211100111101011110010000011111011111333222333333333333222223333333333332000000000000
13322322233333333333333322111111111111233333222111111001100001100000000000001111233322222333333333222223333333333333100000000000
13333332333333333333333333221111111111123333332233332211101212310000000000000111123322223333333333222223333333333333100000000000
13332223333333333333333333331011111111112233333333333332212333331000000000000111123332222333333333222223333333333100000000000000
13223333333332001011111111111123333333333333333333333333332100000000000111122332222233333333333222223333333333333200000000000000
12222333333332000011111111111123333333333333333333333333333200000000000011112333222233333333333222223333333333333300000000000000
12212333333332100011101111111123333333333333333333333333333300000000010011112333222233333333333222223333333333333310000000000000
12112333333332100010001011111123333333333333333333333333333300000000000011112333222223333333333322333333333333333310000000000000
12222333333332101000000011111123333333333333322222222333333200000000000011111233322223333333333322323333333333333320000000000000
13333333332221111000001111111123333333333333222121223233333100000000000001111233322222333333333322232333333333333320000000000000
12233332222111111100111111011123333333333333222222333333333100000000000001111233322223333333333322222333333333333320000000000000
11222221111111111100000010110011122211222333333211111111111000000000000011111233322222333333333322222333333333333310000000000000
01111111111111111111000001111111111122233333333111111111110000000000000001111233312222333333333222223333333333333320000000000000
11112112122222221222111222222222222223333333322110111111110000000000000001111133321223333333333322222233333333333320000000000000
12222222222222222222222222222223233333233333321111111111110000000000000001111133321222333333333322223333333333333320000000000000
12222222222222232232322322223332232333233333321121111111100000000000000000111233321222333333333322222333333333333310000000000000
12222232222333232232233333222233332223222222111111111111100000000000000000000233321222333333333322222233333333333310000000000000
12222233223322332222232323222223223222322221111111001110000000000000000000011233322222333333333322223333333333333300000000000000
12232232233222222223322233323233333322332111111110000000000000000000000011011233312222333333333222223333333333333200000000000000
12222222221111111333332233333233333333332211111100000000000000000000000000011233212223333333333222222333333333333200000000000000
01111111000000000000000000000000000000000021111100000000000000000000000010111233200000000000000000022333333000333100000000000000
00000000000033300300000330030003033330333003221100003000000000000000000000111233203330003300300003023223330030333000000000000000
00000000000030030300003003003030030000300303322110033000000000000000000000011333203003030030300003022333330330332000000000000000
00000000000030030300003003000300030000300303332220003011000000000000000001112332103330030030300003022222330030331000000000000000
10000000000033300300003333000300033300333003333321003001000000000000000011112332203003033330300003023333333030320000000000000000
11000000000030000300003003000300030000303003333333103000000000000000000011113322103003030030300003000033333030320000000000000000
12000000000030000333303003000300033330300303333333203000000000000000000101123321103330030030333303333033333030300000000000000000
12100000000000000000000000000000000000000003333333300010000000000000000100223221200000000000000000000033333000200000000000000000
