00000000000000000000000011000000001111000011111011000110011111100000000001111110111111100111110001111110000000000000000000000000
00000000000000000000000011000000001111000111111011000110011111100000000001111110111111101111111001111110000000000000000000000000
00000000000000000000000011000000000110001110000011000110000110000000000000011000110000001110000000011000000000000000000000000000
00000000000000000000000011000000000110001100111011111110000110000000000000011000111110000111110000011000000000000000000000000000
00000000011111000000000011000000000110001110011011111110000110000000000000011000110000000000111000011000000000000111110000000000
00000000000000000000000011111100001111000111111011000110000110000000000000011000111111101111111000011000000000000000000000000000
00000000000000000000000011111100001111000011111011000110000110000000000000011000111111100111110000011000000000000000000000000000
00000000000000000000000000000000000000000000000000000000000000000000000000000000000000000000000000000000000000000000000000000000
00000000000000000000000000000000000000000000000000000000000000000000000000000000000000000000000000000000000000000000000000000000
00000000000000000000000000000000000000000000000000000000000000000000000000000000000000000000000000000000000000000000000000000000
00000000000000000000000000000000000000000000000000000000000000000000000000000000000000000000000000000000000000000000000000000000
00000000000000000000000000000000000000000000000000000000000000000000000000000000000000000000000000000000000000000000000000000000
00000000000000000000000000000000000000000000000000000000000000000000000000000000000000000000000000000000000000000000000000000000
00000000000000000000000000000000000000000000000000000000000000000000000000000000000000000000000000000000000000000000000000000000
00000000000000000000000000000000000000000000000000000000000000000000000000000000000000000000000000000000000000000000000000000000
00000000000000000000000011000000001111000011111011000110011111100011000000000000110000000011110000111000001110000000000000000000
00000000000000000000000011000000001111000111111011000110011111100011000000000000110000000111111000111000011111000000000000000000
00000000000000000000000011000000000110001110000011000110000110000000000000000000110000001100011000011000110011100000000000000000
00000000000000000000000011000000000110001100111011111110000110000000000000000000110000001100000000011000110001100000000000000000
00000000000000000000000011000000000110001110011011111110000110000000000000000000110000001110011000011000111001100000000000000000
00000000000000000000000011111100001111000111111011000110000110000011000000000000111111000111111000011000011111000000000000000000
00000000000000000000000011111100001111000011111011000110000110000011000000000000111111000011110000011000001110000000000000000000
00000000000000000000000000000000000000000000000000000000000000000000000000000000000000000000000000000000000000000000000000000000
00000000000000000000000000000000000000000000000000000000000000000000000000000000000000000000000000000000000000000000000000000000
00000000000000000000000000000000000000000000000000000000000000000000000000000000000000000000000000000000000000000000000000000000
00000000000000000000000000000000000000000000000000000000000000000000000000000000000000000000000000000000000000000000000000000000
00000000000000000000000000000000000000000000000000000000000000000000000000000000000000000000000000000000000000000000000000000000
00000000000000000000000000000000000000000000000000000000000000000000000000000000000000000000000000000000000000000000000000000000
00000000000000000000000000000000000000000000000000000000000000000000000000000000000000000000000000000000000000000000000000000000
00000000000000000000000000000000000000000000000000000000000000000000000000000000000000000000000000000000000000000000000000000000
00000000000000000000000000000000000000000000000000000000000000000000000000000000000000000000000000000000000000000000000000000000
00000000000000000000000000000000000000000000000000000000000000000000000000000000000000000000000000000000000000000000000000000000
