11111112222222222222222222222222222222222222222222233332210000000000000000000122211222222222222222333211111111111111112222222222
11111111222211222222222222222222222222212222222222222333321100000000000000000122211222222222222222232221111111112211112222222222
11111111122111222222222222222222222222222222222222222233332221100000000000001222221222212222222222222221111111112222222222222222
11111111112111222222222222222222222222222222222222222223333332210000000000001222222221112222222223222221122222112222222222222222
11100000000000000022222222222222222222220000000000322220000000002100000000002222211222222222222222111121000000002222200000000222
11103333333333333102220000000022222222220333333320223202333333302221100000000022211222211200000000111111033333302222023333330222
11103133133313313200200122221002222222220313313320222303331331302222200122221002222222222001222210012220231331310220223133130222
11103333333333333220013333333310222222210333333331022203333333302220013333333310222222200133333333102202233333330202223333330222
11101133333333311222233333333333122222220333333332022213333333302202233333333333122222022333333333331022233333331022213333330210
22111131333331311122233333333333302222220333333332022023333333302022233333333333302220222333333333333022133333332222113333330222
22112033333333321122223333333333320222220333333333022033333333302122223333333333320201222233333333333221133333333221113333330222
22222033333333321122223333333333331022220313333313122131333331300122223333333333331001222233333333333321131333313311113133130222
22222033333333321122222233333333333102220333333333102233333333301122222233333333333101222222333333333331133333333331113333330222
22222033333333321122222233333333333102220333333333203333333333301122222233333333333101222222333333333333133333333333113333330122
22222031333331321122222223333333333102220333333333202333333333301122222223333333333301222222233333333333133333333333313333330122
22222033333333231122222222333333333102220333333233311333323333301122222222333333333301222222223333333333133333333331323333330223
22222033333332231112222223333333333202220333333222211333223333301112222223333333333301122222233333333332133333332333333333320223
22222033333322231111122222223333333202220313312221222313222131301111122222223333333201111222222233333332133333322333333333220222
22222033333222231111122222222322322102220333322122222332212333201111122222222322322201111222222223223222131333121331333332120222
22222031332221231111111222222222222022220333222112222222112332201111111222222222222001111112222222222221133332221133333322220222
22222033322222233111111222222222222022220332222112222231112322200111111222222222222000111112222222222221133322221113333222220222
22200033222222233311111111222222221222220222222102222231012222200111111111222222221000111111112222222211133222221113332222220222
22202222222222222211111111112122210222220222222102232221012222200011111111112122210200011111111121222111122222221111322222220222
22202122122221221231111111111111102222220212212102122121012121202001111111111111102220001111111111111011122222221111132222220222
22202222222222222233111111111110022222220222222102222221012222202200111111111110022222000111111111100011121222120111112122120222
22200111111111111113311111111100222222220111111101111111011111102220001111111100222222220001111111002011122222220011112222220211
22222011111111111111300000000022222222220011111100111111011111002222200000000002222222222200000000022011111111100001111111110210
22222200000000000000002222222222222222222000000002000000200000022222222222222222222222223222222222222011111111002200111111100210
22222222222222222222222222222222222222222222222222222222222222222222222222222222222222222222222222222000000000002220000000002220
22222222222222222222222222222222222222222222222222222222222222222222222222222222222222222222222222222222222222222222222222222221
22222222222222222222222222222222222222222222222222222222222222222222222222222222222222222222222222222222222222222222222222222221
22222222222222222222222222222222222222222222222222222222222222222222222222222222222222222222222222222222222222222222222222222221
