22222222222222222222223320000000000000000000000000000000000000000000000000000000001333333333333333333333221100000000121000011222
22222222222222222222222332000000000000000000000000000000000000000000000000000000001333333333333333333333321100000000121100012222
22222222222222222222222333210000000000000000000000000000000000000000000000000000001333333333333333333333321000000000011100012112
22222212222222222222222233321000000000000000000000000000000000000000000000000000001333333333333333333333321000000000001110011112
22200000000000000022222223331000000000000000000000000000000000000000000000000000000333333333333333333333000000000000000000000111
22203333333333333102220000000000000000000333333320000002333333300000000000000000000333333300000000333333033333300000023333330022
22203133133313313200200122221001000000000313313320000003331331300000000122221000001333333001222210033330231331310000223133130012
22203333333333333220013333333310100000000333333331000003333333300000013333333310001333300133333333103302233333330002223333330011
22201133333333311222233333333333110000000333333332000013333333300002233333333333101333022333333333331022233333331022213333330121
22222131333331311122233333333333301000000333333332000023333333300022233333333333302230222333333333333022133333332222113333330221
22222033333333321122223333333333320100000333333333000033333333300122223333333333320201222233333333333221133333333221113333330221
22222033333333321122223333333333331000000313333313100131333331300122223333333333331001222233333333333321131333313311113133130221
22222033333333321122222233333333333100000333333333100233333333301122222233333333333101222222333333333331133333333331113333330220
22222033333333321122222233333333333102000333333333200333333333301122222233333333333101222222333333333333133333333333113333330220
22222031333331321122222223333333333102100333333333200333333333301122222223333333333301222222233333333333133333333333313333330220
22222033333333231122222222333333333103320333333233311333323333301122222222333333333301222222223333333333133333333331323333330221
22222033333332231112222223333333333202320333333222211333223333301112222223333333333301122222233333333332133333332333333333320221
22222033333322231111122222223333333202330313312221222313222131301111122222223333333201111222222233333332133333322333333333220221
22222033333222231111122222222322322102230333322122222332212333201111122222222322322201111222222223223222131333121331333332120222
22222031332221231111111222222222222022220333222112222222112332201111111222222222222001111112222222222221133332221133333322220222
22222033322222233111111222222222222022220332222112222231112322200111111222222222222000111112222222222221133322221113333222220222
11200033222222233311111111222222221222220222222102222231012222200111111111222222221000111111112222222211133222221113332222220222
11202222222222222211111111112122210222220222222102232221012222200011111111112122210200011111111121222111122222221111322222220222
11202122122221221231111111111111102222220212212102122121012121200001111111111111101220001111111111111011122222221111132222220222
11202222222222222233111111111110022222220222222102222221012222200000111111111110011222000111111111100011121222120111112122120222
11100111111111111113311111111100222222220111111101111111011111100000001111111100212222220001111111003011122222220011112222220222
11111011111111111111300000000022222222220011111100111111011111000000000000000002211222222300000000033011111111100001111111110222
11111100000000000000002222222222222222222000000002000000200000000000000000000122211222222222222222333011111111001100111111100222
11111111222211222222222222222222222222212222222222222333321100000000000000000122211222222222222222232000000000002210000000002222
11111111122111222222222222222222222222222222222222222233332221100000000000001222221222212222222222222221111111112222222222222222
11111111112111222222222222222222222222222222222222222223333332210000000000001222222221112222222223222221122222112222222222222222
11111111111112222222222222222222222222222222222222322222222222222100000000002222211222222222222222111121222222222222222222222222
