00000000000000000000000000000000000000000000000000000000000000000000000000000000000000000000000000000000000000000000000000000000
00000000000000000000000000000000000000000333333333300000000330000000000030000000333300000000000033330000000033330000000033333300
00000000000000000000000000000000000000000333333333300000003330000000000330000003333330000000000333333000000333333000000333333300
00000000000000000000000000000000000000000000000033000000033330221000000330000033300333000000003330033300003330033300000330000000
00000000000000000000000000000000000000000000000033000012000330333210003330000330000003300000033000000330033000000330000330000000
00000000000000000000000000000000000000000000000330000233330330333332003330000330000003300000033000000330033000000330000330000000
00000000000000000000000000000000000000000000000330013333330330333330033330000330000003300000033000000330033000000330003333333000
00000000000000000000000000000000000000000000003300133333330330333330330330000330000003300000033000000330033000000330003333333000
00000000000000000000000000000000010000000000003300333333330330333300330330000333000033300000033300003330033300003330003300003300
00000000000000000000000000000001333210000000033002333333330330222003300330000033333333000000003333333300003333333300000000000330
00000000000000000000000000000003333320000000033013333333320330000033300330000003333333000000000333333300000333333300000000000330
00000000000000000000000000000013333331000000330023333333330330210333000330000000003330000000000000333000000000333000000000000330
00000000000000000000000000000023221232000000330033333333330330330333333333300000003300000000000000330000000000330000000000000330
00000000000000000000000000000012211232000003300133333333330330330333333333300000033000000000000003300000000003300000003000003300
00000000000000000000000000000002111222000003301333330000330330330000000330000000330000000000000033000000000033000000033300033300
00000000000000000000000000000001111221120033001333330330330330333333330330000003300000000330000330000000000330000000003333333000
00000000000000000000000000000000012210120333022333330330330330333333330330000033000000000330003300000000003300000000000333330000
00000000000000000000000001222111011211220000012333320000330000333333330000000000000000000000000000000000000000000000000000000000
00000000000000000000000013333211211211221111112333223333233333323333233333000000000000000000000000000000000000000000000000000000
00000000000000000000001222333211111111111000012333233333323333323333313332000000000000000000000000000000000000000000000000000000
00000000000000000000001211222210110000000000002323233333333333223333322331000000000000000000000000000000000000000000000000000000
00000000000000000000001211122100100000001100111223233333332333233333322331000000000000000000000000000000000000000000000000000000
00000000000000000000001210111100110011112111211223233333332333233333322320000000000000000000000000000000000000000000000000000000
00000000000000000000001110000000111111112222222222223333333333233333323310000000000000000000000000000000000000000000000000000000
00000000000000000000000000000000000000000011111122200033333333333333223300000000000000000000000000000000000000000000000000000000
00000000000033300300000330030003033330333000000002003033333333332332233200000000003330003300300003000000000030000000000000000000
00000000000030030300003003003030030000300300000000033033333332232222333000000000003003030030300003000000000330000000000000000000
00000000000030030300003003000300030000300300000000003023333222222223332000000000003330030030300003000000000030000000000000000000
00000000000033300300003333000300033300333000000000003022222222222222210000000000003003033330300003000000000030000000000000000000
00000000000030000300003003000300030000303000000000003022222222222222100000000000003003030030300003000000000030000000000000000000
00000000000030000333303003000300033330300300000000003011222222222210000000000000003330030030333303333000000030000000000000000000
00000000000000000000000000000000000000000000000000000000001111110000000000000000000000000000000000000000000000000000000000000000
