00000000000000000000000000000000000000000000000000000000000000000000000000000000000000000000000000000000000000000000000000000000
00000000000000000000000000000000000000003333330000000000333330000000333330000003333330000000033333333330000333333000000033330000
00000000000000000000000000000000000000033333330000000003333333000003333333000033333333000000033333333330003333333300000333333000
00000000000000000000000000000000000000033000000000000033300033303033300033300033000033000000000000003300003300003300003300003300
00000000000000000000000000000000000000033000000000000033003003303033000003300330000003300000000000003300033000000330033000000330
00000000000000000000000000000000000000033000000000000033033303303000031003300330000003300000000000033000033000000330033000000330
00000000000000000000000000000000000000333333300000001000033303303333333003300333000033300000000000033000033300003330033000000330
00000000000000000000000000000000000000333333300000013333333003303333300033000033333333000000000000330000003333333300033000000330
00000000000000000000000000000000011000330000330000133333333033003333303333000003333330000000000000330000000333333000033000000330
00000000000000000000000000000001233320000000033000333333330033011111203333000033333333000000000003300000003333333300033000000330
00000000000000000000000000000002333332000000033001333333300330000000000033300333300333300000000003300000033330033330033000000330
00000000000000000000000000000003332233000000033002333333003300322222221003300333000033300000000033000000033300003330033000000330
00000000000000000000000000000002221120000000033003333330033003330000333303300330000003300000000033000000033000000330033000000330
00000000000000000000000000000002221100300000330023333300330033330330033003300330000003300000000330000000033000000330033000000330
00000000000000000000000000000001111103330003330100003003300000000333000033300333000033300000000330000000033300003330003300003300
00000000000000000000000000000000111100333333300103300033333333300033333333000033333333000330003300000000003333333300000333333000
00000000000000000000000000000000001220033333002203300333333333303000333330020003333330000330033300000000000333333000000033330000
00000000000000000000000001222111011120000000021200000000000000003320000000320000000000000000000000000000000000000000000000000000
00000000000000000000000012333321111121221111111223322333322333333223332333320000000000000000000000000000000000000000000000000000
00000000000000000000001232233221111111110100010233323333333333332233332233310000000000000000000000000000000000000000000000000000
00000000000000000000001211222211110000000000000232323333333333322333333133200000000000000000000000000000000000000000000000000000
00000000000000000000000110112110100000000100011122223333333233322233333133200000000000000000000000000000000000000000000000000000
00000000000000000000000210011100110001111111222122222333333233322333333233100000000000000000000000000000000000000000000000000000
00000000000000000000000110000000111111111222222222222333333233222233332233000000000000000000000000000000000000000000000000000000
00000000000000000000000000000000000000000011111111200022333233233233332231000000000000000000000000000000000000000000000000000000
00000000000033300300000330030003033330333000000000003032333322223233222320000000003330003300300003000000000030000000000000000000
00000000000030030300003003003030030000300300000000033022223222222322223310000000003003030030300003000000000330000000000000000000
00000000000030030300003003000300030000300300000000003022222222222222333200000000003330030030300003000000000030000000000000000000
00000000000033300300003333000300033300333000000000003022222222222222322000000000003003033330300003000000000030000000000000000000
00000000000030000300003003000300030000303000000000003022222222222222210000000000003003030030300003000000000030000000000000000000
00000000000030000333303003000300033330300300000000003001122222222222100000000000003330030030333303333000000030000000000000000000
00000000000000000000000000000000000000000000000000000000001122111000000000000000000000000000000000000000000000000000000000000000
