00000000000000000000000000000000000000000000000000000000000000000003333333333330000000000000000000000000000000000000000000000000
00000000000000000000000000000000000000000000000000000000000000000013333333333331000000000000000000000000000000000000000000000000
00000000000000000000000000000000000000000000000000000000000000000023333323333332000000000000000000000000000000000000000000000000
00000000000000000000000000000000000000000000000000000000000000000033323202333333000000000000000000000000000000000000000000000000
00000000000000000000000000000000000000000000000000001100000000000033113201333333000000000000000000000000000000000000000000000000
00000000000000000000000000000000000000000000000000012210110010110122023322333332000000000000000000000000000000000000000000000000
00000000000000000000000000000000000000000000000122222322222222232212012333333331000000000000000000000000000000000000000000000000
00000000000000000000000000000000000000000000000232222323333333333222101233333320000000000000000000000000000000000000000000000000
00000000000000000000000000000000000000000000012221111112211111123333320012333200000000000000000000000000000000000000000000000000
00000000000000000000000000000000000000001121122111111111111122212332332111232000000000000000000000000000000000000000000000000000
00000000000000000000000000000000000000110012222111111111111110122233333320020000000000000000000000000000000000000000000000000000
00000000000000000000000000000000000000000001222111111111110000001233333332001200000000000000000000000000000000000000000000000000
00000000000000000000000000000000000000000000122211111111100000000123223333211200000000000112222100000000000000000000000000000000
00000000000000000000000000000000000000000000013221111111000000000022223333331223210111012223323321000000000000000000000000000000
00000000000000000000000000000000000000000000002221111110000000000013312333332333122333222222333333200000000000000000000000000000
00000000000000000000000000000000000000000000002221011110000000000002312232111122123333332222233333310000000000000000000000000000
00000000000000000000000000000000000000000000002221001110000000000002321232101001223333332221223333320000000000000000000000000000
00000000000000000000000000000000000000000000002221001110000000000002221233202101222223333111123333331000000000000000000000000000
00000000000000000000000000000000000000000000002221011010000000000002211233203201222223333222112333332000000000000000000000000000
00000000000000000000000000000000000000000000002120011110000000000013212233202201122222333222211333332000000000000000000000000000
00000000000000000000000000000000000000000000022210000001000000000012212223213200112222333110111233333000000000000000000000000000
00000000000000000000000000000000000001000000122100001001000000000022112223333320112222332210001233333100000000000000000000000000
00000000000000000000000000000000000000100001211000001001110000001221122223333311112122332100001233332000000000000000000000000000
00000000000000000000000000000000000000001111110000001000011001111121222223332113221122222210001232332000000000000000000000000000
00000000000000000000000000000000000000000001121000000000001111111122222233221012300000000000000000031000000000000000000000000000
00000000000033300300000330030003033330333000022100003001111111012222233333210001203330003300300003021000000030000000000000000000
00000000000030030300003003003030030000300300001211033011111111122222333322000000103003030030300003020000000330000000000000000000
00000000000030030300003003000300030000300300000122003011122221222323332100000000003330030030300003000000000030000000000000000000
00000000000033300300003333000300033300333000000012203022222222222333221000000000003003033330300003000000000030000000000000000000
00000000000030000300003003000300030000303000000000003001111111111111000000000000003003030030300003000000000030000000000000000000
00000000000030000333303003000300033330300300000000003000000000000000000000000000003330030030333303333000000030000000000000000000
00000000000000000000000000000000000000000000000000000000000000000000000000000000000000000000000000000000000000000000000000000000
