22222222222222222222222222222222222222221112332211022222222222222222222222222222222222222222222222222222222222222222222222221122
22222222222222222222222222222222222222221101232221012222222222222222222222222222222222222222222222222222222221222222222222202223
22222222222222222222222222222222222222222100122221111222222222222222222222222222222222222222222222222222222222222222222222211223
22222233333222222222222222222222222222222111122222111222222222222222222222222222222222222222222222222222222222212222222222221222
22200000000000000022222222222222222222220000000000212220000000002222222222222222222222222222222222222222000000000122200000000222
22201111111111111102220000000022222222220111111100222200111111102222220000000022222222222200000000101122011111100122001111110222
22201111111111111000200100001002222222220111111100222201111111102222200100001002222222222001000010001220011111110120001111110222
22201111111111111000011111111110222222220111111111022201111111102220011111111110222222200111111111101200011111110200001111110222
22201111111111111000011111111111122222220111111110022211111111102200011111111111122222000111111111111000011111111000011111110222
22222111111111111100011111111111102222220111111110022001111111102000011111111111102220000111111111111000111111110000111111110222
22222011111111101100001111111111100222220111111111022011111111102100001111111111100201000011111111111001111111111001111111110222
22222011111111101100001111111111111022220111111111122111111111100100001111111111111001000011111111111101111111111111111111110211
22222011111111101100000011111111111102220111111111102011111111101100000011111111111101000000111111111111111111111111111111110210
22222011111111101100000011111111111102220111111111002111111111101100000011111111111101000000111111111111111111111111111111110210
22222011111111101100000001111111111102220111111111002111111111101100000001111111111101000000011111111111111111111111111111110220
22222011111111011100000000111111111102220111111011111111101111101100000000111111111101000000001111111111111111111111101111110221
22222011111110011110000001111111111002220111111000011111001111101110000001111111111101100000011111111110111111110111111111100221
22222011111100011111100000001111111002220111110001000111000111101111100000001111111001111000000011111110111111100111111111000221
22222011111000011111100000000100100102220111100100000110010111001111100000000100100001111000000001001000111111101111111110100222
22222011110001011111111000000000000022220111000110000000110110001111111000000000000001111110000000000001111110001111111100000222
22222011100000011111111000000000000022220110000110000011110100000111111000000000000000111110000000000001111100001111111000000222
22200011000000011111111111000000001222220000000100000011010000000111111111000000001000111111110000000011111000001111110000000222
22202222222222222211111111112122210222220222222102232221012222200011111111112122210200011111111121222111122222221111322222220222
22202122122221221231111111111111102222220212212102122121012121202001111111111111102220001111111111111011122222221111132222220222
22202222222222222233111111111110022222220222222102222221012222202200111111111110022222000111111111100011121222120111112122120222
22200111111111111113311111111100222222220111111101111111011111102220001111111100222222220001111111002011122222220011112222220222
22222011111111111111300000000022222222220011111100111111011111002222200000000002222222222200000000022011111111100001111111110222
22222200000000000000002222222222222222222000000002000000200000022222222222222222222222222222222222222011111111002200111111100221
22222221112222222222222222222222222222222222222222222222222222222222222222222222222222222222222222222000000000002220000000002222
22222211112222222222222222222222222222222222222222222222222222222222222222222222222222222222222222222222222222222222222222222222
22222222222222222222222222222222222222222222222222222222222222222222222222222222222222222222222222222222222222222222222222222221
22222222222222222222222222222222222222222222222222222222222222222222222222222222222222222222222222222222222222222222222222222221
