00000100000000000000000000000000000000000000000000000000000000000000000000000000000000000000000000000000000000000000000000000000
00001110000000000100000000033000000033333000000033333300000000003333300000033000000033333000000000033000000033333000033333333330
00000100000000000000000000333000000333333300000333333300000000033333330000333000000333333300000000333000000333333300033333333330
00000000000000000000000003333000003330003330000330000000000000333000333003333000003330003330100003333000003330003330000000003300
00000000000000000000000000033000003300000330000330000000010000330000033000033000003300000330000000033000003300000330001000003300
00000000000000000000000000033000003300000330000330000000000000000000033001033000000000000330000000033000000000000330000000033000
00000000000000000000000000033000000000000330003333333000000000000000033000033000001000000330000000033000000000000330000000033000
00000000100000000000000000033000000000000330003333333000000000001000330000033000000000003300000000033000100000003300000000330000
00000000000000000000000000033000000000003300003300003300000000000033330000033000000000333300000000033000000000333300000000330000
00000000000000000000000000033000000000003300100000000330100010000033330000033000000000333300000000033000000000333300000003300000
00000000000000000000000000033000000000033000000000000330000000000000333000033000000000003330000000033000000000003330000003300000
00000000000000000000000000033000000000330000000000000330000000000000033000033000000000000330000000033000000000000330000033000000
00000000000000000000000000033000000003300000000000000330001000000000033000033000000000000330000000033000000000000330000033000000
00000000000000000100000000033000000033000000003000003300000003300100033000033000033000000330000000033000033000000330000330000000
00000000000000000000000000033000000330000000033300033300000003330000333000033000033300003330000000033000033300003330000330000000
00000000000000000000000000033000003333333330003333333000033000333333330000033000003333333300033010033000003333333300003300000000
00000000000000000000000000033000033333333330000333330000033000003333300000033000000033333000033000033000000033333000033300000000
00000000001000000000000000000000000000000000000000000000000000000000000000000000000000000000000000000000000000000000000000000000
00000100000000000000000000000000000000000100000000000000000000100000000000100000000000000000000000000000000000000000000000000000
00000000000000000000000000000000000000000000000000000000000000000000000000000000000000000000000000000000000000000000000000000000
00000000000000000000000000000000000000000000000000000100010000000001000000000000000000000000000000000000000000000000000000000000
00000000000000000001000000000000000000000000000000000000000000000000000000000000100000000000000000000000000000000000000000000000
00000000000000000000000000000000000000000000001000000000000000000100000000000000000000000000000000000000000000000000000000000000
00000000000000000000000000000000000000000000000000000000000000000000000000000000000000000000000000000000000000000000000000000000
00000000000000000000000000000000000000000000000000000001000000100000000000000000000000000000000000000000000000000000000000000000
00000000000000330300300330003300333000330033300000003000000000000000001000000000000333000330030000033000000330000000000000001000
00000000000000030300303003030030300303003030030000033000000000000010000000000000000300303003030000300300003003000000000000000000
00000000000000030300303000030030300303003030030000003000000000100000000000000000000333003003030000300300000003000000000000000000
00000000001000030300303033033330300303003033330000003000010000000000000000000000000300303003030000333300000330000000000000000000
00000000000030030300303003030030300303003030300000003000000000000000000000000000000300303003030000300300003000000000000000000000
10000000000003300033000330030030333000330030030000003000000000000000000100000000000333000330033330300301003333000010000000000000
00000000000000000000000000000000000000000000000000000000000000000000100000000000100000000000000000000010000000000000000000100000
