00000000000000000000000000000000000000000000000000000000333333333333222333222310000011220000000000000000000000000000000000000000
00333000000000000300000003003330030000000300030003000000333333333333333333321210000111220000000000000000000000000000000000000000
00333000000000003030000030003000303000003030303030300000121111222233333333331221011112320000000010000000000000000000000000000000
00033000000000000030000030303300003000000030030030300000232000121133323333332112112222321122111132211122110000000000000000000000
00033000000000000300000033300030030000000300003030300000212000021123301111232222222222222233322133323333332100000000000000001000
00033000000000003000000000303030300000003000303030300000000000011012110100011233322222222223333233333333333321000000000001112100
00033000000000003330030000300300333003003330030003000000000001000001110000001233332222222112333333333333333333100000000112223200
00033000000000000000000000000000000000000000000000000000000022221111100000002233222233321111233333333333333333321010001122223200
00000000000000002333112333333333320000112222222333332110000133333333221000003333212222211110133333333333333333331123222223223200
00000000000000002332111333333333320001012222222322332210000133333333332100002333333332111100223333333333333333332133332233322200
00000000000000002332112333333333310000112222222222232210000133333333332100001233333332111101222333333323333333333122111133322100
00000000000000002332112333333333310001112222222222232210000133333333332100001122221221111001222333322333223333333222100122221100
00000000000000012332112333333333310000112221222222232220000133333333332200000111110111111001222222222233223333333333211111111100
00000000000000012332112333333333200000012222222222232220000133333333332200001111111011111001122222222223333333333333332222222100
00000000000000023332113333333333200000012222222222232220000023333333332100001111110011111001111222222222222333333332332233322200
00000000000000023332113333333333100000012222222222233220000023333333332100000111110011111001112222222222222333333322221233322200
00000000000000123321123333333332000000012222222332233321000133333333332200000111110100111001112222222222222333333211221122212100
00000000000000123321123333333331000000012221222222233221000133333333333200001111100111111000111122222222222333333222222212200000
00000000000000233221133333333320000000112222122222333332212333333333333221111111000111111000111222222222223333333333333322200000
00000000000001233211233333333210000000112222223323333333333333333333333333320000000011110100112222122212223333333333223321100000
00000000000001332211233333333100000000112122222222333333333333333333333333320000001011111100122222122222233333322333212331000000
00000000000002332111233333321000000001122222222222233333333333333333333333321100001011111111022222222222223333311233321232100000
00000000000013322112333333320000000012222222222222233333333333333333333223322210111111111111133222222222233333321123332233200000
00000000000123221112333332200000000122222222222222233333333333333333333323222221011111111111233212222232322233332113333223320000
00000000001200000000000000000000000000000000002222300033333333333333233323322222111000000000000000000033320000333112333212210000
00000000012000330300300330003300333000330033300223003032333333333333233223333322110333000330030000033003300330032102222111110000
00000011223000030300303003030030300303003030030233033023333333333322333333333333210300303003030000300302203003011001111111111000
12111222222000030300303000030030300303003030030333003033333333333333333333333333200333003003030000300301000030000000011111111100
01222222111000030300303033033330300303003033330333303033333333333333333333333333100300303003030000333300000003000000000111111100
00111111111030030300303003030030300303003030300333303033333333333233333332222111000300303003030000300300003003000000000011001000
01001111111003300033000330030030333000330030030333303033333333333212111111000000000333000330033330300300000330000000000000001100
01111111111100000000000000000000000000000000003333300033333333322000000000000000000000000000000000000000000000000000000000000000
