00000000000000000000000000000000000000000000000000000000000000000000100000000000000000000000000000000000000100000000000000000000
00333000030003003330000033300300030000000300030033300000000000000001000000000000000000000000000000000000000000000000000000000000
00333000330030303000000030003300303000003300303000300000000000000000000000000000000000000000000100000000000000000000000000000000
00033000030000303300000033000300030000000300030003000000000000000000000000000000000000000000001110000000000000000000000000000000
00033000030003000030000000300300003000000300003003000000000000000000000000000000000000000000000100000000000000000000000000000000
00033000030030003030000030300300303000000300303030000000000000000000000000000000000000000000000000000000000000000000000000000000
00033000030033300300030003000300030003000300030030000000000000000000000000000000100000000000000000000000000000000000000000000000
00033000000000000000000000000000000000000000000000000000000000000000010000000000010000000000000000000000000000000000000000000000
00000000000000000000000000000000000000000000000000000000000000000100000000000000100000000000000000000000000000000000000001000000
00000000000000000000000000000000000000000000000000000000000000000000000000000000000000000000000000000000000000000000000011100000
00000000000000000000000000000000000000000000000000000000001000100000000000000000000000000010000000000000000000000000000001000000
00000000000101000000000000000000000000000000000000000000000000000000001000000000000000000100000000000000000000000000000000000000
00000000000010000000000000000000000000000000000000000000000000000000000000000000000000000000000000000000000000000000000000000000
00000000000000000000000000000000000010000000000000000000000100010000100000000000000000000000000000000000000100000000000000000000
00000000000000000000000000000000000001000000000000000000000000000010000000010000000000000000000000000000001110000000000000000000
00000000000000000000000000000000000000000000000000000000000000000000000000001000000000000000000000000000000100000000000000000000
00000000000000000000000000000000000000000000000000000000000001000000000000000000000000000000000000000000000000000000000000000000
00000000000000000000000000000000000000000000000000000000000000000000000000000000000000000000001000000000000000000000000000000000
00000000000000000000000000000000000000000000000000000000000000000000001000100000010000000000000000000000000000000000000000000000
00000000000000000000000000000000100000000000100000000000100100000000100000000000000000000000000000000000000000000000000000000000
00000000000000000000000000000001000000000000010000000000000000000000000000000000010000000000000000000000000000000000000000000000
00000000000000000000000000000000100000000000000000000000000000000000000000000000000000000000000000000000000000000000000000000000
00000000100000000000000000000000000000000000000000000000000000000000000000000000000000000000000000000000000000000000000000000000
00000001110000000000000000000000000000000000000000000000010000010000000000000000000000000000000000000000000000000000000000000000
00000000100000000000000000000000000000000000000000000000000000000000000010000000000000000000000000000000000000000000000000000000
00000000000033300300000330030003033330333000000000003000000000000000000100000000033303030333033000300000330003003000300000000000
00000000000030030300003003003030030000300300000000033000000000010000000000000000030003030030030303030000303030303000300000000000
00000000000030030300003003000300030000300300000000003010000000001000000000000000030000300030030303030000330030303000300000000000
00000000000033300300003333000300033300333000010000003011000000000000000000010000033000300030033003330000303033303000300000000000
00000000000030000300003003000300030000303000111000003010000000000000000000001000030003030030030303030000303030303000300000000000
00000000000030000333303003000300033330300300010000003000000000000000000000000000033303030030030303030000330030303330333000000000
00000000000000000000000000000000000000000000000000000000000000000000000000000000000000000000000000000000000000000000000000000000
