00000000000000000000000000000000000000000000000000000000000000011100000000000000000000000000000000000000000000000000000000000000
00333000030003003330000033300300030000000300030033300000000000001000000000000000000000000000000001000000000000000000000000000001
00333000330030303000000030003300303000003300303000300000000000000000000000000000000000000000000011100000000000000000000000000011
00033000030000303300000033000300030000000300030003000000010000000000000000000000000000000000000001000000000000000000000000000001
00033000030003000030000000300300003000000300003003000000000000000000000000001000000000000000000000000000000000000000000000000000
00033000030030003030000030300300303000000300303030000000000000000000010000000000000000100000000000000000000000000000000000000000
00033000030033300300030003000300030003000300030030000000000000001000000000000000000000000000000000000000000000010000000000000000
00033000000000000000000000000000000000000000000000000000000000000000000000000001000000000000000000000000000000000000000000100000
00000000000000000000000100000000000000000100000000000001000000000000000000000000000000000000000000000000000000000000000000000000
00000000000000000000000000000000000000000000000000000000000010000000000000000000000000000000000000000000000000000000000000000000
00000000000000000000000000000000000000000000000000000000000000000000000100000000000000000000010000000000000000000000000000000000
00000000000000000000000000000000000000000000000000000000000000000000000000000000000000000000000000000000000000000000000000000000
00000000000000000000000000000000001000000000000010000000101000100000000000000000000000000000000000000000000000000000000000000000
00000000001000000000000000000000000000000000000000000000000001000010100000000000000000100000000000000000000000000000000000000000
00000000000000000000000000000000000000000000000000000000000000000000000000000000000000000000000000000000000000000000000000000000
00000000000000000000000000000000000000000000000000000000000000000000000100000001000000000000000000000000000000000000000010000000
00000000000000000000001000000000000000000000000000000000000100000000000010000000000000000000000000000010000000000000000000000000
00000000000000000000000000000000000000000000010000001000000000000000000000000000000000000000000000000000000000000000000000000000
00000000000000000000000000000000100000000000000000000000000000000010000100000000000000000000000000000000000000000000000000000000
00000000000000000000000000000000000000100000000000000000001000000000100010001000000000000000000000000000000000000000000000000000
00000000000000000000000000000000000000000000000000000000000000100000000000000000000000000000000000000000000000000000000000000000
00000000000000000000000000000000000000000000000000001000010000000000010000000000000000000000000000000000000000000000000000000000
00000000000000000000000000000000000000000000000000000000000000000000000000000000000100000010000000000000000000000100000000000000
00000000000010000000000000000000000000000000000000000000000000000000000000000001000000000000000000000000000000000000000000000000
00000000000000000000000000000000000000000000000000000000000000000100000000000000000000000000000000000000000000000000000000000000
00000000000000330300300330003300333000330033300000003010000000100000000000000000033000300300003000033303030333033000300000000000
00000000000000030300303003030030300303003030030000033000000000000000000000000000030303030300030300030003030030030303030000000000
00000000000000030300303000030030300303003030030000003000000000000000000100000000033003030300030300030000300030030303030000000000
00000000000000030300303033033330300303003033330000003000000000000000000000000000030303030300033300033000300030033303330000000000
00000000000030030300303003030030300303003030300000003000000000010001000000001000030303030300030300030003030030033003030000000000
00100000000003300033000330030030333000330030030000003000010000111000000000000000033300300333030300033303030030030303030000000000
00000000000000000000000000000000000000000000000000000000000000010000000000000000000000000000000000000000000000000000000000000000
