00000000000000000000000000000000000000000000000000000000000000000000000000000000000000000000000000000000000000000000000000000000
00000000000000000000000000000000000000000000000000000000000000000000000000000000000000000000000000000000000000000000000000000000
00000333333000330000330033000033033333333000333330000033333000000033333300000333000033333330033333333033003333330000003330000000
00000311111100311000311031100031131111111103311111000331111100000031111110000311100031111111031111111131103111111000003111000000
00000311111110311000311031110031101111111133111111100311111110000031111111003311100031111111101111111131103111111100033111000000
00000311003110311000311031111031100031100031110001110311000110000031100311003113110031100031100031100031103110001110031131100000
00000311333110311000311031111031100031100031100003110311333000000031133311003113110031133331100031100031103110003110031131100000
00000311111110311000311031131131100031100031100003110011111100000031111111033110110031111111000031100031103110003110331101100000
00000311111100311000311031101131100031100031100003110001111110000031111110031133311031111110000031100031103110003110311333110000
00000311000000311003311031103111100031100031100033110330003110000031100000031111111031100111000031100031103110033110311111110000
00000311000000011133111031100111100031100001113331110311333110000031100000331111111031100311000031100031103113331113311111110000
00000311000000001111110031100011100031100000111111100011111110000031100000311000031131100011100031100031103111111103110000311000
00000011000000000111100001100001100001100000011111000001111100000001100000011000001101100001110001100001100111111000110000011000
00000000000000000000000000000000000000000000000000000000000000000000000000000000000000000000000000000000000000000000000000000000
00000000000000000000000000000000000000000000000000000000000000000000000000000000000000000000000000000000000000000000000000000000
00000000000000000000000000000000000000000000000000000000000000000000000000000000000000000000000000000000000000000000000000000000
00000000000000000000000000000000000000000000000000000000000000000000000000000000000000000000000000000000000000000000000000000000
00000000000000000000000000000000000000000000000000000000000000000000000000000000000000000000000000000000000000000000000000000000
00000000000000000000000000000000000000000000000000000000000000000000000000000000000000000000000000000000000000000000000000000000
00000000000000000000000000000000000000000000000000000000000000000000000000000000000000000000000000000000000000000000000000000000
00000000000000000000000000000000000000000000000000000000000000000000000000000000000000000000000000000000000000000000000000000000
00000000000000000000000000000000000000000000000000000000000000000000000000000000000000000000000000000000000000000000000000000000
00000000000000000000000000000000000000000000000000000000000000000000000000000000000000000000000000000000000000000000000000000000
00000000000000000000000000000000000000000000000000000000000000000000000000000000000000000000000000000000000000000000000000000000
00000000000000000000000000000000000000000000000000000000000000000000000000000000000000000000000000000000000000000000000000000000
00000000000000000000000000000000000000000000000000000000000000000000000000000000000000000000000000000000000000000000000000000000
00000000000000000000000000000000000000000000000000000000000000000000000000000000000000000000000000000000000000000000000000000000
00000000000000000000000000000000000000000000000000000000000000000000000000000000000000000000000000000000000000000000000000000000
00000000000000000000000000000000000000000000000000000000000000000000000000000000000000000000000000000000000000000000000000000000
00000000000000000000000000000000000000000000000000000000000000000000000000000000000000000000000000000000000000000000000000000000
00000000000000000000000000000000000000000000000000000000000000000000000000000000000000000000000000000000000000000000000000000000
00000000000000000000000000000000000000000000000000000000000000000000000000000000000000000000000000000000000000000000000000000000
