00000000000000000000000000001000000000000000000000000000000000000000000000000000000000000000000000000000000000000000000000000000
00000000000000000000000000000000000000000000300000003333300000000000333330000000333300000003300000100003300000003333300000033000
00000000000000000000000000000000000000000003300000033333330000000003333333000003333330000033300000000033300000033333330000333000
00000000000000000000000000000000000000000003300000333000333000000033300033300033300333000333300000000333300000333000333003333000
00000000000000000000000000000000000000000033300000330000033000000033001003300330000003300003300000000003300000330000033000033000
00000000000000000000000000000000010000000033300000000000033000000033000003300330000003300003300000000003300000330000033000033000
00000000000000000000000000000000000000000333300001000000033000001000000003300330000003300003300000000003300000000100033000033000
00000000000000000000000000000000000000003303300000000000330000000000000003300330000003300003300000000003300000000000033000033000
00000000000000000000010000000000000000003303300000000033330000000000000033000333000033300003300000000003300000000000330000033000
00000000000000000000000000000000000000033003300000000033330010000000000033000033333333000003300000000003300000000000330000033000
00000000000000000000000000000000000000333003300000000000333000000000000330000003333333000003301000000003300000000003300000033000
00000000000000000000000000000000000003330003300000000000033000000000003300000100003330000003300000000003300000000033000000033000
00000000000000000000000000000000010003333333333000000000033000000000033000000000003300000003300000000003300000000330000000033000
00000000100000000000000000000000000003333333333003300000033001000000330000000000033000010003300000000003300000003300000000033000
00000000000000000000000000000000000000000003300003330000333000000003300000000000330000000003300000000003300000033000000000033000
00000000000000000000000000000000000000000003300000333333330003300033333333300003300000000003300003300003300000333333333000033000
00000000000000000000010000000000000000000003300000003333300003300333333333300033000000000003300003300003300003333333333000033000
00000000000000000000000000000000000000000000000000000000000000000000000000000000000000000000000000000000000000000000000000000000
00000000000000000000000000000001000000000000000000000000001000100000000000000000000000000000000000000000000000000000000000000000
00000000000000000000000000000000000000000000000000000000000000000001000000001000000000000000000000000000000000000000000000000000
00000000000000000000000000000000000001000000000000000000000000100000000010000000000000000000000000000000000000000000000000000000
00000000000000000000000000000000000000000000000000000000100000000000000000000000000000000000000000000000000000000000000000000000
00000000000000000000000000000000000000000000000000010000000000000000010000000000000010000000000000000000000000000001000000000000
00000000001000000000000000000000000000000000000000000000000000000000000000000000000000000001000000000000000000000000000000000000
00000000000000000000000000000000000000000001000000000000000000000010000000000000100000000000000000000000000000000000000000000000
00000000000033300300000330030003033330333000000000003000000000000000000000000000003330003300300003000000000030000000000000000000
00000000000030030300003003003030030000300300000000033010000000100000000000000000003003030030300003000000000330000000000000000000
00000000000030030300003003000300030000300300000001003000000000000000000010000000003330030030300003001000000030000000000000000000
00000000000033300300003333000300033300333000000000003000000000000000000000000000003003033330300003000000000030000000000000000000
00000000000030000300003003000300030000303000000000003000000000000001000000000000003003030030300003000000000030000000000000000000
00000000000030000333303003000300033330300300000000003000000000000000000000000100003330030030333303333000000030000000000000000000
10000000000000000000000000000000000000000000000000000000100000010000000000000000000000000000000000000000000000000000000000000000
