00000000000000000000000000000000000000000000000000000000000000000000000000000000000000000000000000000000000000000000000000000000
00000000001000000000000110000001100000001111000000000000111100000000111100000000111100000000000011110000000011110000000011110000
00000000011100000000001110100011100100011111100000000001111110010001111110000001111110000000000111111000000111111000000111111000
00000000001000000000011110000111100000110000110000000011000011000011000011000011000011000000001100001100001100001100001100001100
00000000000000000000000110000001100001100000011000000110000001100110000001100110000001100001011000000110011000000110011000000110
00000000000000000000000110000001100001100000011000000110000001100110000001100110000001100000011000000110011000000110011000000110
00000000000000000000000110000001100001100000011000000110000001100110100001100110000001100000011000000110011000000110011000000110
00000000001000000000000110000001100001100000011000010110000001100110000001100110000001100000011000000110011000000110011000000110
00000000000000000000000110000001100001100000011000000110000001100110000001100110000001100000011000000110011000000110011000000110
00000000000000000000000110000101100001100000011000000110100001100110000001100110000001100000011000000110011000000110011000000110
00000000000000000000000110000001100001100000011000000110000001100110001001100110000001100000011000000110011000000110011000000110
00000000000000000000000110000001100001100000011000000110000001100110000001100110000001101000011000000110011000000110011000000110
00000000000000000000000110000001100001100000011000100110010001100110000001100110000001100000011000000110011000000110011000000110
00000000000000000001000110000001100001100000011000000110000001100110000001100110010001100000011000000110011000000110011001000110
00000000000000000000000110000001100000110000110000000011000011000011000011000011000011000000001100001100001100001100001100001100
00000000000000000000000110000001100000011111100001100001111110000001111110001001111110000110000111111000000111111000000111111000
00000000000000000000000110000101100000001111000001100100111100000000111100000000111100000110000011110000000011110000000011110000
00000000000000000000000000000000000001000000000000000000000000000000000000000000000000000000000000000000000000000000000000000000
00000000000000000000000000000000000000000010000000000000000000100000001001000000000000000000000000000000000000000000000000000001
00000000000000000000000000000000000000000000000000000000000000000000000000000000000000000000000000000000000000000000000000000000
00000000000000000000000000000000000000000000000000000100000000000000000000000000000001000000000000000000000000000000000000000000
00000000000000000000010000000000000000000000000000000000000000000000000000000100000000000000000000000000000000000000000000000000
00000000000000000000000000000000000000000000000100000000000000000100000000000000000000000000000000000000000000000000000000000000
00000000000000000000000000000000000000000000000000000000100000100000000000000000000000000000000000000000000000000000000000000000
00000000000000000000000000000000000000000000000000000001000000000000001000000000000000000000000000000000000000000000000000000000
00000000000000110100100110001100111000110011100000001000000000000000000000000000011000100100001000011101010111011000100000000000
00000000000000010100101001010010100101001010010000011000000000000100000000100000010101010100010100010001010010010101010000000000
00000000000000010100101000010010100101001010010000001000001000010000000000000000011001010100010100010000100010010101010000000000
00000000000000010100101011011110100101001011110100001000000000000000000000000000010101010100011100011000100010011101110000000000
00000000000010010100101001010010100101001010100000001000000000000000000000000000010101010100010100010001010010011001010000000000
01000000000003300033000330030030333000330030030000003000000000000000000100000000033300300333030300033303030030030303030000000000
11100000000000000000000000000000000000000000000000000000000000000000100000000000000000000000000000000000000000000000000000000000
