00000000000000000000000000000000000000000000000000000000000000000000000000000000000000000000000000000000000000000000000000000000
00000000000000000000000000000000000000000000000000000000000000000000000000000000000000000000000000000000000000000000000000000000
00000000000000000000000000000000000000000000000000000000000000000000000000000000000000000000000000000000000000000000000000000000
00000000000000000000000000000000000000000000000000000000000000000000000000000000000000000000000000000000000000000000000000000000
00111111111111110000000000000000000000000000000000000111110000000000000000000000000000000000000000000000010000000000000000000000
00011111111111111100000000000000000000000000000000000011111000000000000000000000000000000000000000000000111000000000000010000000
00000111110000011110000000000000000000000000000000000011111000000000000000000000000000000000000000000000111000000000000111000000
00000111110000001111000000000000000000000000000000000011111000000000000000000000000000000000000000000001111100000000000111000000
00000111110000001111100000000000000000000000000000000011111000000000000000000000000000000000000000000001111100000000001111000000
00000111110000001111100000000000000000000000000000000011111000000000000000000000000000000000000000000010111110000000111111000000
00000111110000001111100000001111000001111100111100000011111000001111110000111111100011110000000000000011111110000001111111110000
00000111110000011111100000111111110000111111111110000011111000110111111000011111110001111000000000000011011110000000111111111000
00000111110000111111000001111100111000111111111111000011111001111000111100001111100001110000000000000101011111000000011111000000
00000111111111111110000001111000111000111111000111100011111001111100111110001111100001100000000000000110011111000000011111000000
00000111111111111100000011111000111100111110000111100011111000111101111110000111110010100000000000001010001111100000011111000000
00000111110011111000000011111111111100111110000111110011111000011010111110000111110011000000000000001100001111100000011111000000
00000111110011111000000011111111111100111110000111110011111000001101111110000011111101000000000000010100000111100000011111000000
00000111110001111100000011111000000000111110000111110011111000011110111110000011111110000000000000011111111111110000011111000000
00000111110000111110000011111000000000111110000111110011111000111100111110000001111110000000000000011111111111110000011111000000
00000111110000011111000011111000001000111110000111110011111001111100111110000001111110000000000000101000000011111000011111000000
00000111110000011111000001111100010100111110000111100011111001111101111110000000111100000000000001110000000011111000011111011000
00000111110000001111100000111111101000111110001111100011111001111110111110000000111100000000000011110000000001111100001111111100
00111111111100000111111000011111110000111111111111000111111000111111011111000000011000000000000111111000001111111110000111111000
00011111111110000011111100001111100000111110111110000011111100011110001110000000011000000000000011111100000111111111000011110000
00000000000000000000000000000000000000111110000000000000000000000000000000000000101000000000000000000000000000000000000000000000
00000000000000000000000000000000000000111110000000000000000000000000000000011100110000000000000000000000000000000000000000000000
00000000000000000000000000000000000000111110000000000000000000000000000000111111010000000000000000000000000000000000000000000000
00000000000000000000000000000000000000111110000000000000000000000000000000111111100000000000000000000000000000000000000000000000
00000000000000000000000000000000000001111110000000000000000000000000000000011111100000000000000000000000000000000000000000000000
00000000000000000000000000000000000000111111000000000000000000000000000000001111000000000000000000000000000000000000000000000000
00000000000000000000000000000000000000000000000000000000000000000000000000000000000000000000000000000000000000000000000000000000
00000000000000000000000000000000000000000000000000000000000000000000000000000000000000000000000000000000000000000000000000000000
