00000000000000000000000000000000000000000000000000000000000000000000000000000000000000000000000000000000000000000000000000000000
00000000001000000003300000000000300000003333000000000000000033000000333300000000333300000000000033330000000033330000000033330000
00000000011100000033300000100003300100033333300000000000000330010003333330000003333330000000000333333000000333333000000333333000
00000000001000000333300000000003300000330000330000000100003300000033000033000033000033000000003300003300003300003300003300003300
00000000000000000003300000000033300003300000033000000000033000000330000003300330000003300001033000000330033000000330033000000330
00000000000000000003300000000033300003300000033000000000330000000330000003300330000003300000033000000330033000000330033000000330
00000000000000000003300000000333300003300000033000000003333300000330100003300330000003300000033000000330033000000330033000000330
00000000001000000003300000003303300003300000033000010033333330000330000003300330000003300000033000000330033000000330033000000330
00000000000000000003300000003303300003300000033000000033300333000330000003300330000003300000033000000330033000000330033000000330
00000000000000000003300000033003300003300000033000000333000033300330000003300330000003300000033000000330033000000330033000000330
00000000000000000003300000333003300003300000033000000330000003300330001003300330000003300000033000000330033000000330033000000330
00000000000000000003300003330003300003300000033000000330000003300330000003300330000003301000033000000330033000000330033000000330
00000000000000000003300003333333333003300000033000100330010003300330000003300330000003300000033000000330033000000330033000000330
00000000000000000003300003333333333003300000033000000333000033300330000003300330010003300000033000000330033000000330033001000330
00000000000000000003300000000003300000330000330000000033300333000033000033000033000033000000003300003300003300003300003300003300
00000000000000000003300000000003300000033333300003300003333330000003333330001003333330000330000333333000000333333000000333333000
00000000000000000003300000000103300000003333000003300100333300000000333300000000333300000330000033330000000033330000000033330000
00000000000000000000000000000000000001000000000000000000000000000000000000000000000000000000000000000000000000000000000000000000
00000000000000000000000000000000000000000010000000000000000000100000001001000000000000000000000000000000000000000000000000000001
00000000000000000000000000000000000000000000000000000000000000000000000000000000000000000000000000000000000000000000000000000000
00000000000000000000000000000000000000000000000000000100000000000000000000000000000001000000000000000000000000000000000000000000
00000000000000000000010000000000000000000000000000000000000000000000000000000100000000000000000000000000000000000000000000000000
00000000000000000000000000000000000000000000000100000000000000000100000000000000000000000000000000000000000000000000000000000000
00000000000000000000000000000000000000000000000000000000100000100000000000000000000000000000000000000000000000000000000000000000
00000000000000000000000000000000000000000000000000000001000000000000001000000000000000000000000000000000000000000000000000000000
00000000000033300300000330030003033330333000000000003000000000000000000000000000033303030333033000300000330003003000300000000000
00000000000030030300003003003030030000300300000000033000000000000100000000100000030003030030030303030000303030303000300000000000
00000000000030030300003003000300030000300300000000003000001000010000000000000000030000300030030303030000330030303000300000000000
00000000000033300300003333000300033300333000000100003000000000000000000000000000033000300030033003330000303033303000300000000000
00000000000030000300003003000300030000303000000000003000000000000000000000000000030003030030030303030000303030303000300000000000
01000000000030000333303003000300033330300300000000003000000000000000000100000000033303030030030303030000330030303330333000000000
11100000000000000000000000000000000000000000000000000000000000000000100000000000000000000000000000000000000000000000000000000000
