00000000000000000000000000000000000000000000000000000000000000000000000000000000000000000000000000000000000000000000000000000000
00000000000000000000000000000000000000000000000000000000000000000000000000000000000000000000000000000000000000000000000000000000
00000000000000000000000000000000000000000000000000000000000000000000000000000000000000000000000000000000000000000000000000000000
00000000000000000000000000000000000000000000000000000000000000000000000000000000000000000000000000000000000000000000000000000000
00000000000000000000000000000000000000000000000000000000000000000000000000000000000000000000000000000000000000000000000000000000
00000000000000000000000000000000000000000000000000000000000000000000000000000000000000000000000000000000000000000000000000000000
00003333000000333333000033033003333300000033333300033330333300330330033333330000000000333000333330000333330003333033333333000000
00003333000000333333000033333003333330000033333300033330333300333330033333330000000003333300333333000333333003333033333333000000
00003111100000311111100331131103111110000031111110031111311113311311031111111000000033311130311111000311111303111131111111100000
00003111100000311111100331111103111111000031111110031111311113311111031111111000000033111110311111100311111103111131111111100000
00003111100000311111100311111103111111000031111110031111311113111111031111111000000031111111311111100311111113111131111111100000
00000111100000011111100311111100111111100001111110001111011113111111001111111000000031111111011111110011111110111131111111100000
00000111100000011111100311111100111111100001111110001111011113111111001111111000000031111111011111110011111110111131111111100000
00000311000000331111000311001100311031100033111100003111031103110011003110011000000031100311031103110031103110311001131101100000
00000311000000331011000311331100311331100033101100003111131103113311003113011000000031100311031133110031133110311001131101100000
00000311000000311331000311333300311301000031133100003111131103113333003113000000000031100311031130100031111110110000000000000001
10000000000000000000000000000000000000000000000000000000000000000000000000000000000000000000000000000000000000000000000000000001
10000000000000000000000000000000000000000000000000000000000000000000000000000000000000000000000000000000000000000000000000000001
10000000000000000000000000000000000000000000000000000000000000000000000000000000000000000000000000000000000000000000000000000001
10000000000000000000000000111000011000000000000111111100000000000000000000000000000000000000111111100000000000111001110000000001
10000001100000000000000000011000011001100000000011000100000000000001000000000000000000000000011001110000000000011000110000000001
10000001100000000000000000011000000001100000000011000000000000000011000000000000000000000000011000110000000000011000110000000001
10000011111000011110000000011000111011111000000011000000111101110111110011101100111100000000011000100001111000011000110000000001
10000001100000110011000000011000011001100000000011111100011000100011000001110101000110000000011111000010001100011000110000000001
10000001100001100001100000011000011001100000000011000000001101000011000001100000000110000000011000110000001100011000110000000001
10000001100001100001100000011000011001100000000011000000000110000011000001100000001110000000011000011000011100011000110000000001
10000001100001100001100000011000011001100000000011000000001011000011000001100000110110000000011000011001101100011000110000000001
10000001100000110011000000011000011001100000000011000010011001100011000001100001100110000000011000111011001100011000110000000001
10000000111100011110000000111100111100111100000111111110111011110001111011110001111111000000111111100011111110111101111000000001
10000000000000000000000000000000000000000000000000000000000000000000000000000000000000000000000000000000000000000000000000000001
10000000000000000000000000000000000000000000000000000000000000000000000000000000000000000000000000000000000000000000000000000001
11111111111111111111111111111111111111111111111111111111111111111111111111111111111111111111111111111111111111111111111111111111
