00000111223333322221222222222333333333333333333332222222222222222223333333333333333333333100000000000000000000000000000000000000
00000011222333332221222222222233333333333333333332222222222222222222323323333333333333333200000000000000000000000000000000000000
00000001122333332221222222222233333333333333333333322222222222222222233333333333333333333300000000000000000000000000000000000000
00000001122233332221212222222233333333333333333333322222222222222222233333333333333333333310000000000000000000000000000000000000
00000001122233333221111212222333333333333333333333322222222222222222223333333333333333333320000000000000000000000000000000000000
00000001112233333322111211222233333333333333333333322222222222222222323333333333333333333320000000000000000000000000000000000000
00000011112123333322112212222233333333333333333333322222222222222223322333333333333333333330000000000000000000000000000000000000
00000011011123333322111111222233333333333333333333332222222222222222223333333333333333333331000000000000000000000000000000000000
00000000111223333332111112222233333333333333333333332222222222222222223323333333333333333331000000000000000000000000000000000000
00000000111223333332111212222233333333333333333333332222222222222222223223333333333333333332000000000000000000000000000000000000
00000000001112333332111111221232333333333333333333333222222222222222223333333333333333333332000000000000000000000000000000000000
00000000011112333332211112222222333333333333333333333212222222222232222323333333333333333332000000000000000000000000000000000000
00000000011112333332221111212222333333333333333333333222222222222222222333333333333333333333000000000000000000000000000000000000
00000000001112333333221112112222333333333333333333333322222222222222232323333333333333333333000000000000000000000000000000000000
00000000000112333333221111122222233333333333333333333321221222222222232323333333333333333333000000000000000000000000000000000000
00000000000112333333211111111222233333333333333333333322222222222222233322333333333333333333000000000000000000000000000000000000
00000000000111333333211111111222333333333333333333333322222222222222222233333333333333333333000000000000000000000000000000000000
00000000000011233333221111111222233333333333333333333322222212222222232233333333333333333333000000000000000000000000000000000000
00000000000011233333221111111212333333333333333333333322222222222222222233333333333333333333000000000000000000000000000000000000
00000000000011233333321111111222333333333333333333333322222222222222222232333333333333333333000000000000000000000000000000000000
00000000000011233333211111111222333333333333333333333322222222222222233322333333333333333332000000000000000000000000000000000000
00000000000011233333321111111122333333333333333333333322222222222222222233323333333333333332000000000000000000000000000000000000
00000000000001233333311111111122233333333333333333333322212121222222222233333333333333333331000000000000000000000000000000000000
00000000000011233333211111111122333333333333333333333322222222222222222223333333333333333331000000000000000000000000000000000000
00000000000000000000000000000000000000000000003333300022111122122222222333333333333000000000000000000000000000000000000000000000
00000000000000330300300330003300333000330033300333003012212222122222222233333333330333000330030000033000000030000000000000000000
00000000000000030300303003030030300303003030030333033022211222222222222223333333330300303003030000300300000330000000000000000000
00000000000000030300303000030030300303003030030333003022221121222222222233333333330333003003030000300300000030000000000000000000
00000000000000030300303033033330300303003033330333303022111111222222222332333333330300303003030000333300000030000000000000000000
00000000000030030300303003030030300303003030300333303022111122212222222222333333330300303003030000300300000030000000000000000000
00000000000003300033000330030030333000330030030333303022111112222222222333333333330333000330033330300300000030000000000000000000
00000000000000000000000000000000000000000000003333300022111111122222222322333333333000000000000000000000000000000000000000000000
