11111111111100011111111111111110011111111111111111111111111111111111111000000001111000000111111111100000011110000000011111000011
11111111111111111111111111111110001111111111111111111111111111111111110033333301110033330011111111003333001111003333001110033011
11111111111111111111111111111111101111111111111111111111111111111111110333333301100333333001111110033333300110033333300100333011
11111111111111111111111111111111100000111111111111111111112221111111110330000001003300003300111100330000330000330000330003333011
11111111111111111111111111111111000000111111111111111111111121111111110330111111033001100330111103300110033003300110033000033011
11111111111111111110011111111110000000011111111111111111000122111111100330000011033011110330111103301111033003301111033011033011
11111111111111111102210011111110000000111111111111111111000022111111103333333011033011110330111103301111033003301110033011033011
11111111111111111033333201111111110001111111111111111111000011111111103333333001033011110330111103301111033003301110033011033011
11111111101111111133322331111111111100101111111111111111100001111111103300003300033011110330111003301111033003301110033011033011
10011111101110110233332233111111111110101111111111111111111111111111100001100330033011110330111103301111033003301111033011033011
00111111111110001332333233301111111000000111111111111111111111111111101111110330033011110330111103301111033003301100033011033011
01111111112110011231233233320111111000000011111111111111111111111111111111110330033011110330111103302110033003301000033011033011
01111111112211001231233223331111111100000001111111111111011111111111100011100330033011110330111103302210033003300000033011033011
00111111001111000133333333332001111111000001011111111100000000111111003001003300033001100330111103300210033003300000033011033011
10111111001111000023333333333100111110000000001111111010000000111111033300033301003300003300000000330000330000330000330010033010
11111111111111000013323331233200001111000000100011111110000000111111003333333000000333333001033000033333300010033333300100033011
11111111111110100012312331223200000001000000100001100110000000011011100333330011110033330000033011003333000111003333001000033011
11111111111110100000233332223300000000100000000001110010000000011001110000000001111000000100000011100000011111100000011101000011
11111111111101110000033333323200000000000000000000100001000000000000000111111111100111111110111111111111111111111111111101111000
11111111111100111010022333333100000000000000000000010000100000000000000001111111100001111110111111111111111111111110110001101000
11111111111100022110022333221000000000000000000000000000000000000000000001111111100000011110001111111111111111011100100000010000
11111111110012112210023332000000000000000000000000000000000000000000000000111111100000001010000100111111001110001100100000000000
11111111101122110110022320000000000000000000000000000000010000000000000000001111110000000000000101011110000111001100000000000000
00111111012221001111000000000000000000000000000000000000000000000000000000000100011000000000000001101111111111011100000000000000
00111111022000000000000000000000000000000000000000000000000000000000000000000000000000000000000000001111110000011100000000000000
10111111022033300300000330030003033330333000000000003000000000000000000000000000003330003300300003001111110030001110000000000000
11111111101030030300003003003030030000300300000000033000000000000000000000000000003003030030300003011111110330111110000000000000
10012211000030030300003003000300030000300300000000003000000000000000000000000000003330030030300003001100000030111110000000000000
10002221000033300300003333000300033300333000000000003000000000000000000000000000003003033330300003001100001030111100001111000000
00001211100030000300003003000300030000303000000000003000000000000000000000000000003003030030300003000010000030111100011111100000
10000111110030000333303003000300033330300300000000003000000000000000000000000000003330030030333303333010010030111100101111100000
10000111111000000000000000000000000000000000000000000000000000000000000000000000000000000000000000000010011000101111000010000001
