00000000000000000000000000000000000000000010000000000000000000000000000000000000000000000000000000000000000000000000000000000000
00000000001000000000000000000000000000000000000000000000000000000000000000000000000000000000000000000000000000000000000000000000
00000000011100000000000000100000000100000000000000000000000000010000000000000000000000000000000000000000000000000000000000000000
00000000001000000000000000000000000000000000000000000100000000000000000000000000000000000000000000000000000000000000000000000000
00000000000000000000000000000000000000000000000000000000000000000000000000000000000000000001000000000000000000000000000000000000
00000000000000000000000000000000000000000000001000000000000000000000000000000000000000000000000000000000000000000000000000000000
00000000000000000000000000000000000000000000000000000000000000000000100000000000000000000000000000000000000000000000000000000000
00000000001000000000000000000000000000000000000000010000000000000000000000000000000000000000000000000000000000000000000000000000
00000000000000000000000000111001110000001101100000000011000011000110000001100110000001100000011000000110011000000110011000000110
00000000000000000000000001110000111000011001100000000000000001100110000001100110000001100000011000000110011000000110011000000110
00000000000000000000000001100000011000111001100000000000000001100110001001100110000001100000011000000110011000000110011000000110
00000000000000000000000001100000011001110001100000000000000001100110000001100110000001101000011000000110011000000110011000000110
00000000000000000000000001100000011001111111111000100000010001100110000001100110000001100000011000000110011000000110011000000110
00000000000000000001000001110000111001111111111000000010000011000110000001100110010001100000011000000110011000000110011001000110
00000000000000000000000000111001110000000001100000000111000111000011000011000011000011000000001100001100001100001100001100001100
00000000000000000000000000011111100000000001100001100011111110000001111110001001111110000110000111111000000111111000000111111000
00000000000000000000000000001111000000000001100001100001111100000000111100000000111100000110000011110000000011110000000011110000
00000000000000000000000000000000000001000000000000000000000000000000000000000000000000000000000000000000000000000000000000000000
00000000000000000000000000000000000000000010000000000000000000100000001001000000000000000000000000000000000000000000000000000001
00000000000000000000000000000000000000000000000000000000000000000000000000000000000000000000000000000000000000000000000000000000
00000000000000000000000000000000000000000000000000000100000000000000000000000000000001000000000000000000000000000000000000000000
00000000000000000000010000000000000000000000000000000000000000000000000000000100000000000000000000000000000000000000000000000000
00000000000000000000000000000000000000000000000100000000000000000100000000000000000000000000000000000000000000000000000000000000
00000000000000000000000000000000000000000000000000000000100000100000000000000000000000000000000000000000000000000000000000000000
00000000000000000000000000000000000000000000000000000001000000000000001000000000000000000000000000000000000000000000000000000000
00000000000011100100000110010001011110111000000000001000000000000000000000000000001110001100100001000000000010000000000000000000
00000000000010010100001001001010010000100100000000011000000000000100000000100000001001010010100001000000000110000000000000000000
00000000000010010100001001000100010000100100000000001000001000010000000000000000001110010010100001000000000010000000000000000000
00000000000011100100001111000100011100111000000100001000000000000000000000000000001001011110100001000000000010000000000000000000
00000000000010000100001001000100010000101000000000001000000000000000000000000000001001010010100001000000000010000000000000000000
01000000000010000111101001000100011110100100000000001000000000000000000100000000001110010010111101111000000010000000000000000000
11100000000000000000000000000000000000000000000000000000000000000000100000000000000000000000000000000000000000000000000000000000
