00000000000000000000000000000000000000000000000000000000000000000000000000000000000000000000000000000000000000000000000000000000
00000000000000000000000000000000000000000000000000000000000000000000000000000000000000000000000000000000000000000000000000000000
00000000000000000000000000000000000000000000000000000000000000000000000000000000000000000000000000000000000000000000000000000000
00000000000000000000000000000000000000000000000000000000000000000000000000000000000000000000000000000000000000000000000000000000
00000000000000000000000000000000000000000000000000000000000000000000000000000000000000000000000000000000000000000000000000000000
00000003300033300033003333000330003303333300033333303333330033333033000330330000000033333303300033033033000330003333000000000000
00000003300033300033033003300333003303300330033000003300033033000033000330330000000000330003300033033033300330033003300000000000
00000000330333330330330000330333003303300033033000003300033033000033000330330000000000330003300033033033300330330000000000000000
00000000330330330330330000330333303303300033033000003300033033000033000330330000000000330003300033033033330330330000000000000000
00000000330330330330330000330330303303300033033333303333330033333033000330330000000000330003333333033033030330330033300000000000
00000000330330330330330000330330333303300033033000003300330033000033000330330000000000330003300033033033033330330003300000000000
00000000033300033300330000330330033303300033033000003300333033000033000330330000000000330003300033033033003330330003300000000000
00000000033300033300033003300330033303300330033000003300033033000033000330330000000000330003300033033033003330033003300000000000
00000000033300033300003333000330003303333300033333303300033333000003333300333333000000330003300033033033000330003333000000000000
00000000000000000000000000000000000000000000000000000000000000000000000000000000000000000000000000000000000000000000000000000000
00000000000000000000000000000000000000000000000000000000000000000000000000000000000000000000000000000000000000000000000000000000
00000000000000000000000000000000000000000000000000000000000000000000000000000000000000000000000000000000000000000000000000000000
00000000000000000000000000000000000000000000000000000000000000000000000000000000000000000000000000000000000000000000000000000000
00000033333303300033000033333300003330003330003330333333000033300000033333000333333033333300333333000333300330003300033300000000
00000033000003330033000033000330003330003330003330330003300033300000033003300330000033000330330000003300330330003300033300000000
00000033000003330033000033000330033033003333033330330003300330330000033000330330000033000330330000033000000330003300330330000000
00000033000003333033000033000330033033003333033330330003300330330000033000330330000033000330330000033000000330003300330330000000
00000033333303303033000033333300033033003303030330330003300330330000033000330333333033333300333333033000000333333300330330000000
00000033000003303333000033003300033033003303030330333333000330330000033000330330000033003300330000033000000330003300330330000000
00000033000003300333000033003330333333303303330330330000003333333000033000330330000033003330330000033000000330003303333333000000
00000033000003300333000033000330330003303303330330330000003300033000033003300330000033000330330000003300330330003303300033000000
00000033333303300033000033000330330003303300300330330000003300033000033333000333333033000330333333000333300330003303300033000000
00000000000000000000000000000000000000000000000000000000000000000000000000000000000000000000000000000000000000000000000000000000
00000000000000000000000000000000000000000000000000000000000000000000000000000000000000000000000000000000000000000000000000000000
00000000000000000000000000000000000000000000000000000000000000000000000000000000000000000000000000000000000000000000000000000000
00000000000000000000000000000000000000000000000000000000000000000000000000000000000000000000000000000000000000000000000000000000
00000000000000000000000000000000000000000000000000000000000000000000000000000000000000000000000000000000000000000000000000000000
