00000000000000000000000000000000000000000000000000000000000000000000000000000000000000000000000000000000000000000000000000000000
00000000000000000000000000000000000000000000000000000000000000000000000000000000000000000000000000000000000000000000000000000000
00000000000000000000000000000000000000000000000000000000000000000000000000000000000000000000000000000000000000000000000000000000
00000000000000000000000000000000000000000000000000000000000000000000000000000000000000000000000000000000000000000000000000000000
00000000000000000000000000000000000000000000000000000000000000000000000000000000000000000000000000000000000000000000000000000000
00000000000000000000000000000000000000000000000000000000000000000000000000000000000000000000000000000000000000000000000000000000
00000000000000000000000000000000000000000000000000000000000000000000000000000000000000000000000000000000000000000000000000000000
00000000000000000000000000000000000000000000000000000000000000000000000000000000000000000000000000000000000000000000000000000000
00000000000000000000000000000000000000000000000000000000000000000000000000000000000000000000000000000000000000000000000000000000
00000000000000000000000000000000000000000000000000000000000000000000000000000000000000000000000000000000000000000000000000000000
00000000000000000000000000000000000000000000000000000000000000000000000000000000000000000000000000000000000000000000000000000000
00000000000000000000000000000000000000000000000000000000000000000000000000000000000000000000000000000000020222203311113133130221
22222033333333321122222233333333333102220333333333102233333333301122222233333333333101222222333333333331133333333331113333330222
22222033333333321122222233333333333102220333333333202333333333301122222233333333333101222222333333333333133333333333113333330222
22222031333331321122222223333333333102220333333333202333333333301122222223333333333301222222233333333333133333333333313333330221
12222033333333231122222222333333333102220333333233311333323333301122222222333333333301222222223333333333133333333331323333330221
22222033333332231112222223333333333202220333333222211333223333301112222223333333333301122222233333333332133333332333333333320221
22222033333322231111122222223333333202220313312221222313222131301111122222223333333201111222222233333332133333322333333333220220
22222033333222231111122222222322322102220333322122222332212333201111122222222322322201111222222223223222131333121331333332120220
22222031332221231111111222222222222022220333222112222222112332201111111222222222222001111112222222222221133332221133333322220222
22222033322222233111111222222222222022220332222112222231112322200111111222222222222000111112222222222221133322221113333222220222
22200033222222233311111111222222221222220222222102222231012222200111111111222222221000111111112222222211133222221113332222220222
22202222222222222211111111112122210222220222222102232221012222200011111111112122210200011111111121222111122222221111322222220222
22202122122221221231111111111111102222220212212102122121012121202001111111111111102220001111111111111011122222221111132222220222
22202222222222222233111111111110022222220222222102222221012222202200111111111110022222000111111111100011121222120111112122120222
22200111111111111113311111111100222222220111111101111111011111102220001111111100222222220001111111002011122222220011112222220222
22222011111111111111300000000022122222220011111100111111011111002222200000000002222222222200000000022011111111100001111111110222
22222200000000000000002222222221122222222000000002000000200000022222222222222222222222222222222222222011111111002200111111100222
22222222222222222222222222222221112222222222222222222222222222222222222222222222222222222222222222222000000000002220000000002222
22222222222222222222222222222222212222222222222222222222222222222222222222222222222222222222222222222222222222122222222222222222
22222222222222222222222222222222211111222222222222222222223332222222222222222222222222222222222222222222222221122222222222222222
22222222222222222222222222222222111111222222222222222222222232222222222222222222222222222222222222222222222222122222212222222222
