00000000000000000000000000000000000000000000000000000000000000000000000000000000000000000000000000000000000000000000000000000000
00000000000000000000000000000000000000000000000000000000000000000000000000000000000000000000000000000000000000000000000000000000
00000000000000000000000000000000000000000000000000000000000000000000000000000000000000000000000000000000000000000000000000000000
00000000000000000000000000000000000000000000111110011111111000111000011111110000000000000000000000000000000000000000000000000000
00000000000000000000000000000000000000000001133333013333333300133300013333333000000000000000000000000000000000000000000000000000
00000000000000000000000000000000000000000001333333303333333301133300013333333300000000000000000000000000000000000000000000000000
00000000000000000000000000000000000000000001330003300013300001331330013300013300000000000000000000000000000000000000000000000000
00000000000000000000000000000000000000000001331110000013300001331330013311113300000000000000000000000000000000000000000000000000
00000000000000000000000000000000000000000000333333000013300011330330013333333000000000000000000000000000000000000000000000000000
00000000000000000000000000000000000000000000033333300013300013311133013333330000000000000000000000000000000000000000000000000000
00000000000000000000000000000000000000000001100013300013300013333333013300333000000000000000000000000000000000000000000000000000
00000000000000000000000000000000000000000001331113300013300113333333013300133000000000000000000000000000000000000000000000000000
00000000000000000000000000000000000000000000333333300013300133000013313300033300000000000000000000000000000000000000000000000000
00000000000000000000000000000000000000000000033333000003300033000003303300003330000000000000000000000000000000000000000000000000
00000000000000000000000000000000000000000000000000000000000000000000000000000000000000000000000000000000000000000000000000000000
00000000000000000000000000000000000000000000000000000000000000000000000000000000000000000000000000000000000000000000000000000000
00000000000000000000000000000000000000000000000000000000000000000000000000000000000000000000000000000000000000000000000000000000
00000000000000000000000000000000000000000000111111100011001111110000111111100000000000000000000000000000000000000000000000000000
00000000000000000000000000000000000000000000133333330013301333333000133333330000000000000000000000000000000000000000000000000000
00000000000000000000000000000000000000000000133333333013301333333300133333330000000000000000000000000000000000000000000000000000
00000000000000000000000000000000000000000000133000133013301330003330133000000000000000000000000000000000000000000000000000000000
00000000000000000000000000000000000000000000133111133013301330001330133111100000000000000000000000000000000000000000000000000000
00000000000000000000000000000000000000000000133333330013301330001330133333330000000000000000000000000000000000000000000000000000
00000000000000000000000000000000000000000000133333300013301330001330133333330000000000000000000000000000000000000000000000000000
00000000000000000000000000000000000000000000133003330013301330011330133000000000000000000000000000000000000000000000000000000000
00000000000000000000000000000000000000000000133001330013301331113330133111100000000000000000000000000000000000000000000000000000
00000000000000000000000000000000000000000000133000333013301333333300133333330000000000000000000000000000000000000000000000000000
00000000000000000000000000000000000000000000033000033303300333333000033333330000000000000000000000000000000000000000000000000000
00000000000000000000000000000000000000000000000000000000000000000000000000000000000000000000000000000000000000000000000000000000
00000000000000000000000000000000000000000000000000000000000000000000000000000000000000000000000000000000000000000000000000000000
00000000000000000000000000000000000000000000000000000000000000000000000000000000000000000000000000000000000000000000000000000000
00000000000000000000000000000000000000000000000000000000000000000000000000000000000000000000000000000000000000000000000000000000
