00000000000000000000000000000000000000000000000000000000000000000000000000000000000000000000000000000000000000000000000000000000
00333333333333000000000000000000000000000000000003333000000000003333000000000000000000000000000000000000000000000000000000000000
00333333333333100000000000000000000000000000000003333100000000003333100000000000000000000000000000000000000000000000000000000000
00333333333333100000000000000333000000000000000003333100000000003333100000000000000000000000000000000000000000000000000000000000
00333333333333100000000000000333000000000000000003333100000000003333100000000000000000000000000000000000000000000000000000000000
00333333333333100000000000000333100000000000000003333100000000003333100000000000000000000000000000000000000000000000000000000000
00333333333333100033333000003333330000333330000000333100000000000333133300000000333330000033330333000000333000333000003333033300
00333333333333100333333300033333330003333333300000333100000000000333333333000003333333000033333333300000333000333000033333333300
00333333333333103333333330033333331033333333300000333100000000000333333333000033333333300033333333330000333100333100033333333310
00333133313333103333333331033333331033333333330000333100000000000333333333100033333333310033333333331000333100333100333333333310
00333133313333133333333331033333331033333333331000333100000000000333333333100333333333310033333333331000333100333100333333333310
00333133313333133333333331133333331033333333331000333100000000000333333333310333333333311033333333331100000000000000000000000000
00000000000000000000000000000000000000000000000000000000000000000000000000000000000000000000000000000000000000000000000000000000
00000000000000000000000000000000000000000000000000000000000000000000000000000000000000000000000000000000000000000000000000000000
00000000000000000000000000000000000000000000000000000000000000000000000000000000000000000000000000000000000000000000000000000000
00000000000000000000000000000000000000000000000000000000000000000000000000000000000000000000000000000000000000000000000000000000
00000000000000000000000000000000000000000000000000000000000000000000000000000000000000000000000000000000000000000000000000000000
00000000000000000000000000000000000000000000000000000000000000000000000000000000000000000000000000000000000000000000000000000000
00000000000000000000000000000000000000000000000000000000000000000000000000000000000000000000000000000000000000000000000000000000
00000000000000000000000000000000000000000000000000000000000000000000000000000000000000000000000000000000000000000000000000000000
00000000000000000000000000000000000000000000000000000000000000000000000000000000000000000000000000000000000000000000000000000000
00000000000000000000000000000000000000000000000000000000000000000000000000000000000000000000000000000000000000000000000000000000
00000000000000000000000000000000000000000000000000000000000000000000000000000000000000000000000000000000000000000000000000000000
00000000000000000000000000000000000000000000000000000000000000000000000000000000000000000000000000000000000000000000000000000000
00000000000000000000000000000000000000000000000000000000000000000000000000000000000000000000000000000000000000000000000000000000
00000000000000000000000000000000000000000000000000000000000000000000000000000000000000000000000000000000000000000000000000000000
00000000000000000000000000000000000000000000000000000000000000000000000000000000000000000000000000000000000000000000000000000000
00000000000000000000000000000000000000000000000000000000000000000000000000000000000000000000000000000000000000000000000000000000
00000000000000000000000000000000000000000000000000000000000000000000000000000000000000000000000000000000000000000000000000000000
00000000000000000000000000000000000000000000000000000000000000000000000000000000000000000000000000000000000000000000000000000000
00000000000000000000000000000000000000000000000000000000000000000000000000000000000000000000000000000000000000000000000000000000
00000000000000000000000000000000000000000000000000000000000000000000000000000000000000000000000000000000000000000000000000000000
