00000000000010000000111000000000000000000000000000000000000000010000000000000000000000000000000000000000000000000000000000000000
00000000000000000000010000000001000000000000300000001000000033000000333300000000000033000000000033333300000033333000000000003300
00000000000000000000000000000000000000000003300000000000000330000003333330000000000330000000000333333300000333333300000000033000
00000000000000000000000000000000000000000003300000000000003300000033300333000000003300000000000330000000003330003330000000330000
00000000000000000000000000000000000000000033300000000000033000000330000003300000033000000000000330000000003300000330000003300000
00000000000000000000000000000000000000000033300000000000330000000330010003300000330001000000000330000000000000000330000033000000
00000000000000000000000000000000000100000333300000100003333300000330000003300003333300000000003333333000000001000330000333330000
00100000000000000000000000000000000000003303300000000033333330000330000003300033333330000000003333333000000000003300003333333000
00000000000000000000000010000000000000003303300000000033300333000333000033300033300333000000003300003300000000333300003330033300
00000000000000000000000000000000000000033003300000000333000033300033333333000333000033300000000000000330000000333300033300003330
00000000000000000000000000000000000000333003300000000330000003300003333333000330000003300000100000000330000000003330033000000330
00000000000000000000000000000000000003330003300000000330000003300000003330000330000003300000000000000330000000000330033000000330
00000000000000000000000000000000000103333333333000000330010003300000003300000330000003300000000000000330000000000330033000000330
00000000000010000000000000000000000003333333333010000333000033300010033000000333000033300000003000003300033000000330033300003330
00000000000000000000000000000000000000000003300000000033300333000000330000000033300333000000033300033300033300003330003330033300
00000000000000000000000000000000000000000003300003300003333330000003300000000003333330000330003333333000003333333300000333333000
00000000000000000000000010000000000000000003300003301000333300000033000100000000333300000330000333330000000033333000000033330000
00001000000000000000000000000000000000000000000000000000000000000000000000000000000000000000000000000000000000000000000000000000
00000000000000000000000000000000010000000000000000000000000000100000001000000000000000000000000000000000000000000000000000000000
00000000000000000000000000000000000000010000000000000000001000000010100100010000000000000000000000000000000000000000000000000000
00000000000000000000000000000000000000000000000000000000000000100000000000000000000000000000000000000000000000000000000000000000
00000000000000000000000000000000000000000000000000001000010000000000000000000000000000000000000000000000000000000000000000000000
00000000000000100000000000000000000000000000000000000000000000000000000000000000001000001000000000000000000000010000000000000000
00000000000000000000000000000000000000000000100000000000000000000100000000000000000000000000000000000000000000000000000000000000
00000000000000000000000000000000000000000000000000000000000000000000000000000000000000000000000000000000000000000000000000000000
00000000000033300300000330030003033330333000000000003010000000100000000000000000003330003300300003000000000030000000000000000000
00000000000030030300003003003030030000300300000000033000000000000000000100000000003003030030300003000000000330000000000000000000
00000000000030030300003003000300030000300300000000003000000000000000000000000000003330030030300003000000000030000000000000000000
00000000000033300300003333000300033300333000000000003000000000000001000000001000003003033330300003000000000030000000000000000000
00001000000030000300003003000300030000303000000000003000010000100000000000000000003003030030300003000000000030000000000000000000
00011100000030000333303003000300033330300300000000003000111000000000000000000000003330030030333303333000000030000000000000000000
00001000000000000000000000000000000000000000010000000000010000000000000000000000000000000000000000000000000000000000000000000000
