00000000000000000000000000000000000000000000000000000000000000000000000000000000000000000000000000000000000000000000000000000000
00000000000000000000000000000000000000000000000000000000000000000001100000000000000000000000000000000000000000000000000000000000
00000000000000000000000000000000000000000000000000000000000000000000000000000000000000000000000000000000000000000000000000000000
00000000000000000000000000000000000000000000000000000000000000000000000000000000000000000000000000000000000000000000000000000000
00000000000000000000000000000000000000000000000000000000100000300000000000100000000000000000000000000000000000000000000000000000
00000000000000000000000000000000000000000000000000000001300003330000330000310000000000000000000000000000000000000000000000000000
00000000000000000000000000000000000000000000000000000003300003330000330000332000000000000000000000000000000000000000000000000000
00000000000000000000000000000000000000000000000000000023333333300000330000333100000000000000000000000000000000000000000000000000
00000000000000000000000000000000012210000000000000000233333333300000220000333200000000000000000000000000000000000000000000000000
00000000000000000000000000000000133333100000000000000333333333000000000000121320000000000000000000000000000000000000000000000000
00000000000000000000000000000000233333200000000000001333333330000002220000100020000000000000000000000000000000000000000000000000
00000000000000000000000000000001332223310000000000003333333300000033330000322221000000000000000000000000000000000000000000000000
00000000000000000000000000000001222112320000000000123333333000000333330000333330000000000000000000000000000000000000000000000000
00000000000000000000000000000000221112310000000012233333330000003333330000333300000000000000000000000000000000000000000000000000
00000000000000000000000000000000111122210000000000000000300000000000330000333000000000000000000000000000000000000000000000000000
00000000000000000000000000000000000112210000000000000000000000000000330000330000000000000000000000000000000000000000000000000000
00000000000000000000000000000000000122100000000000000000000000000000330000330000000000000000000000000000000000000000000000000000
00000000000000000000000000122221110112110000000000000000000000000000330000230000000000000000000000000000000000000000000000000000
00000000000000000000000012223332111122111111110110322222333333233333333333313332000000000000000000000000000000000000000000000000
00000000000000000000000122123322111111000001000010222322333333323333223333322332000000000000000000000000000000000000000000000000
00000000000000000000000221122221010000000000000000222222333333323333233333322331000000000000000000000000000000000000000000000000
00000000000000000000000120012211010000000001001211122222333333323333233333322330000000000000000000000000000000000000000000000000
00000000000000000000000110001110011000111122112221122222333333323333233333322310000000000000000000000000000000000000000000000000
00000000000000000000000110000000011111211211122222212222233333323323333333323300000000000000000000000000000000000000000000000000
00000000000000000000000000000000000000000000001010100022223333332223323333223200000000000000000000000000000000000000000000000000
00000000000000000000000000000000000000000000000000000022232233332222323332233000000000000000000000000000000000000000000000000000
00000000000000000000000000000000000000000000000000000012222332222222233322332000000000000000000000000000000000000000000000000000
00000000000000000000000000000000000000000000000000000001222222222222233333330000000000000000000000000000000000000000000000000000
00000000000000000000000000000000000000000000000000000000122212222222223333210000000000000000000000000000000000000000000000000000
00000000000000000000000000000000000000000000000000000000012212222222222221000000000000000000000000000000000000000000000000000000
00000000000000000000000000000000000000000000000000000000001122222222222210000000000000000000000000000000000000000000000000000000
00000000000000000000000000000000000000000000000000000000000001122211110000000000000000000000000000000000000000000000000000000000
