00000000000000000000000000000000000000000000000000000000000000000000000000000000000000000000000000000000000000000000000000000000
00000000000000000000000000000000000000000000000000000000000000000000000000000000000000000000000000000000000000000000000000000000
00000000000000000000000000000000000000000000000000000000000000000000000000000000000000000000000000000000000000000000000000000000
00000000000000000000000000000000000000000000000000000000000000000000000000000000000000000000000000000000000000000000000000000000
00000000000000000000000000000000000000000000000000000000000000000000000000000000000000000000000000000000000000000000000000000000
00000000000000000000000000000000000000000000000000000000000000000000000000000000000000000000000000000000000000000000000000000000
00000000000000000000000000000000000000000000000000000000000000000000000000000000000000000000000000000000000000000000000000000000
00000003333300000000000333330000033333003330033300000000033300000000000003333330000003330000003330033333333333000003333300000000
00000033111110000000000311111000031111103111031110000000031110000000000333111111300003111000003111031111111111100333111113000000
00000331111111000000000311111000031111103111031110000000031110000000000311111111110003111100003111031111111111100311111111100000
00000311100311100000000311111000331111103111031110000000031110000000003311111111110003111110003111031111111111103311111111100000
00000011100311100000000311131100311311103111031110000000031110000000033111100001111003111110003111031110000000003111100011110000
00000000000311100000000311131100311311103111031110000000031110000000031111000000111103111111003111031110000000003111000001110000
00000000003311100000000311131103311311103111031110000000031110000000031110000000311103111311003111031113333330000111133000000000
00000000033111000000000311131113111311103111031110000000031110000000031110000000311103111011103111031111111111000011111130000000
00000000331111000000000311101113111311103111031110000000031110000000031110000000311103111031103111031111111111000001111111000000
00000000311110000000000311103113110311103111031110000000031110000000031110000000311103111001113111031111111111000000011111100000
00000003311100000000000311103113110311103111031110000000031110000000031110000003311103111003113111031110000000003330000011110000
00000033111000000000000311103111110311103111031110000000031110000000001111000033111103111000111111031110000000003111000331110000
00000031111000000000000311100111110311103111031113333330031113333330000111133331111003111000311111031113333133022203330222033333
33302222003330220033022203302200333022203330222033302220333333333002220000022200333302220333333022200300220033022203330222033333
33302222200000200330022203002220030022200300222003002220033333333300222222222003333002220033330022220002200330022200330222000333
33302220222222003330222203022222030222220302222203022222033333333330002222200033333022222033330222222222003330222220330022220333
33300000000000033330000003000000030000000300000003000000033333333333300000003333333000000033330000000000033330000000333000000333
33333333333333333333333333333333333333333333333333333333333333333333333333333333333333333333333333333333333333333333333333333333
33333333333333333333333333333333333333333333333333333333333333333333333333333333333333333333333333333333333333333333333333333333
33333333333333333333333333333333333333333333333333333333333333333333333333333333333333333333333333333333333333333333333333333333
33333333333333333333333333333333333333333333333333333333333333333333333333333333333333333333333333333333333333333333333333333333
33333333333333333333333333333333333333333333333333333333333333333333333333333333333333333333333333333333333333333333333333333333
33333333333333333333333333333333333333333333333333333333333333333333333333333333333333333333333333333333333333333333333333333333
33333333333333333333333333333333333333333333333333333333333333333333333333333333333333333333333333333333333333333333333333333333
33333333333333333333333333333333333333333333333333333333333333333333333333333333333333333333333333333333333333333333333333333333
