11111111111111100112221111000012211111111111111111111000022111001000001111111111100000111000001110000011100000111000001100111111
11111111111121100011221211000002211111111111111111111000012211101033300100010001103330011033300110333001003330110033300100111111
11111111112222100000122211100001111111111111111111121000012111111000030103010301100003011000030110000301030000110300030101111111
11111111112221100000011111110000111111111111111111111100011111111111030103010301111103011111030111110301030111110300030111111111
11111111122210010000011111111000110011111111111111111100011111111000030103000301111103011000030110000301030000110300030111111111
11111111122100011100011111111113333210111111111111111111111111111033300100333001111100011033300100333001003330010033300111111111
11111111122100001111111111111033322232011111111111111111111111111000030110000301111103011000030103000011030003010300030111101111
11111111111100011111111111111133332223201111111111111111111111111111030111110301111103011111030103011111030003010300030111101111
11111111111100011111111111100133333222320111111111111111111111111000030111110301111103011000030103000011030003010300030111111111
11111111111111111111111111000233233222332011111111111111111111111033300011110001111100011033300000333011003330010033300111111111
11111111111111111111111111011232233222233101111111111111111111111000003011111111111111111000003010000011100000011000001111111111
11111111111111111111111111002232223312223311111111111111112221111111100011111111111111111111100011111111111110011111111111111111
11111111111111111111111111000132223333333320111111111111111121111111111111111111111111111111111111111111111111011111101111111111
11111111111111111111111111000013333333333330111111111111000122111111111111111111111111111111111111111111111111111111001111111111
11111111111111111111111111000003333333222332111111111111000022111111111111111111111111111111111111111111111111111110001111111111
11111111111111111111111110000002322233112233011111111111000011111111111111111111111111111111111101111111111111111110011111111111
11111111101111111111111110100001331233212233011111111111100001111111111111111111111111111111111001111111111111111110111111111111
10011111101110111111011000100000133223322233011111111111111111111111101111111111111111111111111101111111111101111111111111111111
00111111111110111111100001110000013323332233011111111111111111111111101111111111111111111111111101111111111111111100111111111111
01111111112110111111100001111000002233333332011111111111111111111111111111111111111111111111111100122110001211111000111111111111
01111111112211111111110000112100002223333320111111111111011111111111111111111111111111111111111100122210000111110000111111110111
00111111001111111111110000012210001222211101011111111100000000111111111111111111111111101111111100012211000111110000111111110111
10111111001111111111110111112211001222200000001111111010000000111111111111111111011111101111111100001111100011110001111110011110
11111111111111111111011122100111012221000000100011111110000000111111111111111110011111111001111100001111110011111111111100011111
11111111111000000000000000000000000000000000100001100010000000011011111111111011100000000000000000001111110000111111111000110111
11111111111033300300000330030003033330333000000001003010000000011001111111111001103330003300300003011111110030111111111101111111
11111111111030030300003003003030030000300300000000033001000000000000000111111111103003030030300003011111110330111111111101111000
11111111111030030300003003000300030000300300000000003000100000000000000001111111103330030030300003011111110030111110110001101000
11111111111033300300003333000300033300333000000000003000000000000000000001111111103003033330300003011111111030011100100000010000
11111111111030000300003003000300030000303000000000003000000000000000000000111111103003030030300003000011001030001100100000000000
11111111111030000333303003000300033330300300000000003000010000000000000000001111103330030030333303333010000030001100000000000000
00111111111000000000000000000000000000000000000000000000000000000000000000000100000000000000000000000011111000011100000000000000
