01000000000000100000000000000000000000000000000000000000000000000000000000000000000000000000000000000000000000000000000000000000
00000000000000000000001000000000100000000000330000001000333300010003333330000000333300000000000033330000000033330000000000003000
00000000000000000000000000000000000000000003300000000003333330000033333333000003333330000000000333333000000333333000000001033000
00000000000000000000000000000000000000000033000000000033300333000033000033000033300333000000003330033300003330033300000000033000
00000000000000000000000000000000000000000330010000000330000003300330000003300330000003300000033000000330033000000330000000333000
00000000000000000000000000000000000000003300000000000330000003300330010003300330000003300000033000000330033000000330000000333000
00000000000000000000000000000000000010033333000000100330000003300333000033300330000003300000033000000330033000000330000003333000
00001000000000000000000000000000000000333333300000000330000003300033333333000330000003300000033000000330033000000330000033033000
00000000000000000000000000100000000000333003330000000333000033300003333330000333000033300000033300003330033300003330010033033000
00000000000000000000000000000000000003330000333000000033333333000033333333000033333333000000003333333300003333333300000330033000
00000000000000000000000000000000000003300000033000000003333333000333300333300003333333000010000333333300000333333300003330033000
00000000000000000000000000000000000003300000033000000000003330000333000033300000003330000000000000333000000000333000033300033000
00000000000000000000000000000000000003300000033000000000003300000330000003300000003300000000000000330000000000330000033333333330
00000000000000100000000000000000000003330000333001000000033001000330000003300000033000000000000003300000000003300000033333333330
00000000000000000000000000000000000000333003330000000000330000000333000033300000330000000000000033000000000033000000000000033000
00000000000000000000000000000000000000033333300003300003300000000033333333000003300000000330000330000000000330000001000000033000
00000000000000000000000000100000000000003333001003301033000100000003333330000033000000000330003300000000003300000000000000033000
00000010000000000000000000000000000000000000000000000000000000000000000000000000000000000000000000000000000000000000000000000000
01000000000000000000000000000000001000000000000000000000000000000010001000000000000000000000000000000000000000000000000000000000
00000000000000000000000000000000000000001000000000000000000000100000000100000000000000000000000000000000000000000000000000000000
00000000000000000000000000000000000000000000000000000100010000000000100000000000000000000000000000000000000000000000000000000000
00000000000000000000000000000000000000000000000000000000000000000000000000000000010000010000000000000000000001000000000000000000
00000000000000001000000000000000000000000000000000000000000000000000000000000010000000000000000000000000000000000000000000000000
00000000000000000000000000000000000000000000010000000000000000000100000000000000000000000000000000000000000000000000000000000000
00000000000000000000000000000000000000000000000000000000000000000000000000000000000000000000000000000000000000000000000000000000
00000000000033300300000330030003033330333000000000003001000000100000000000000000003330003300300003000000000030000000000000000000
00000000000030030300003003003030030000300300000000033000000000000000000000000000003003030030300003000000000330000000000000000000
00000000000030030300003003000300030000300300000000003000000000000010000000000000003330030030300003000000000030000000000000000000
00000010000033300300003333000300033300333000000000003000000000000000000000010000003003033330300003000000000030000000000000000000
00000111000030000300003003000300030000303000000000003000010000000000000000000000003003030030300003000000000030000000000000000000
00000010000030000333303003000300033330300300010000003000000000000000000000000000003330030030333303333000000030000000000000000000
00000000000000000000000000000000000000000000000000000000000000000000000010000000000000000000000000000000010000000000001000000000
