10000033000000000000000000000000000000000000000000000000013322201110000011123333333222100000000000122233333333333333333333332000
10333033030003000300000003000300030000000300030003000000002232210011000011123333233333320000000000222333333333333323232333333100
10333033303030303030000030003030303000003030303030300000001121100012100011113221001222332011222212222223333333333232232233333200
10033033003003000300000030303030303000003030303030300000211100000001100011112311000110132011233333333223233332233333232223333200
13033033030000300030000033303030303000003030303030300000322221000111210011111321100000011011233223333111112332233333332223333200
23033033300030303030000000303030303000003030303030300000333333222222232111111232100010010011133111322201111223322333332223333200
23033033333003000300030000300300030003000300030003000000333333333333333221111123200000000110123111101100111112332233332222233200
23033033000000000000000000000000000000000000000000000000333333333333333332211122321001000101113211100110011111232223333222223200
23000033333333333333333333332233122223333333310001011002333333333333333333320011122223210122001321100110011011123222333322333200
13321112222222222223333333331232222233333333200000100102333333333333333333331000011233332233211122211010000001112322233333233200
13321001111111111111122222222222222222233332100001110002333333333321112233331000100133333333333212233212100000112322233333223200
13311000000001001001111111112212111111111210011111111112333333333332222333321000010133333333333200123333321000011232233333223200
23311010121111111111112222233211111111111110011111111111222222233222222222320011100133333322222211023333333100010132233333223200
13321122222222333333333333333311111112211111000111111111111223332111111111111111111133333221221231023332233320001132123333223200
23322222222222233333333332223322222222222222222222222222223333333111111111000111101231111111111111223331232110000022123333223200
13332222222222222223322333323222223333333323333323332332333333333222322211011222222332112111111122321110000000001023123333223200
13322222222222222222222233222222222333333323333333333333333333333333333332223333333333333322222333320000000000000023123333223100
23322222222222222222223233222333222223333233333333333333233333333333333333333333333333333333333333210000000000000123113333223200
23322222222222222222222232223333333333333333233233332333333333333333333333333333333332332333333322110000000000000123123333223200
13322222222222222222322322223333333333223333333333333333332333322222222333333333333321111233333321000000000000000023123333222200
13222222222222222222333223322222222222112233333333333333333333310000001233333333333321000133333332100000000000000132123333223200
13323323333333332322333333332200000000000023333333333333333333320000000123333333333332000023333333210000000000000132123332222200
13333333333333333323333333333310000000000013333333333333333333332000000013333333333333100012333333320000000000000231123332222200
13333332333333333223333333333321000000000002333333333333333333333200000002333333333333210001333333332000000000001222233332222200
12233322333000000000000000000000000000000000233333300033333333333310000000233333300000000000000000033100000000012322233322222200
13233222233033300300000330030003033330333000133333003033333333333331000000123333303330003300300003033200000330012212333221223200
13332333333030030300003003003030030000300300023333033033333333333332000001123333303003030030300003033200003003022222333212223200
13333332333030030300003003000300030000300300012333003033333333333333100001112333303330030030300003022000000030022223332222222100
13333333333033300300003333000300033300333000001333303033333333333333310111111233303003033330300003011000000003022223321222223200
13333333333030000300003003000300030000303000001233303033333333333333331001111233303003030030300003000011103003022232222222233200
13333333333030000333303003000300033330300300001123303033333333333333330000012332203330030030333303333011100330022222222222232200
13333333333000000000000000000000000000000000011113300033333333333333310000001210000000000000000000000022220000222222222222222100
