00000000000000000000000000000000000000000000000000000000000000000000000000000000000000000000000000000000000000000000000000000000
00000000000000000000000000000000000000000000000000000000000000000000000000000012222111000000000000000000000000000000000000000000
00000000000000000000000000000000000000000000000000000000000000000000000000002333332211111000000000000000000000000000000000000000
00000000000000000000000000000000000000000000000000000000000000000000000000133332112222221100000000000000000000000000000000000000
00000000000000000000000000000000000000000000000000000000000000000000000002333211111222221111000000000000000000000000000000000000
00000000000000000000000000000000000000000000000000000000000000000000001123333111111121231111000000000000000000000000000000000000
00000000000000000000000000000000000000000000000000000000000000000000003233332111111122232111100000000000000000000000000000000000
00000000000000000000000000000000000000000000000000000000000000000000002333331111111121232111110000000000000000000000000000000000
00000000000000000000000000000000000000000000000000000000000000000000002333331111111122221211111000000000000000000000000000000000
00000000000000000000000000000000000000000000000000000000000000000000013233321111111122321221111000000000000000000000000000000000
00000000000000000000000000000000000000000000000000000000000000000000022333331111111122322221121000000000000000000000000000000000
00000000000000000000000000000000000000000000000000000000000000000000033333331111111133322221111100000000000000000000000000000000
00000000000000000000000000000000000000000000000000000000000000000000133333332111111233322221121110000000000000000000000000000000
00000000000000000000000000000000000000000000000000000000000000000000233332332111111333332321111110000000000000000000000000000000
00000000000000000000000000000000000000000000000000000000000000000001233332233211112333333211121110000000000000000000000000000000
00000000000000000000000000000000000000000000000000000000000000000001233332233322233333333211111110000000000000000000000000000000
00000000000000000000000000000000000000000000000000000000000000000001333332233323333333333311111110000000000000000000000000000000
00000000000000000000000000000000000000000000000000000000000000000000333332223322333333333311111110000000000000000000000000000000
00000000000000000000000000000000000000000000000000000000000000000000233332223323333333322211121100000000000000000000000000000000
00000000000000000000000000000000000000000000000000000000000000000000022322222222223333322211211100000000000000000000000000000000
00000000000000000000000000000000000000000000000000000000000000000000022322222222123233322222111100000000000000000000000000000000
00000000000000000000000000000000000000000000000000000000000000000000023333322233233333333321111100000000000000000000000000000000
00000000000000000000000000000000000000000000000000000000000000000000013333322233233333333221111000000000000000000000000000000000
00000000000000000000000000000000000000000000000000000000000000000000003333222223333333333211111000000000000000000000000000000000
00000000000000000000000000000000000000000000000000000000000000000000002333222222233333333221110000000000000000000000000000000000
00000000000000000000000000000000000000000000000001111122111111112211111333222222222333333222100000000000000000000000000000000000
00000000000000000000000000000000001111122222222222222222222222222221121233333332222333333311100000000000000000000000000000000000
00000000000000000000000000012122223333322233333332222222222222222222222223333333333333333211111111110000000000000000000000000000
00000000000000000000112233333333322333333333333333333332323232222222222222222222222222222111111111111111110000000000000000000000
00000000000000122333333333333333333333333333333333333321332233222222222221111221111111111111111111111111111111110000000000000000
00000000112222333333333333333333333333333333333333333322333323223322222222222222222111111111111111111111111111111111100000000000
00001222333333333333333333333333333333333333333333333333333323323333333222222222222222211111111111111111111111111111111111000000
