00000000000000000000000000000000000000000000000000000000000000000000000000000000000000000000000000000000000000000000000000000000
00000000000003003330030000000300030033300000000000000000000000000000000000000000000000000000000000000000000000000000000000000000
00000000000030303000303000003030303030000000000000000000000000000000000000000000000000000000000000000000000000000000000000000000
00000000000030303300303000003030303033000000000000000000000000000000000000000000000000000000000000000000000000000000000000000000
00000000000003300030303000003030303000300000000000000000000000000000000000000000000000000000000000000000000000000000000000000000
00000000000000303030303000003030303030300000000000000000000000000000000000000000000000000000000000000000000000000000000000000000
00000000000033000300030003000300030003000000000000000000000000000000000000000000000000000000000000000000000000000000000000000000
00000000000000000000000000000000000000000000000000000000000000000000000000000000000000000000000000000000000000000000000000000000
00000000000000000000000000000000000000000000000000000000000333333333330000000000000000000000000000000000000000000000000000000000
00000000000000000000000000000000000000000000000000000000000322222222230000000000000000000000000000000000000000000000000000000000
00000000000000000000000000000000000000000000000000000000000323333333330000000000000000000000000000000000000000000000000000000000
00000000000000000000000000000000000000000000000000000000000323000000000000000000000000000000000000000000000000000000000000000000
00000000000000000000000000000000000000000000000000000000000323000000000000000000000000000000000000000000000000000000000000000000
00000000000000000000000000000000000000000000000000000000000323000000000000000000000000000000000000000000000000000000000000000000
00000000000000000000000000000000000000000000000000000000000323000000000000000000000000000000000000000000000000000000000000000000
00000000000000000000000000000000000000000000000000000000000323333330000000000000000000000000000000000000000000000000000000000000
00000000000000000000000000000000000000000000000000000000000322222233300000000000000000000000000000000000000000000000000000000000
00000000000000000000000000000000000000000000000000000000000323333332330000000000000000000000000000000000000000000000000000000000
00000000000000000000000000000000000000000000000000000000000333000033330000000000000000000000000000000000000000000000000000000000
00000000000000000000000000000000000000000000000000000000000000000000333000000000000000000000000000000000000000000000000000000000
00000000000000000000000000000000000000000000000000000000000000000000323000000000000000000000000000000000000000000000000000000000
00000000000000000000000000000000000000000000000000000000000000000000323000000000000000000000000000000000000000000000000000000000
00000000000000000000000000000000000000000000000000000000033300000000323000000000000000000000000000000000000000000000000000000000
00000000000000000000000000000000000000000000000000000000032330000033333000000000000000000000000000000000000000000000000000000000
00000000000000000000000000000000000000000000000000000000033233333332330000000000000000000000000000000000000000000000000000000000
00000000000000000000000000000000000000000000000000000000003332222233300000000000000000000000000000000000000000000000000000000000
00000000000000000000000000000000000000000000000000000000000033333330000000000000000000000000000000000000000000000000000000000000
00000000000000000000000000000000000000000000000000000000000000000000000000000000000000000000000000000000000000000000000000000000
00000000000000000000000000000000000000000000000000000000000000000000000000000000000000000000000000000000000000000000000000000000
00000000000000000000000000000000000000000000000000000000000000000000000000000000000000000000000000000000000000000000000000000000
00000000000000000000000000000000000000000000000000000000000000000000000000000000000000000000000000000000000000000000000000000000
00000000000000000000000000000000000000000000000000000000000000000000000000000000000000000000000000000000000000000000000000000000
