00000000000000000000000000000000000000000000000000000000000000000000000000000000000000000000000000000010000000000000000000000000
00000000000000000000000000000000000000000000000000000000000000000033300000333000003330000033300000333000003330000033300000000000
00000000000000000000000000000000000000000100000000000000000000000000030003000000000003000300030000000300030003000300000000000000
00000000000000000000000000000000000000000000000000000000000000000000030003000010000003000300030000000300030003000300000000000000
00000000000000000000000000000010000000000000000000000000000000000000030103000000000003000300030000000300030003000300000000000000
00000000000000000000000000000000000000000000000100000000000000000033300000333000001000000033300000000000003330000033300000000000
00000000000000000000000000000000000000000000000000000000000000000300000000000300011103000000030000000300000003000000030000000000
00000000000000000100000000000000000000010000000000000010000000000300000000000300001003000000030000000300000003000000030000000000
00000000000000000000000000000000000000000000000000000000000000000300000000000300000003000000030000000300000003000000030000000000
00000000000000000000000000000000000000000000000000000000000010000033300010333000000000000000000000000000000000000033300000000000
00000000000000000000000000000000000000000000000000000000000000000000003000000000000000000000003000100000000000000000000000000000
00000000000000000000000000000000000000000000000000000000000000000000000000000000000000000000000000000000000000000000000000000000
00000000000000000000000000000010000000000000000000000000101000000000000000000001000000000000000000000000000000000000000000000000
00010000000000000000000000000000000000000000001000000000000001000010100000000000000000000100000000000000000000000000000000000000
00000000000000000000000000000000000000000000000000000000000000000000000000000000000000000000000000000000000000000000000000000000
00000000000000000000000000000000000000000000000000000000000100000000001000000000001000000000000000000000000000000000000000000000
00000000000000000000000000000000000000000000000000000000000000000000000001000000010000000000000000000000000010000000000000000000
00000000000000000100000000000000000000000001000000010000001000000010000000000000000000000000000000000000000000000000000000000000
00000000000000000000000000000000000000000000000000000000000000100000001000000000000000000000000000000000000000000000000000000000
00000000000000000000000000001000000000000000000000000000001000000000100000000000000000000000000000000000000000000000000000000000
00000000000000000000000000000000000000000000000000000000000000000001000001000010000000000000000000000000000000000000000000000000
00000000000000000000000000000000000100000000000000000000000000100000000000000000000000000000000000000000000000000000000000000000
00000000000000000000000000000000000000000000000000010000010000000000001000000000000000000000000000000000000000000000000001000000
00000100000000000000000000000000000000000000000000000000000000000000000000000000000000000000001000000000000000000000000011100000
00001110000000000000000000000000000000000000000000000000000000000000000000000000000000000000000000000000000000000000000001000000
00000100000000330300300330003300333000330033300000003000000000000000000000000000000333000330030000033000000330000000000000000000
00000000000000030300303003030030300303003030030000033000000000000010000000000000000300303003030000300300003003000000000000000000
00000000000000030300303000030030300303003030030000003000000000000000000000000000000333003003030000300300000003000000000000000000
00000000000000030300303033033330300303003033330000003000000000100000000001000000000300303003030000333300000330000000000000000000
00000000000030030300303003030030300303003030300010003000000000000000000000000000000300303003030000300300003000000000000000000000
00000000000003300033000330030030333000330030030000003000000000000000000000000000000333000330033330300300003333000000000000000000
00000000000000000000000000000000000000000000000000000000000000000001000000000001000000000000000000000000000000000000000000000000
