00010000000000001000000000000000000000000100000000000000000000000000000000000000000000000000000000000001000000000000000000000000
00000000000000011100000330000000333330000000000030000000000330010000333300000000333330000000000033333000000033333000000000003300
00000000000000001000003330000003333333000000000330000000003330000003333330000003333333000000000333333300000333333300000000033000
00000000000000000000033330000033300033300000000330000000033330000033000033000033300033300000003330003330003330003330000000330000
00000000000000000000000330000033000003300000003330000000000330000330000003300033000003300000003300000330003300000330000003300000
00000000000000000000000330000033000003300000003330000000000330000330000003300033000003300000003300000330000000000330000033000000
00000000000000000000000330000000000003300000033330000000000330000330010003300000000103300000000000000330000000000330000333330000
00000010000000000000000330000000000003300000330330100000000330000330000003300000000003300000000000000330010000003300003333333000
00000000000000000000000330010000000033000000330330000000100330000330000003300100000033000000000000003300000000333301003330033300
00000000000000000000000330000000000033000003300330000000000330000330000003300000000033000000000000003300000000333300033300003330
00000000000000000000000330000000000330000033300330000000000330000330001003300000000330000100000000033000000000003330033000000330
00000000000000000000000330000000003300000333000330000000000330000330000003300000003300000000000000330000000000000330033000000330
00000000000000000000000330000000033001000333333333300000000330000330000003300000033000000000000003300000000000000330033000000330
00000000000000001000000330000000330000000333333333300000000330000330000003300000330000000000000033000000033000000330033300003330
00000000000000000000000330000003300000000000000330000000000330000033000033000003300000000000000330000000033300003330003330033300
00000000000000000000000330000033333333300000000330000330000330000003333330000033333333300330003333333330003333333300000333333000
00000000000000000000000330010333333333300000000330000330000330000000333300000333333333300330033333333330000033333000000033330000
00000000100000000000000000000000000000000000000000000000000000000010000000000000000000000000000000000000000000000000000000000000
00010000000000000000000000000000000000000000000000000000000000100000001000100000000000000000000000000000000000000000000000000000
00000000000000000000000000000000000000000100000000000000000000000000000000000000000000000000000000000000000000000000000000000000
00000000000000000000000000000000000000000000000000000100010000000000100000000000000000000000000000000000000000000000000000000000
00000000000000000000000000000000000000000000000000000000000000000000000000000000010000100000000000000000000100000000000000000000
00000000000000000010000000000000000000000000010000000000000000000000000000000100000000000000000000000000000000000000000000000000
00000000000000000000000000000000000000000000000000000000000000000100000000000000000000000000000000000000000000000000000000000000
00000000000000000000000000000000000000000000000000000001000000100000000000000000000000000000000000000000000000000000000000000000
00000000000000330300300330003300333000330033300000003000000000000000001000000000033000300300003000033303030333033000300000000010
00000000000000030300303003030030300303003030030000033000000000000000000000000000030303030300030300030003030030030303030000000000
00000000000000030300303000030030300303003030030000003000000000000010000000010000033003030300030300030000300030030303030000000000
00000000100000030300303033033330300303003033330000003000010000100000000000000000030303030300033300033000300030033303330000000000
00000000000030030300303003030030300303003030300000003000000000000000000000000000030303030300030300030003030030033003030000000000
00000000000003300033000330030030333000330030030000003000000000000000000000000000033300300333030300033303030030030303030000000000
00000000000000000000000000000000000000000000000000000000000000000000000100000000000000000000000000000000000000000000000000000000
