00000000000000000000000000000000000000000000000000000000000000000000000000000000000000000000000000000000000000000000000000000000
00000000000000000000000000000000000000000000000000000000000000000000000000000000000000000000000000000000000000000000000000000000
00000000000000000000000000000000000000000000000000000000000000000000000000000000000000000000000000000000000000000000000000000000
00000000000000000000000000000000000000000000000000000000000000000000000000000000000000000000000000000000000000000000000000000000
00000000000000000000000000000000000000000000000000000000000000000000000000000000000000000000000000000000000000000000000000000000
00000000000000000000000000000000000000000000000000000000000000000000000000000000000000000000000000000000000000000000000000000000
00000000000000000000000000000000000000000000000000000000000000000000000000000000000000000000000000000000000000000000000000000000
00000000000000000000000000000000000000000000000000000000000000000000000000000000000000000000000000000000000000000000000000000000
00000000000000000000000000000000000000000000000000000000000000000000000000000000000000000000000000000000000000000000000000000000
00000000000000000000000000000000000000000000000000000000000000000000000000000000000000000000000000000000000000000000000000000000
00000000000000000000000000000000000000000000000000000000000000000000000000000000000000000000000000000000000000000000000000000000
00000000000000000000000000000000000000000000000000000000000000000000000000000000000000000000000000000000000000000000000000000000
00000000000000000000000000000000000000000000000000000000000000000000000000000000000000000000000000000000000000000000000000000000
00000000000000000000000000000000000000000000000000000000000000000000000000000000000000000000000000000000000000000000000000000000
00000000000000000000000000000000000000000000000000000000000000000000000000000000000000000000000000000000000000000000000000000000
00000000000000000000000000000000000000000000000000000000000000000000000000000000000000000000000000000000000000000000000000000000
00111100111111001111111000000000000000000000000000000000000000000000000000000000000000000000000000000000000000000000000000000000
01111110111111101111111000000000000000000000000000000000000000000000000000000000000000000000000000000000000000000000000000000000
11000110110001101100000000000000000000000000000000000000000000000000000000000000000000000000000000000000000000000000000000000000
11000000110011101111100000000000000000000000000000000000000000000000000000000000000000000000000000000000000000000000000000000000
11100110111110001100000000000000000000000000000000000000000000000000000000000000000000000000000000000000000000000000000000000000
01111110110111001111111000000000000000000000000000000000000000000000000000000000000000000000000000000000000000000000000000000000
00111100110011101111111000000000000000000000000000000000000000000000000000000000000000000000000000000000000000000000000000000000
00000000000000000000000000000000000000000000000000000000000000000000000000000000000000000000000000000000000000000000000000000000
01111110001111001100000001111110011111000000000000000000000000000000000000000000000000000000000000000000000000000000000000000000
01111110001111001100000001111110111111100000000000000000000000000000000000000000000000000000000000000000000000000000000000000000
00011000000110001100000000011000111000000000000000000000000000000000000000000000000000000000000000000000000000000000000000000000
00011000000110001100000000011000011111000000000000000000000000000000000000000000000000000000000000000000000000000000000000000000
00011000000110001100000000011000000011100000000000000000000000000000000000000000000000000000000000000000000000000000000000000000
00011000001111001111110000011000111111100000000000000000000000000000000000000000000000000000000000000000000000000000000000000000
00011000001111001111110000011000011111000000000000000000000000000000000000000000000000000000000000000000000000000000000000000000
00000000000000000000000000000000000000000000000000000000000000000000000000000000000000000000000000000000000000000000000000000000
