13333333333333333222211001222211000001221002200000111232221110022000133101111112332221000000000000000232223332223222223333333100
13333333333333333333322112223322100001332113310011111122221010022121012100001112333333221100000000001222323333333333223323333200
13333333333333333333333333333333222211233323331001001112222100012211000220001112322112333321011110012222332232333332222322333100
13333333333333333333333333333333333332333333333211001111332221101111000121001111322001111231011332222222222222223333222322333200
13333333333333333333333333333333333333333333333332110111123222211100000111001111221100000021001333333331122223222233332322233200
13333333333333333333333333333333333333333333333333321000012233323221111112201111232110010010011231123221011122332223332222233200
13333333333333333333333333333333333333333333333333332000010123333333222223321011123200000010010131111011001111232233333222223100
13333333333333333333333333333333333333333333333333332000001112333333333333333211012320001000100122111011011111232223333222223200
23321233333333333333333333332233122223333333310001011002333333333333333333320011122223210122001321100110011011123222333322333200
13321112222222222223333333331232222233333333200000100102333333333333333333331000011233332233211122211010000001112322233333233200
13321001111111111111122222222222222222233332100001110002333333333321112233331000100133333333333212233212100000112322233333223200
13311000000001001000000000000000000000000000000111111112333333333332222333321000010133333333333200123333321000011232233333223200
23311010121111110033300333330033300333300333330111111111222222233222222222320011100133333322222211023333333100010132233333223200
13321122222222330300030003000300030300030003000111111111111223332111111111111111111133333221221231023332233320001132123333223200
23322222222222230300000003000300030300030003002222222222223333333111111111000111101231111111111111223331232110000022123333223200
13332222222222220033300003000300030333300003003323332332333333333222322211011222222332112111111122321110000000001023123333223200
13322222222222220000030003000333330303000003003333333333333333333333333332223333333333333322222333320000000000000023123333223100
23322222222222220000030003000300030300300003003333333333233333333333333333333333333333333333333333210000000000000123113333223200
23322222222222220300030003000300030300030003003233332333333333333333333333333333333332332333333322110000000000000123123333223200
13322222222222220033300003000300030300003003003333333333332333322222222333333333333321111233333321000000000000000023123333222200
13222222222222222000000000000000000000000000003333333333333333310000001233333333333321000133333332100000000000000132123333223200
13323323333333332322333333332200000000000023333333333333333333320000000123333333333332000023333333210000000000000132123332222200
13333333333333333323333333333310000000000013333333333333333333332000000013333333333333100012333333320000000000000231123332222200
13333332333333333223333333333321000000000002333333333333333333333200000002333333333333210001333333332000000000001222233332222200
12233322333000000000000000000000000000000000233333300033333333333310000000233333300000000000000000033100000000012322233322222200
13233222233033300300000330030003033330333000133333003033333333333331000000123333303330003300300003033200000030012212333221223200
13332333333030030300003003003030030000300300023333033033333333333332000001123333303003030030300003033200000330122222333212223200
13333332333030030300003003000300030000300300012333003033333333333333100001112333303330030030300003022000000030222223332222222100
13333333333033300300003333000300033300333000001333303033333333333333310111111233303003033330300003011000000030222223321222223200
13333333333030000300003003000300030000303000001233303033333333333333331001111233303003030030300003000011111030222232222222233200
13333333333030000333303003000300033330300300001123303033333333333333330000012332203330030030333303333011112030222222222222232200
13333333333000000000000000000000000000000000011113300033333333333333310000001210000000000000000000000022222000222222222222222100
