00000000000000000000000000000000000000000000000000000000000000000000000000000000000000000000000000000000000000000000000000000000
00033333333333333333333000000033333333333333300000000333333333333000000000033333333333333333333300000033333333333333300000000000
00033333333333333333333000000033333333333333300000000333333333333000000000033333333333333333333300000033333333333333300000000000
00033333333333333333333110000033333333333333311100000333333333333110000000033333333333333333333311000033333333333333311100000000
00033333333333333333333110000033333333333333311100000333333333333110000000033333333333333333333311000033333333333333311100000000
00033333333333333333333110000033333333333333311100000333333333333110000000033333333333333333333311000033333333333333311100000000
00033333333333333333333110000033333333333333311100000333333333333110000000033333333333333333333311000033333333333333311100000000
00033333333333333333333110000033333333333333311100000333333333333110000000033333333333333333333311000033333333333333311100000000
00033333333333333333333110000033333333333333311100000333333333333110000000033333333333333333333311000033333333333333311100000000
00000033333311111333333110000000333333333331111100000001333333111110000000033333313333331333333311000000333333333331111100000000
00000033333311111333333110000000333333333333111100000001333333111110000000033333313333331133333311000000333333333333111100000000
00000033333311000333333110000003333333333333110000000000333333110000000000033333313333331133333311000003333333333333110000000000
00000033333311000000111110000003333331333333111000000000333333110000000000000111113333331110111111000003333331333333111000000000
00000033333311000000000000000003333331133333311000000000333333110000000000000111113333331110111111000003333331133333311000000000
00000033333333333300000000000033333311133333311100000000333333110000000000000000003333331110000000000033333331133333331100000000
00000033333333333311000000000033333333333333331100000000333333110000000000000000003333331110000000000033333333333333331100000000
00000033333333333311000000000033333333333333331100000000333333110003333330000000003333331110000000000033333333333333331100000000
00000033333311111111000000000333333333333333333110000000333333110003333331100000003333331110000000000333333333333333333110000000
00000033333311000000000000003333333111111333333110000000333333110003333331100000003333331110000000000333333111111333333111000000
00000033333311000000000000003333333111111333333111000000333333110003333331100000003333331110000000003333333111111333333111000000
00000033333311000000000000003333331110000333333311000000333333110003333331100000003333331110000000003333331111000033333311000000
00033333333333300000000003333333333330033333333333300333333333333333333331100003333333333333000003333333333330033333333333300000
00033333333333300000000003333333333330033333333333300333333333333333333331100003333333333333000003333333333330033333333333300000
00033333333333311000000003333333333331033333333333310333333333333333333331100003333333333333110003333333333331033333333333311000
00033333333333311000000003333333333331033333333333310333333333333333333331100003333333333333110003333333333331033333333333311000
00033333333333311000000003333333333331033333333333310333333333333333333331100003333333333333110003333333333331033333333333311000
00033333333333311000000003333333333331033333333333310333333333333333333331100003333333333333110003333333333331033333333333311000
00033333333333311000000003333333333331033333333333310333333333333333333331100003333333333333110003333333333331033333333333311000
00033333333333311000000003333333333331033333333333310333333333333333333331100003333333333333110003333333333331033333333333311000
00000011111111111000000000011111111111000011111111110001111111111111111111100000011111111111110000001111111111000011111111111000
00000000000000000000000000000000000000000000000000000000000000000000000000000000000000000000000000000000000000000000000000000000
00000000000000000000000000000000000000000000000000000000000000000000000000000000000000000000000000000000000000000000000000000000
