11111111111100011111111111111110011111111111111111111111111111111000001110000011111111111000001110000011100000011000001111111111
11111111111111111111111111111110001111111111111111111111111111111033300100333011000100010033300100333001003330011033300111111111
11111111111111111111111111111111101111111111111111111111111111111000030103000011030103010300030103000301030003011000030111111111
11111111111111111111111111111111100000111111111111111111112221111111030103011111030103010300030103000301030003011111030111111111
11111111111111111111111111111111000000111111111111111111111121111000030103000011030003010300030103000301030003011111030111111111
11111111111111111110011111111110000000011111111111111111000122111033300100333001003330010033300100333001000000011111000111111111
11111111111111111102210011111110000000111111111111111111000022111000030110000301100003011000030103000301030003011110030111111111
11111111111111111033333201111111110001111111111111111111000011111111030111110301111103011111030103000301030003011110030111111111
11111111101111111133322331111111111100101111111111111111100001111000030110000301111103011111030003000301030003011110030111111111
10011111101110110233332233111111111110101111111111111111111111111033300010333001111100011111000000333001003330011111000111111111
00111111111110001332333233301111111000000111111111111111111111111000003010000011111111111111103000000011100000111100111111111111
01111111112110011231233233320111111000000011111111111111111111111111100011111111111111111111100000122110001211111000111111111111
01111111112211001231233223331111111100000001111111111111011111111111111111111111111111111111111100122210000111110000111111110111
00111111001111000133333333332001111111000001011111111100000000111111111111111111111111101111111100012211000111110000111111110111
10111111001111000023333333333100111110000000001111111010000000111111111111111111011111101111111100001111100011110001111110011110
11111111111111000013323331233200001111000000100011111110000000111111111111111110011111111001111100001111110011111111111100011111
11111111111110100012312331223200000001000000100001100110000000011011111111111011111111111000111111001111110111111111111000110111
11111111111110100000233332223300000000100000000001110010000000011001111111111001111111111100111111111111111111111111111101111111
11111111111101110000033333323200000000000000000000100001000000000000000111111111100111111110111111111111111111111111111101111000
11111111111100111010022333333100000000000000000000010000100000000000000001111111100001111110111111111111111111111110110001101000
11111111111100022110022333221000000000000000000000000000000000000000000001111111100000011110001111111111111111011100100000010000
11111111110012112210023332000000000000000000000000000000000000000000000000111111100000001010000100111111001110001100100000000000
11111111101122110110022320000000000000000000000000000000010000000000000000001111110000000000000101011110000111001100000000000000
00111111012221001111000000000000000000000000000000000000000000000000000000000100011000000000000001101111111111011100000000000000
00111111022000000000000000000000000000000000000000000000000000000000000000000000000000000000000000001111110000011100000000000000
10111111022033300300000330030003033330333000000000003000000000000000000000000000003330003300300003001111110030001110000000000000
11111111101030030300003003003030030000300300000000033000000000000000000000000000003003030030300003011111110330111110000000000000
10012211000030030300003003000300030000300300000000003000000000000000000000000000003330030030300003001100000030111110000000000000
10002221000033300300003333000300033300333000000000003000000000000000000000000000003003033330300003001100001030111100001111000000
00001211100030000300003003000300030000303000000000003000000000000000000000000000003003030030300003000010000030111100011111100000
10000111110030000333303003000300033330300300000000003000000000000000000000000000003330030030333303333010010030111100101111100000
10000111111000000000000000000000000000000000000000000000000000000000000000000000000000000000000000000010011000101111000010000001
