33333333333333333333333333333333333333333333333333333333333333333333333333333333333333333333333333333333333333333333333333333333
30000000000000000000000000000000000000000000000000000000000000000000000000000000000000000000000000000000000000000000000000000003
30000000000000000000000000000000000000000000000000000000000000000000000000000000000000000000000000000000000000000000000000000003
30000000000000000000000000000000000000000000000000000000000000000000000000000000000000000000000000000000000000000000000000000003
30000000000033000000000000000000000000333330000000000333000000003300000000000000000000000333000000000000333300000000000000000003
30000000000333000000000000000000000033300033300000000033000000003300030000000000000000000033000000000003300303300000000000000003
30000000000333000000000000000000000033000003300000000033000000000000330000000000000000000033000000000003300003300000000000000003
30000000003033000000000000000000000330000000330333033033033300033303333300033330000000000033000003330033100000000000110000011000
00000000000000000000000000000000000000000000002333333333301111010000000011011000000110000001100000000001100000000011110000011000
00000000000000000000000000000000000000000000033333333333301111001000000110011000000110000001100000000001100000000011110000011000
00000000000000000000000000000013332000000000233333333333300011103000001110011000000110000001100000000001100000000000111000011000
00000000000000000000000000000033333200000001333333310111111001103100011100011000000110000001100000000001100000000000011000011000
00000000000000000000000000000133223310000002333333320000111001101210011111111110000110000001100000000001100000000000011000011000
00000000000000000000000000000122212310000003333333330110033001101220011111111110000110000001100000000001100001100000011000011000
00000000000000000000000000000122111210000013333333330111000011100000000000011000000110000001100000000001100001110000111000011000
00000000000000000000000000000011111200012123333333330011111111000110000000011000000110000001100001100001100000111111110000011000
00000000000000000000000000000000111111013123333333333000111110030110000000011000000110000001100001100001100000001111100000011000
00000000000000000000000000000000111121122233332333333330000000330000000000000000000000000000000000000000000000000000000000000000
00000000000000000000000012322111111122122223322333333333333323333330000000000000000000000000000000000000000000000000000000000000
00000000000000000000001223333212121111110133323333333333323332333320000000000000000000000000000000000000000000000000000000000000
00000000000000000000002212222111000000100033233333333333233333233310000000000000000000000000000000000000000000000000000000000000
00000000000000000000001111221001000000000123233333333332333333233310000000000000000000000000000000000000000000000000000000000000
00000000000000000000001100111000000001111222233333333332333333233200000000000000000000000000000000000000000000000000000000000000
00000000000000000000001100000001111111122212223333333332333332233100000000000000000000000000000000000000000000000000000000000000
00000000000000000000000000000000000000000011222333300033333332233100000000000000000000000000000000000000000000000000000000000000
00000000000011100100000110010001011110111000232333001033222322332000000000000000001110001100100001000000000010000000000000000000
00000000000010010100001001001010010000100100023333011022323222321000000000000000001001010010100001000000000110000000000000000000
00000000000010010100001001000100010000100100012222001022222222210000000000000000001110010010100001000000000010000000000000000000
00000000000011100100001111000100011100111000001221201022222222100000000000000000001001011110100001000000000010000000000000000000
00000000000010000100001001000100010000101000000012201022222221000000000000000000001001010010100001000000000010000000000000000000
00000000000010000111101001000100011110100100000001201022211100000000000000000000001110010010111101111000000010000000000000000000
00000000000000000000000000000000000000000000000000000000000000000000000000000000000000000000000000000000000000000000000000000000
