12112223333321112221222222222221111123333333333333333333333333333333333333111112333322210000000000000000000000000122323333332100
12211222222221112222112111222221111233333333333333333333333333333333333332001111333333332110000000000000000000012233333333233200
13222223211111111121111111112111111333333333333333333333333333333333333331210111332112332332100000000000000001233333333333333200
13323333211111111111111111111111112333333333333333333333333333333333333333210111232101111233211122110000000012333333333333333200
13332222111111111111111111111111113333333333333333333333333333333333333333201111122211011022111133332211000223333333333333333200
13322221111111110001111111111111013333333333333333333333333333333333333333222211113221111121011223222333112333333333333333333200
12222221121111111000111111111110023233333333333333333333333333333333333333333321112332211010121123210122212333332233333333333200
01111111111111111100111111111110023233333333333333333333333333333333333333333332221123321100121122210001112332332122233333333200
00000000010011111110011111111100122223233333333322233333333333333333333333333333333111233322232111320001112221221111122333333200
00000000001111111100001111111100112222223333333322222333333333333333333333333333333111123333333322222000001121110101112233333200
00000000001101101000001111111100122222222333333223332222333333333333333333332223333101113333333333212222102122210101111123223200
00000000001111111111101111111100122222222233223233322232333333333333333333332222333201113333333333321123323223321100011232233200
00001000000000010000112222222222222222223222333333333333333333333333112221222111111233333332323211113333333312333221011233233300
01101000000000111000122222222222222222222222323333333333333333333333011111111111112233222222332111113333223321333332110123223200
00000000000000010000112112222222222122222222223333333333333333333332222222222222112333211111111111222332222222333332210123223200
00000000000000000010111121222222222122222222233333333333333333333333333333333333323333322221112222322222122232221121100113223300
00000000000000000000111111222222222222222222233333333333333333333333333333333333333333333332223333332322222331000000001113323300
00100000000000000000012112112222222222222222223333333333333333333333333333333333333333333333333333333333333331000000000113323300
01000000000000000000011112111212222222222222223333333333333333333333333333333333333333333333333333323333333210000000000113323200
01100000000000000000011222222212222222222222223333333333333333333321222233333333333321111233333333211233333100000000000113223200
01000000000000000000001222222222222222222222232333333333332333333200010123333333333331000123333333210123333210000000000123223200
00000000000000000000001122122221222222212222233333333333332333333200000013333333333333100013333333331023333320000000000122223200
00100000000000000000000122222222222222222222233233333333323333333321000001333333333333210002333333332012333332000000000122123200
01100000000000100000000112222222122222222222333333333333323333333332110010233333333333321001233333333211333332100000001222233200
01100000000000000000000000000000000000000022333233300033233333333333210000133333300000000000000000033320133000200000001222233200
01100000001033300300000330030003033330333003333333003032233333333333321100013333303330003300300003033331120030100000012222333200
01101000000030030300003003003030030000300302232233033022333333333333331001112333303003030030300003033221120330000000122223322100
01111000010030030300003003000300030000300302222333003023333333333333332100111233303330030030300003022100120030111011222223322200
01111101000033300300003333000300033300333002223333303033333333333333333200011233303003033330300003000000112030111112222222222100
01111101110030000300003003000300030000303003333333303033333333333333333200011233303003030030300003000000012030222122222222222100
11111101111030000333303003000300033330300303333332203033333333333333332000001222103330030030333303333000001030211222222222222100
01111111111000000000000000000000000000000002222221100033333333333333220000000000000000000000000000000000000000111122222222222200
