00000000000000000000000000000000000000000000000000000000000000000000000000000000000000000000000000000000000000000000000000000000
00000000000000000000000000000000000000000000000000000000000000000000000000000000000000000000000000000000000000000000000000000000
00000000000000000000000000000000000000000000000000000000000000000000000000000000000000000000000000000000000000000000000000000000
00000000000000000000000000000000000000000000000000000000000000000000000000000000000000000000000000000000000000000000000000000000
00000000000000000000000000000000000000000000000000000000000000000000000000000000000000000000000000000000000000000000000000000000
00000000000000000000000000000000000000000000000000000000000000000000000000000000000000000000000000000000000000000000000000000000
00000000000000000000000000000000000000000000000000000000000000000000000000000000000000000000000000000000000000000000000000000000
00000000000000000000000000000000000000000000000000000000000000000000000000000000000000000000000000000000000000000000000000000000
00000000000000000000000000000000000000000000000000000000000000000000000000000000000000000000000000000000000000000000000000000000
00000000000000000000000000000000000000000000000000000000000000000000000000000000000000000000000000000000000000000000000000000000
00333333330333330033330333333300033333333303333333300033330000033300000000333333303333333333033333330000003333333000033333333330
03333333330333330033330333333330033333333303333333330033330000333330000033333333303333333333033333333000033333333300033333333330
03331111130331130031330311111333031111111303111111330031130000331330000333111113303111131113031111133300333111113330031111111130
03311333330331130031330311331133033113333303311331130031130003311133000331133313303311331333031133113303331133311333031331133130
03311330000331130031330311331133033113000003311331130031130003111113003311330333003311311300031133113303311330331133033331133330
03311133000331130031330311331133033113333003311111330031130003113113003311300000003311313300031133113303311300031133000031130000
00331113330331130031330311111330033111113003311113300031130033111113303311300000003311113000031111133003311300031133000031130000
00033311130331130031330311333300033113333003311311330031130031111111303311300000003311313300031133330003311300031133000031130000
00000331130331130031330311300000033113000003311311130031130031133311303311330333003311311330031130000003311330331133000031130000
03333331130331133331330311300000033113333303311331133031130331130311333331133313303311311133031130000003331133311333000031130000
03311111330333111111330311300000031111111303111331113031130311130311130333111113303111131113031130000000333111113330000031130000
03333333300033333333300333300000033333333303333333333331130333330333330033333333303333333333033330000000033333333300000033330000
03333333000003333333000333300000033333333303333300333131130333330333330003333333303333333333033330000000003333333000000033330000
00000000000000000000000000000000000000000000000000003111330000000000000000000000000000000000000000000000000000000000000000000000
00000000000000000000000000000000000000000000000000033333330000000000000000000000000000000000000000000000000000000000000000000000
00000000000000000000000000000000000000000000000000033333300000000000000000000000000000000000000000000000000000000000000000000000
00000000000000000000000000000000000000000000000000033333000000000000000000000000000000000000000000000000000000000000000000000000
00000000000000000000000000000000000000000000000000000000000000000000000000000000000000000000000000000000000000000000000000000000
00000000000000000000000000000000000000000000000000000000000000000000000000000000000000000000000000000000000000000000000000000000
00000000000000000000000000000000000000000000000000000000000000000000000000000000000000000000000000000000000000000000000000000000
00000000000000000000000000000000000000000000000000000000000000000000000000000000000000000000000000000000000000000000000000000000
00000000000000000000000000000000000000000000000000000000000000000000000000000000000000000000000000000000000000000000000000000000
