00000000001000000000000000000000000000000000000000000000000000011100000000000000000000000000000000000000000000000000000000000000
00000000000000000003300000003333300000003333300000000000333330001000333333000000333330000000000033333000000033333000000033333001
00000000000000000033300000033333330000033333330000000003333333000003333333000003333333000000000333333300000333333300000333333300
00000000000000000333300000333000333000333000333000000033300033300003300000000033300033300000003330003330003330003330003330003330
00000000000000000003300000330000033000330000033000000033000003300003300000001033000003300000003300000330003300000330003300000330
00000000000000000003300000330000033000000000033000000000000003300003300000000033000003300000003300000330000000000330000000000330
00000000000000000003300000000000033000000000033001000000000003301033333330000000000003300000000000000330000000000330000000000330
00000000000000000003300000000000033000000000330000000000000033000033333330000001000003300000000000000330000000003300000000003300
00000000000000000003300100000000330000000033330000000001003333000033000033000000000033000000000000003300000000333300000000333300
00000000000000000003300000000000330000000033330000000000003333000000000003300000000033000000000000003300000000333300000000333300
00000000000000000003300000000003300000000000333000000000000033300000000103300000000330000000010000033000000000003330000000003330
00000000000000000003300000000033000000000000033000000000000003300000000003300000003300000000000000330000000000000330000000000330
00000000000000000003300000000330001000000000033010000000101003300000000003300000033000000000000003300000000000000330000000000330
00000000001000000003300000003300000003300000033000000330000003300030000033000000330000100000000033000000033000000330033000000330
00000000000000000003300000033000000003330000333000000333000033300333000333000003300000000000000330000000033300003330033300003330
00000000000000000003300000333333333000333333330003300033333333000033333330000033333333300330003333333330003333333300003333333300
00000000000000000003301003333333333000003333300003300000333330000003333300000333333333300330033333333330000033333000000033333000
00000000000000000000000000000000000000000000000000001000000000000000000000000000000000000000000000000000000000000000000000000000
00000000000000000000000000000000100000000000000000000000000000000010000100000000000000000000000000000000000000000000000000000000
00000000000000000000000000000000000000100000000000000000001000000000100010001000000000000000000000000000000000000000000000000000
00000000000000000000000000000000000000000000000000000000000000100000000000000000000000000000000000000000000000000000000000000000
00000000000000000000000000000000000000000000000000001000010000000000010000000000000000000000000000000000000000000000000000000000
00000000000000000000000000000000000000000000000000000000000000000000000000000000000100000010000000000000000000000100000000000000
00000000000010000000000000000000000000000000000000000000000000000000000000000001000000000000000000000000000000000000000000000000
00000000000000000000000000000000000000000000100000000000000000000100000000000000000000000000000000000000000000000000000000000000
00000000000033300300000330030003033330333000000000003010000000100000000000000000003330003300300003000000000030000000000000000000
00000000000030030300003003003030030000300300000000033000000000000000000000000000003003030030300003010000000330000000000000000000
00000000000030030300003003000300030000300300000000003000000000000000000100000000003330030030300003000000000030000000000000000000
00000000000033300300003333000300033300333000000000003000000000000000000000000000003003033330300003000000000030000000000000000000
00000000000030000300003003000300030000303000000000003000000000010001000000001000003003030030300003000000000030000000000000000000
00100000000030000333303003000300033330300300000000003000010000111000000000000000003330030030333303333000000030000000000000000000
00000000000000000000000000000000000000000000000000000000000000010000000000000000000000000000000000000000000000000000000000000000
