00000000000000000000000000000000000000000000000000000000000000000000000000000000000000000000000000000000000000000000000000000000
00000000000000000000000000000000000000000000000000000000000000000000000000000000000000000000000000000000000000000000000000000000
00000000000000000000000000000000000000000000000000000000000000000000000000000000000000000000000000000000000000000000000000000000
00000000000000000000000000000000000000000000000000000000000000000000000000000000000000000000000000000000000000000000000000000000
00000000000000000000000000000000000000000000000000000000000000000000000000000000000000000000000000000000000000000000000000000000
00000000000000000000000000000000000000000000000000000000000000000000000000000000000000000000000000000000000000000000000000000000
00000000000000000000000000000000000000000000000000000000000000000000000000000000000000000000000000000000000000000000000000000000
00000033333333333003333330000000003333330033333300333333000000000000033333330000000000000000003333330000333330000003333333333333
33333002222222220330222203333333330222203302222033022220333333333330002222200033333333333333330222203333333330222203333333333333
33330020000022220330022203333333330222203300222033002220333333333300222222222003333333333333330022203333333330222203333333333333
33300220333002220333022203333333330000003330222033302220333333333002220000022200333333333333333022203333333330000003330000033333
33302220333300000333022203333333333333333330222033302220333333330022000333000220033333333333333022203333333333333333330222033333
33302220033333333333022203333333333333333330222033302220333333330220033333330022033333333333333022203333333333333333330222033333
33302222000000333333022203000000030000003330222033302220333333300220333333333022003000000300033022200000033330000003300222003333
33300222222220003333022203022222030222203330222033302220333333302220333333333022203022220002003022222222000330222203302222203333
33330022222222200333022203002200030022203330222033302220333333302220333333333022203002222222203022220002220330022203300222003333
33333000222222220033022203302003333022203330222033302220333333302220333333333022203302220002003022200300220033022203330222033333
33333330000002222033022200002033333022203330222033302220333333300220333333333022003302220300033022203330222033022203330222033333
33333333333300222033022222222033333022203330222033302220333333330220033333330022033302220333333022203330222033022203330222033333
33300000033330222033022200002003333022203330222033302220333333330022000333000220033302220333333022203330222033022203330222033333
33302222003330220033022203302200333022203330222033302220333333333002220000022200333302220333333022200300220033022203330222033333
33302222200000200330022203002220030022200300222003002220033333333300222222222003333002220033330022220002200330022200330222000333
33302220222222003330222203022222030222220302222203022222033333333330002222200033333022222033330222222222003330222220330022220333
33300000000000033330000003000000030000000300000003000000033333333333300000003333333000000033330000000000033330000000333000000333
33333333333333333333333333333333333333333333333333333333333333333333333333333333333333333333333333333333333333333333333333333333
33333333333333333333333333333333333333333333333333333333333333333333333333333333333333333333333333333333333333333333333333333333
33333333333333333333333333333333333333333333333333333333333333333333333333333333333333333333333333333333333333333333333333333333
33333333333333333333333333333333333333333333333333333333333333333333333333333333333333333333333333333333333333333333333333333333
33333333333333333333333333333333333333333333333333333333333333333333333333333333333333333333333333333333333333333333333333333333
33333333333333333333333333333333333333333333333333333333333333333333333333333333333333333333333333333333333333333333333333333333
33333333333333333333333333333333333333333333333333333333333333333333333333333333333333333333333333333333333333333333333333333333
33333333333333333333333333333333333333333333333333333333333333333333333333333333333333333333333333333333333333333333333333333333
