00000000000000000000000000000000000000000000000000000000000000000000000000000000000000000000000000000000000000000000000000000000
00000000000000000000000000000000000000000000300000000003333330000000333333000000000033000000000033333300000033333000033333333330
00000000000000000000000000000000000000000003300000000033333333022203333333000000000330000000000333333300000333333300033333333330
00000000000000000000000000000000000000000003300000000033000033003303300000000000003300000000000330000000003330003330000000003300
00000000000000000000000000000000000000000033300000000330033003303303303200000000033000000000000330000000003300000330000000003300
00000000000000000000000000000000000000000033300000000330033003303003300000000000330000000000000330000000000000000330000000033000
00000000000000000000000000000000000000000333300000000333000033303033333330100003333300000000003333333000000000000330000000033000
00000000000000000000000000000000000000003303300000000033333333003033333330000033333330000000003333333000000000003300000000330000
00000000000000000000000000000000011100003303300000002003333330033033000033000033300333000000003300003300000000333300000000330000
00000000000000000000000000000000233330033003300000010033333333000000011003300333000033300000000000000330000000333300000003300000
00000000000000000000000000000002333300333003300000020333300333302211110003300330000003300000000000000330000000003330000003300000
00000000000000000000000000000002332203330003300000130333000033303333333203300330000003300000000000000330000000000330000033000000
00000000000000000000000000000002321103333333333000230330033003303000333003300330000003300000000000000330000000000330000033000000
00000000000000000000000000000002221103333333333012330330033003300030030033000333000033300000003000003300033000000330000330000000
00000000000000000000000000000001211100000003300000000333000033300333000333030033300333000000033300033300033300003330000330000000
00000000000000000000000000000000111121122103300103300033333333000033333330033003333330000330003333333000003333333300003300000000
00000000000000000000000000000000001122013103302203303003333330033003333300333300333300000330000333330000000033333000033300000000
00000000000000000000000001222211111122122200002100003300000000333300000003333300000000000000000000000000000000000000000000000000
00000000000000000000000012333321121121112211101113233223333333333333333322333200000000000000000000000000000000000000000000000000
00000000000000000000001231233321111111111110000013233233333332333333333332333200000000000000000000000000000000000000000000000000
00000000000000000000001211222211110000000000001013232233333332333323333332233100000000000000000000000000000000000000000000000000
00000000000000000000000210122210000000000010012112222233333333333323333332232000000000000000000000000000000000000000000000000000
00000000000000000000001210011110010000111121122212222233333333333323333332331000000000000000000000000000000000000000000000000000
00000000000000000000000110000000011111112211222222222223333333333333333332330000000000000000000000000000000000000000000000000000
00000000000000000000000000000000000000000011111111100022333333333332333322320000000000000000000000000000000000000000000000000000
00000000000033300300000330030003033330333000000000003032333333333333333223300000003330003300300003000000000030000000000000000000
00000000000030030300003003003030030000300300000000033022233333333333332233200000003003030030300003000000000330000000000000000000
00000000000030030300003003000300030000300300000000003022223333232223333333100000003330030030300003000000000030000000000000000000
00000000000033300300003333000300033300333000000000003012221232322223333331000000003003033330300003000000000030000000000000000000
00000000000030000300003003000300030000303000000000003000222222222222332210000000003003030030300003000000000030000000000000000000
00000000000030000333303003000300033330300300000000003000012222222222221000000000003330030030333303333000000030000000000000000000
00000000000000000000000000000000000000000000000000000000000011222111000000000000000000000000000000000000000000000000000000000000
