00000000000000000000000000000000000000000000000000000000000000000000000000000000000000000000000000000000000000000000000000000000
00000000000000000000000000000000000000000000000000000000000000000000000000000000000000000000000000000000000000000000000000000000
00000000000000000000000000000000000000000000000000000000000000000000000000000000000000000000000000000000000000000000000000000000
00000000000000000000000000000000000000000000000000000000000000000000000000000000000000000000000000000000000000000000000000000000
00000000000000000000000000000000000000000000000000000000000000000000000000000000000000000000000000000000000000000000000000000000
00000000000000000000000000000000000000000000000000000000000000000000000000000000000000000000000000000000000000000000000000000000
00000000000000000000000000000000000000000000000000000000000000000000000000000000000000000000000000000000000000000000000000000000
00000000000000000000000000000000000000000000000000000000000000000000000000000000000000000000000000000000000000000000000000000000
00000000000000000000000000000000000000000000000000000000000000000000000000000000000000000000000000000000000000000000000000000000
00000000000000000000000000000000000000000000000000000000000000000000000000000000000000000000000000000000000000000000000000000000
00000000000000000000000000000000000000000000000000000000000000000000000000000000000000000000000000000000000000000000000000000000
00000000000000000000000000000000000000000000000000000000000000000000000000000000000000000000000000000000000000000000000000000000
00000000000000000000000000000000000000000000000000000000000000000000000000000000000000000000000000000000000000000000000000000000
00000000000000000000000000000000000000000000000000000000000000000000000000000000000000000000000000000000000000000000000000000000
00000000000000000000000000000000000000000000000000000000000000000000000000000000000000000000000000000000000000000000000000000000
00000000000000000000000000000000000000000000000000000000000000000000000000000000000000000000000000000000000000000000000000000000
00111110001110001100011000000000000000000000000000000000000000000000000000000000000000000000000000000000000000000000000000000000
01111110011111001110111000000000000000000000000000000000000000000000000000000000000000000000000000000000000000000000000000000000
11100000111011101111111000000000000000000000000000000000000000000000000000000000000000000000000000000000000000000000000000000000
11001110110001101111111000000000000000000000000000000000000000000000000000000000000000000000000000000000000000000000000000000000
11100110111111101101011000000000000000000000000000000000000000000000000000000000000000000000000000000000000000000000000000000000
01111110110001101100011000000000000000000000000000000000000000000000000000000000000000000000000000000000000000000000000000000000
00111110110001101100011000000000000000000000000000000000000000000000000000000000000000000000000000000000000000000000000000000000
00000000000000000000000000000000000000000000000000000000000000000000000000000000000000000000000000000000000000001111000011110000
00000000000000000000000000000000000000333310000000000000000000000000000000000000301000000000000000000000000000000000000000000000
00000000000000000000000000000000000000333310000000000000000000000000000000033300310000000000000000000000000000000000000000000000
00000000000000000000000000000000000000333310000000000000000000000000000000333313010000000000000000000000000000000000000000000000
00000000000000000000000000000000000000333310000000000000000000000000000000333333100000000000000000000000000000000000000000000000
00000000000000000000000000000000000003333330000000000000000000000000000000033331100000000000000000000000000000000000000000000000
00000000000000000000000000000000000000111111000000000000000000000000000000001111000000000000000000000000000000000000000000000000
00000000000000000000000000000000000000000000000000000000000000000000000000000000000000000000000000000000000000000000000000000000
00000000000000000000000000000000000000000000000000000000000000000000000000000000000000000000000000000000000000000000000000000000
