00000000000000000000000000111222222333333221111333333333333333333332332222111001122221000000001211100000000000000000000000000000
01000000000000000000000001111222223333333221111333333333333333333333332222102212222221100000001221110000000000000000000000000000
00000000000010000000001001112222223333332221121222233333333333333333332222102322222222100000001221110000000000000000000000000000
00000000000000000000000001112222233333332221122211123333333333333333322221113322222222210000001122110000000000000000000000000000
00000011000000000000000011122222233333332221123221123333333333333333322221133222222222210000010122111000000000100000000000000000
00000000000000000000000011122222333333332222213321233333333333333333322221123322222222220000010122211000000000000000000000000000
00000000000000000000000011122222333333333222112322233333333333333333322222202322222222221000001222211000000000000000000000000000
00000000000000000000000111122222333333333322222221133333333333333333322222102322222222221000001222211110000000000000001000000000
00000000000000010000000111222222333333333333222222223333333333333333322222102322222222221000000122211110001000000000000000000100
00000000000000000000000111222223333333333333222222223333333333333333322222102322222222221000000122211110000000000000000000000000
00000000000000000000000111222223333222101233322222223333333333333333322222202322222222231000001222221110000000000000000000000000
00000000000000000000000111222223333211000023333322233333333333333333332222221232222222321000001222221110000000000000000000000000
00000000000000000000000111222223332210000002333333333333333333333333332222221233222222220000001222221110000000000000000000000000
00000000000000000000000112222223332201110001333333333333333333333333333222221123322222210000002222221110000000000010000000000000
00000000000000000000000112222233332201321101333333333333333333333333333222122113332222100000012222221110000000000000000000000000
00000000000000000000000112222233332201331101333333333333333333333333333322212123222211000000122222221110010000000000000000000000
00000000000000001000000112222233332201331001333333333333333333333333333332222222111000000001223222221110000000000000000000000000
00000000000010000000000112222233332211331012333333333333333333333333333333222211110000000122333222221110000000000000000000000000
00000000000000000000000112222233332112221123333333333333333333333333333333332221111111111233333222221110000000000000000000000000
00000000000000000000000112222233332222201233333333333333333333333333333333333322222222222333333222221110000000000000000000000000
00000000000000000000000111222223333222212333333333221112223333333333333333333333322233333333333222221110000000000000000000000000
00001000000000000000000111222223333332222333333332111111123333333333333333333333333333333333333222221110000000000000000000000000
00000000000000000000000111222223333333333333333321011111122333333333333333333333333333333333333222221110000000000000000000000000
00000000000000000000000111222223333333333333333321011111122333333333333333333333333333333333333222221110000000000000100000000000
00000000000000000000000111222223333333333333333321112222221233333333333333333333333333333333332222211110000000000000000000000000
00000000000000000000000011122222333333333333333322111223322223333333333333333322222223333333332222211000000000000000000000000000
00000000000000000000000011122222333333333333333332211222222223333333333333333222221122333333332222211000000000000000000000000000
00000000000000000000000011122222333333333333333332222211222223333333333333332222111122233333322222211000000100000000000000000000
00000000100000000000000001122222233333333333333332222222222333333333333333332221011222223333322222110000000000000000000000000000
00000000000000000000000001112222233333333333333333322222233333333333333333332210012221223333222222110000000000000010000000000100
00000000000000000000000001112222233333333333333333333333333333333333333333332210122211223333222221110000001000000000000000000000
00000000000000000000000000111222223333333333333333332222333333333333333333332111123211223333222221100000000000000000000000000000
