00000000000000000000000000000000000000000000000000000000000000000000000000000000000000000000000000000000000000000000000000000000
00000000000000000000000000000000000000000000000000000000000000000000000000000000000000000000000000000000000000000000000000000000
00000000000000000000000000000000000000000000000000000000000000000000000000000000000000000000000000000000000000000000000000000000
00000000000000000000000000000000000000000000000000000000000000000000000000000000000000000000000000000000000000000000000000000000
00000000000330000003300003333000033330000003300000033000000330000003300003333330033333000330033000033000000330000003330000000000
00000000003333000033330003333300033333000033330000333300003333000033330003333330033333300330033000333300003333000033333000000000
00000000003333000033330003303300033033000033330000333300003333000033330003300000033003300330033000333300003333000333033000000000
00000000003303000033030003303330033033300033030000330300003303000033030003300000033033300330033000330300003303000330000000000000
00000000003303000033030003300330033003300033030000330300003303000033030003333000033333000333333000330300003303000330000000000000
00000000003303000033030003300330033003300033030000330300003303000033030003333000033333000333333000330300003303000330000000000000
00000000003303000033030003303330033033300033030000330300003303000033030003300000033033300330033000330300003303000330000000000000
00000000033333300333333003303300033033000333333003333330033333300333333003300000033003300330033003333330033333300333033000000000
00000000033333300333333003333300033333000333333003333330033333300333333003333330033333300330033003333330033333300033333000000000
00000000033003300330033003333000033330000330033003300330033003300330033003333330033333000330033003300330033003300003330000000000
00000000000000000000000000000000000000000000000000000000000000000000000000000000000000000000000000000000000000000000000000000000
00000000011111100111111001111110011111100111111001111110011111100111111001111110011111100111111001111110011111100111111000000000
00000000000000000000000000000000000000000000000000000000000000000000000000000000000000000000000000000000000000000111111000000000
00000000000330000003300003333000000330000333330000033000000330000003300000033000033333300000000000033000003333000000000000000000
00000000003333000033330003333300003333000333333000333300003333000033330000333300033333300000000000333300033333300000000000000000
00000000003333000033330003303300003333000330033000333300003333000033330000333300033000000000000000333300033003300000000000000000
00000000003303000033030003303330003303000330333000330300003303000033030000330300033000000000000000330300033003300000000000000000
00000000003303000033030003300330003303000333330000330300003303000033030000330300033330000000000000330300003333000000000000000000
00000000003303000033030003300330003303000333330000330300003303000033030000330300033330000000000000330300003333000000000000000000
00000000003303000033030003303330003303000330333000330300003303000033030000330300033000000000000000330300033003300000000000000000
00000000033333300333333003303300033333300330033003333330033333300333333003333330033000000000000003333330033003300000000000000000
00000000033333300333333003333300033333300333333003333330033333300333333003333330033333300000000003333330033333300000000000000000
00000000033003300330033003333000033003300333330003300330033003300330033003300330033333300000000003300330003333000000000000000000
00000000000000000000000000000000000000000000000000000000000000000000000000000000000000000000000000000000000000000000000000000000
00000000011111100111111001111110011111100111111001111110011111100111111001111110011111100111111001111110011111100000000000000000
00000000011111100111111001111110011111100111111001111110011111100111111001111110011111100111111001111110011111100000000000000000
00000000000000000000000000000000000000000000000000000000000000000000000000000000000000000000000000000000000000000000000000000000
00000000000000000000000000000000000000000000000000000000000000000000000000000000000000000000000000000000000000000000000000000000
