10000033000000000000000000000000000000000000000000000000111122221000011002332232111122100000000000000001133223223322322322332100
10333033000033303330000003000300030000000300030003000000111123221010011001232111111233321100000000000012232223322222332222333200
10333033000000300030000030303030303000003030303030300000101112322100012122100000111233333332220000000122232323333333222232233200
10033033000003000300000003003030303000003030303030300000101101222211002221000210111132211232232001221222222322233333322222223200
12033033000003000300000030303030303000003030303030300000211101123222111110000210111122100111022001333333322222232333332223223200
12033023000030003000000030303030303000003030303030300000322110112333222210001110111112110000011001232233321111233223333222223200
12033033000030003000030003000300030003000300030003000000333310001122233322112222111012210001001010221112120111122222333322223200
12033033000000000000000000000000000000000000000000000000333310000012333333333333211101221001000120121110010001111232233332223200
12000033333333333333333333333333333333333333333323223333333320000001233333333333333210122211100100122111001101101122222333222200
12222233333333333333333333333333333333333333333223222223333310000000233333333333333320001122221022102211000000000112222333322200
12222233333333333333333333333333333222222333333223222233333200000000233333333222233332000012333233221122210000000101321233322200
12223333333333333333333333333333332111111111122122121122222101110010233333333211222231000002333333333111232221000001231233332100
12222233333333333333333333333333332211111122221111111111101111111111222223322222222220001012333322323110233333200000132123332200
12222233333333333333333333333333333333333333331111111111110011111111112223211111111111001013333311222220233322221000022123333100
12222223333333333323333333333333333333333333332221222222222212222222232333211111100011000122112211211121233212211000022123333100
12222223333333333223333333333333333322332332233322322333333223333322232333222222210011222232111111111133111000000000023123333100
12222223333333333233333333333333333222333333233333323333332233333333233333333333322233333232222222222332000000000000013113333100
12222223333333332323333333333333333222223233333333323333333333333333333333333333333333333333333333333332000000000000013123333100
12222223333333332223333333333333333233323233233333322223333333333333333323333233333333333332222333333221000000000000013123333100
12222223333333322323333333333333332222332233233322221222333333333333333322212122333333333321101333333100000000000000022123333100
12222223333333322233333333333333333222333333221111000111333333333333333331000001233333333331000233333320000000000000022123332100
12222223333333322233333333333333333333333333321000000000233333333333333332000000133333333332100023333331000000000000121123332100
11222233333333322233333333333333333333333333332000000000133333333333333333200000023333333333200013333333100000000000131123332100
12222333333333322233333333333333333333333333333200100000013333333333333333320000002333333333320002333333200000000001221233322100
11122333333300000000000000000000000000000000003321000000002333333333333333331000000000000000000000000000000000000000002233222100
12222332233000330300300330003300333000330033300331003000001333333333333333333100033000300300003000033303030333033000300332122100
12222333333000030300303003030030300303003030030332033000000133333333333333333200030303030300030300030003030030030303030322112100
12223333333000030300303000030030300303003030030333003000000023333333333333333311033003030300030300030000300030030303030222122100
12223233333000030300303033033330300303003033330333303010000012333333333333333331030303030300033300033000300030033303330212122200
12223223333030030300303003030030300303003030300333303000000011233333333333333320030303030300030300030003030030033003030222112200
12223333333003300033000330030030333000330030030333303011000011133333333333333210033300300333030300033303030030030303030222222200
12222333322200000000000000000000000000000000003333300000000011233333333322222100000000000000000000000000000000000000002222222200
