01000000000000100000000000000000000000000000000000000000000000000000000000000000000000000000000000000000000000000000000000000000
00000000000000000000001000000000100000000000000000001000000330010000333300000000333330000000000033330000000033333300000033333000
00000000000000000000000000000000000000000000000000000000003330000003333330000003333333000000000333333000000333333300000333333300
00000000000000000000000000000000000000000000000000000000033330000033000033000033300033300000003300003300000330000000003330003330
00000000000000000000000000000000000000000000010000000000000330000330000003300033000003300000033000000330000330000000003300000330
00000000000000000000000000000000000000000000000000000000000330000330010003300033000003300000033000000330000330000000003300000330
00000000000000000000000000000000000010000000000000100000000330000330000003300000000003300000033000000330003333333000000000000330
00001000000000000000000000000000000000000000000000000000000330000330000003300000000003300000033000000330003333333000000000000330
00000000000000000000000000100000000000000001000000000000100330000330000003300000000033000000033000000330003300003300010000003300
00000000000000000000000000000000000000000000000000000000000330000330000003300000000033000000033000000330000000000330000000003300
00000000000000000000000000000000000000000000000000000000000330000330001003300000000330000010033000000330000000000330000000033000
00000000000000000000000000000000000000000000000000000000000330000330000003300000003300000000033000000330000000000330000000330000
00000000000000000000000000000000000010000000000000000000000330000330000003300000033000000000033000000330000000000330000003300000
00000000000000100000000000000000000000000000000001000000000330000330000003300000330010000000033000000330003000003300000033000001
00000000000000000000000000000000000000000000000000000000000330000033000033000003300000000000003300003300033300033300000330000000
00000000000000000000000000000000000000000000000000000000000330000003333330000033333333300330000333333000003333333001003333333330
00000000000000000000000000100000000000000000001000001000000330000000333300000333333333300330000033330000000333330000033333333330
00000010000000000000000000000000000000000000000000000000000000000000000000000000000000000000000000000000000000000000000000000000
01000000000000000000000000000000001000000000000000000000000000000010001000000000000000000000000000000000000000000000000000000000
00000000000000000000000000000000000000001000000000000000000000100000000100000000000000000000000000000000000000000000000000000000
00000000000000000000000000000000000000000000000000000100010000000000100000000000000000000000000000000000000000000000000000000000
00000000000000000000000000000000000000000000000000000000000000000000000000000000010000010000000000000000000001000000000000000000
00000000000000001000000000000000000000000000000000000000000000000000000000000010000000000000000000000000000000000000000000000000
00000000000000000000000000000000000000000000010000000000000000000100000000000000000000000000000000000000000000000000000000000000
00000000000000000000000000000000000000000000000000000000000000000000000000000000000000000000000000000000000000000000000000000000
00000000000033300300000330030003033330333000000000003001000000100000000000000000003330003300300003000000000030000000000000000000
00000000000030030300003003003030030000300300000000033000000000000000000000000000003003030030300003000000000330000000000000000000
00000000000030030300003003000300030000300300000000003000000000000010000000000000003330030030300003000000000030000000000000000000
00000010000033300300003333000300033300333000000000003000000000000000000000010000003003033330300003000000000030000000000000000000
00000111000030000300003003000300030000303000000000003000010000000000000000000000003003030030300003000000000030000000000000000000
00000010000030000333303003000300033330300300010000003000000000000000000000000000003330030030333303333000000030000000000000000000
00000000000000000000000000000000000000000000000000000000000000000000000010000000000000000000000000000000010000000000001000000000
