00000023000000000000000000000000000000000000000000000000211012123201333101111111112233333233333333332323323233333333200000000000
00333012030003000300000003000300030000000300030033300000211110012210233200111111111123333233333333333222333233333333310000000000
00333011330030303000000030303000303000003030330030000000210220011000122100011111111111333222333333333222233333333333320000000000
10033011030000303030000030303030303000003030030033000000220121012001202110011111111111233322333333333322223333333333100000000000
13033033030003003330000003303330303000000330030000300000121121000010100000011111111233322333333333332223233333333333200000000000
13033033030030000030000000300030303000000030030030300000010000001000000000011000111123322223333333332223233333333333200000000000
13033033030033300030030033000030030003003300030003000000222110101112100000000000011123332223333333333222233333333333310000000000
13033033000000000000000000000000000000000000000000000000333321111223210000000000001112332223333333333222223333333333320000000000
13000033333333333333333333333333333333310010111111123333333333332333332100000000001112333222233333333322233333333333320000000000
13333333333333333333333333333333333333310011111111023333333333333333333320000000000111233222233333333322222333333333331000000000
13333333333333333333221233333322233333310000011111023333333333333333333331000000000111233322233333333322222333333333331000000000
13333333333333333322111222333211122333310100011111023333333333333333333331000000000111133312233333333322223333333333331000000000
13333333333333332211100111222222223333200001110111023333333333222222223332000000000111123322223333333322222333333333332000000000
13332233333333221111111112222222333322101111100111023333333333112122223331000000000011123321223333333322222333333333332000000000
12112111211111111112221111112111222211101111111111012332233333222223332220000000000011123321223333333322223333333333332000000000
01000110111111122222222210111111111111110011111111111111233333211111111000000000000101113322223333333332223333333333333000000000
11111111121221222222222111111111222221221111111112222233333333111111110000000000000101023321223333333332222333333333333000000000
12222222222222222222222222222222222222222232222223333333333332111111110000000000000111113321222333333322223333333333332000000000
12222222222222222222222222222322222232333333333333333233333321111101100000000000000001113321122333333332222333333333332000000000
12222222222222222223222222222332222233333332333333333322333211111111000000000000000000013321222333333332222333333333332000000000
12222222222222232333333333333332222222222232333333333232222111111111000000000000000110113321222333333332223333333333331000000000
12222222222222222222333333333332222222233323332333333333211100000000000000000000000001123321223333333322222333333333330000000000
12222222222222222222222222222222111111333323332333333333211100000000000000000000001101123321223333333332222233333333330000000000
12232222333332333233333210000000000000233333333333333333332110000000000000000000001101123311223333333322222333333333320000000000
13333333333300000000000000000000000000000000003333300033333221000000000000000000000000000000000000000022220000333333310000000000
12333233233000330300300330003300333000330033300333003033333332100000000000000000000333000330030000033002200330033333300000000000
12232233332000030300303003030030300303003030030333033033333333210000000000000000000300303003030000300302203003033333200000000000
12332233323000030300303000030030300303003030030333003033333333320000000000000000000333003003030000300302200003033333100000000000
12333333323000030300303033033330300303003033330333303033333333331000000000000000000300303003030000333302200330033333000000000000
13333333322030030300303003030030300303003030300333303033333333332000000000000000000300303003030000300302203000033331000000000000
13333333333003300033000330030030333000330030030333303033333333333200000000000000000333000330033330300302203333033320000000000000
13333333333300000000000000000000000000000000003333300033333333333210000000000000001000000000000000000022200000033310000000000000
