00000000000000000000000000000000000000000000000000000000000000000000000000000000000000000000000000000000000000000000000000000000
00000000000000000000000000000000000000000000000000000000000000000000000000000000000000000000000000000000000000000000000000000000
00000000000000000000000000000000000001111111000001111100001100001100001111100000111110000000000000000000000000000000000000000000
00000000000000000000000000000000000001333333300011333330001330001330011333330001133333000000000000000000000000000000000000000000
00000000000000000000000000000000000001333333330113333333001333001330113333333001333333300000000000000000000000000000000000000000
00000000000000000000000000000000000001330001330133300033301333301330133300033301330003300000000000000000000000000000000000000000
00000000000000000000000000000000000001331111330133000013301333301330133000013301331110000000000000000000000000000000000000000000
00000000000000000000000000000000000001333333300133000013301331331330133000013300333333000000000000000000000000000000000000000000
00000000000000000000000000000000000001333333330133000013301330331330133000013300033333300000000000000000000000000000000000000000
00000000000000000000000000000000000001330001330133000113301330133330133000113301100013300000000000000000000000000000000000000000
00000000000000000000000000000000000001331111330033311133301330033330033311133301331113300000000000000000000000000000000000000000
00000000000000000000000000000000000001333333330003333333001330003330003333333000333333300000000000000000000000000000000000000000
00000000000000000000000000000000000000333333300000333330000330000330000333330000033333000000000000000000000000000000000000000000
00000000000000000000000000000000000000000000000000000000000000000000000000000000000000000000000000000000000000000000000000000000
00000000000000000000000000000000000000000000000000000000000330000000333300000000333300000000000033330000000033330000000033330000
00000000000000000000000000000011111100000011111111100000003330111003333330011003333330000001100333333000000333333000000333333000
00000000000000000000000000001113333331000013333333330000033330330033000033000033000033000001003300003300003300003300003300003300
00000000000000000000000000001333333333300013333333333000000330330330001003300330033003300001033000000330033000000330033000000330
00000000000000000000000000011333333333300013333333333300130330330330001303300330333303300011033030000330033000000330033000000330
00000000000000000000000000113333000033330013330000133300130330000330001303300330333003300013033033000330033000000330033000000330
00000000000000000000000000133330000003333013330000133300130330000330001303300330333003300013033033000330033000000330033000000330
00000000000000000000000000133300000001333013331111133300130330110330001303300330333003300013033033000330033000000330033000000330
00000000000000000000000000133300000001333013333333333300130330330330001303300330333003300113033033300330033000000330033000000330
00000000000000000000000000133300000001333013333333333000130330330330001303300330333003300133033033300330033000000330033000000330
00000000000000000000000000133300000001333013333333300000130330330330001303300330333003300133033033300330033000000330033000000330
00000000000000000000000000133300000011333013330033330000130330000330301303300330333003301133033033300330033000000330033000000330
00000000000000000000000000033330000113333013330003333000130330000330001003300330033003301333033003300330033000000330033000000330
00000000000000000000000000003333111133330013330001333000130330110033000033000033000033000000003300003300003300003300003300003300
00000000000000000000000000001333333333300013330000333300130330333003333330000003333330010330000333333000000333333000000333333000
00000000000000000000000000000333333333300013330000133300130330333300333300000000333300010330000033330000000033330000000033330000
00000000000000000000000000000003333330000003330000033330030000333330000003000000000000000000000000000000000000000000000000000000
00000000000000000000000000000000000000000000000000000000000000000000000000000000000000000000000000000000000000000000000000000000
