00000000000000000000000000000000000000000000000000000000000000000000000000000000000000000000000000000000000000000000000000000001
10000000000000000000000000000000000000000000000000000000000000000000000000000000000000000000000000000000000000000000000000000001
00000000000000000000000000000000000000000000000000000011110000000000000000000000000000000000000000000000000000000000000000000001
00000000000000000000000000000000010000000000000000000001111000000000000000000000000000000000000000000000000000100000000000000000
00000000000000000000000000000001000000000000000000000000111000001000000000000010000000000000000000000000000000000000000001000000
00000000000000011001110000111101100000000000000000000100111000110000000000000000000000000000000000000000000000000000000011000000
00000000000010011100110100110011100000000000000000000000101100010000000000000000000000000000000000000000000000000000000001000000
00000000001111011001011100010010000000000000000000010000001000000000000000000000000000000000000000000000000000000000000010000000
00000000223332210000122222221001222222222222222222222200022222222222222222222222222222222222222222222222222222221222222222222222
22222222233321121111122222222111222222222222222222222211122222222222222222222222222222222222222222222222222222222222222222222222
22222222233200022211122222222212222222222222222222222222222222222222222222222222222222222222222222222222222222221122222222222222
22222222233200012222222222222222222222222222222222222222222222222222222222222222222222222222222222222222222222222122222222212222
22222222222200022222222222222222122222222222222222222222222222222222222222222222222222222222222222222222222222222222222222212222
22222222222200122222222222222221122222222222222222222222222222222222222222222222222222222222222222222222222221122222222222222222
22222222222222222222222222222221112222222222222222222222222222222222222222222222222222222222222222222222222222222222222222222222
22222222222222222222222222222222212222222222222222222222222222222222222222222222222222222222222222222222222222122222222222222222
22222222222222222222222222222222211111222222222222222222223332222222222222222222222222222222222222222222222221122222222222222222
22222222222222222222222222222222111111222222222222222222222232222222222222222222222222222222222222222222222222122222212222222222
22222222222222222222222222222221111111122222222222222222100233222222222222222222222222222222222222222222222222222222112222222222
22222222222222222222222222222221111111222222222222222222100133222222222222222222222222222222222222222222222222222221112222222222
22222222222222222222222222222222221112222222222222222222100022222222222222222222222222222222222212222222222222222221122222222222
22222222212222222222222222222222222211212222222222222222210012222222222222222222222222222222222112222222222222222221222222222222
21122222212221222222122112222222222221212222222222222222222222222222202222222222222222222222222212222222222212222222222222222222
11222222222221222222211111222222222111111222222222222222222222222222212222222222222222222222222212222222222222222211222222222222
12222222223221222222211110112222222111111122222222222222222222222222222222222222222222222222222211233221112322222111222222222222
12222222223322222222221000112222222211111112222222222222122222222222222222222222222222222222222211233321101222221001222222221222
11222222112222222222221000111112222222111112122222222211111111222222222222222222222222212222222210023322101222221001222222221222
21222222112222222222221000011111222221111111112222222121111111222222222222222222122222212222222210012222210122221112222221122221
22222222222222222222221000000101112222111111211122222221111111222222222222222221122222222112222211112222221122222222222211122222
22222222222222222222221100000100111112111111211112211221111111122122222222222122222222222111222222112222221222222222222111221222
22222222222221222222211100000000001001211111111112221121111111122112222222222112222222222211222222222222222222222222222212222222
22222222222211122222221100000000001000111111111111211112111111011111111222222222211222222221222222222222222222222222222212222111
