00000000000000000000000000000000000000000000000000000000000000000000000000000000000000000000000000000000000000000000000000000000
00000000000000000000000000000000000000000000000000000000000000000000000000000000000000000000000000000000000000000000000000000000
00000000000000000000000000000000000000000000000000000000000000000000000000000000000000000000000000000000000000000000000000000000
00333333333333333333333000003330000333333333000000033300000003333333300033300000333333303333330000033300000033333330003333333000
00311111113313311111113300033133000311111113300000331330000003111111330331330003311111333133130000031300000331111133033111113300
00333313333313313333331300031313000313333331300000313130000003133333130313130003133333133133130000031300003313333313331333331300
00000313000313313000031300031313000313000031300000313130000003130003130313130003130003133133130000031300003133000331331300031300
00000313000313313000031300331313300313000031300003313133000003130003133313133003133333333133130000031300003130000031331333333300
00000313000313313333331300313331300313333331300003133313000003133333133133313003311133303133130000031300003130000031333111333000
00000313000313311111113303313331330311111113300033133313300003111111333133313300333311333133130000031300003130000031303333113300
00000313000313313331333003111111130313331333000031111111300003133333331111111303330333133133130000031300003130000031333303331300
00000313000313313033133033133333133313033133000331333331330003130000331333331333130003133133130000031300003133000331331300031300
00000313000313313003313331330003313313003313300313300033130003130000313300033133133333133133133333331333333313333313331333331300
00000313000313313000331331300000313313000331300313000003130003130000313000003133311111333133111111331111113331111133033111113300
00000333000333333000033333300000333333000033300333000003330003330000333000003330333333303333333333333333333033333330003333333000
00000000000000000000000000000000000000000000000000000000000000000000000000000000000000000000000000000000000000000000000000000000
00000000000000000000000000000000000000000000000000000000000000000000000000000000000000000000000000000000000000000000000000000000
00000000000000000000000000000000000000000000000000000000000000000000000000000000000000000000000000000000000000000000000000000000
00000000000000000000033333330333000333333333330333333333333333333033300333333300333333333033333333303333333000000000000000000000
00000000000000000000331111133313000313311111133311111113311111113331303311111330311111113331111111333111113300000000000000000000
00000000000000000000313333313313000313313333313313333333313333331331333133333133313333331331333333331333331300000000000000000000
00000000000000000000313000313313000313313000313313000000313000031331331330003313313000031331300000031300031300000000000000000000
00000000000000000000313333333313000313313000313313333333313000031331331300000313313000031331333333331333333300000000000000000000
00000000000000000000331113330313000313313333313311111113313333331331331300000313313333331331111111333111333000000000000000000000
00000000000000000000033331133313000313311111133313333333311111113331331300000313311111113331333333303333113300000000000000000000
00000000000000000000333033313313000313313333330313000000313331333031331300000313313331333031300000033303331300000000000000000000
00000000000000000000313000313313303313313000000313000000313033133031331330003313313033133031300000031300031300000000000000000000
00000000000000000000313333313331333133313000000313333333313003313331333133333133313003313331333333331333331300000000000000000000
00000000000000000000331111133033111330313000000311111113313000331331303311111330313000331331111111333111113300000000000000000000
00000000000000000000033333330003333300333000000333333333333000033333300333333300333000033333333333303333333000000000000000000000
00000000000000000000000000000000000000000000000000000000000000000000000000000000000000000000000000000000000000000000000000000000
00000000000000000000000000000000000000000000000000000000000000000000000000000000000000000000000000000000000000000000000000000000
