10000022000000000000000000000000000000000000000000000000222222222233333300000003000000000000000000000000000000000000000000000000
10333012000000000000000000000000000000000300000000000000222222222233333303333300000000000000000000000000000000000300000000000000
10333011000000000000000000000000000000003030000000000000222222222333333333333330000000000000000000000000000000003030000000000000
10033021000000000000000000000000000000003030000000000000222222223333333333003330000000000000000000000000000000003030000000000000
13033022000000000000000000000000000000003030000000000000222222223233333300033300000000000000000000000000000000003030000000000000
13033011000000000000000000000000000000003030000000000000222222222333333303333000000000000000000000000000000000003030000000000000
13033011000000000000000000000000000000000300000000000000222222222233333333333330000000000000000000000000000000000300000000000000
13033021000000000000000000000000000000000000000000000000222222222333333333333330000000000000000000000000000000000031130311300000
00000003113000000000000311300000000000000000000000000000000000000000000000000000000000000000003113031130000000000031130311300000
00000003113000000000000311300000000000000000000000000000000000000000000000000000000000000000003113031130000000000033330311300000
00000003113000000000000311300000000000000000000000000000000000000000000000000000000000000000003113033330000000000000000311300000
00000003113000333333300311303333000333330000000000000000003333300000033333330033333330000000003113000000033333330033330311300000
00000003113003333311300311303113003333333000000000000000033333330000333333330333333330000000003113000000333331130031130311300000
00000003113000000311300311303113033130313300000000000000331303133003313000003313000000000000003113000000000031130031130311300000
00000003113000000311300311303113031130311300000000000000311303113003113000003113000000000000003113333000000031130031130311300000
00000003113000000311300311303133031130311300000000000000311303113003113000003113000000000000003113333000000031130031130311300000
00000003113000333311300311333130031130311300000000000000311303113003113000003113000000000000003113000000033331130031130311300000
00000003113003333311300311333130031133311300033333333000311303113033113333033113333000000000003113000000333331130031130311300000
00000003113033130311300311303133031133333300031111113000311303113033113333033113333000000000003113000003313031130031130311300000
00000003113031130311300311303113031130000000031111113000311303113003113000003113000000000000003113000003113031130031130311300000
00000003113031130311300311303113031130000000033333333000311303113003113000003113000000000000003113000003113031130031130311300000
00000003113031130311300311303113031130000000000000000000311303113003113000003113000000000000003113000003113031130031130311300000
00000003113031130311300311303113031130333300000000000000311303113003113000003113000000000000003113000003113031130031130311300000
00000003113033130311300311303113033130313300000000000000331303133003113000003113000000000000003113000003313031130031130311300000
00000003113000000000000000000000000000000000000000000000033333330003113000003113000000000000000000000000333000133031130311300000
00000003333033300300000330030003033330333000000000003000003333300003113000003113003330003300300003000000030030333033330333300000
00000000000030030300003003003030030000300300000000033000000000000003113000003113003003030030300003000000000330000000000000000000
00000000000030030300003003000300030000300300000000003000000000000003113000003113003330030030300003000000000030000000000000000000
00000000000033300300003333000300033300333000000000003000000000000003113000003113003003033330300003000000000030000000000000000000
00000000000030000300003003000300030000303000000000003000000000000003333000003333003003030030300003000000000030000000000000000000
00000000000030000333303003000300033330300300000000003000000000000000000000000000003330030030333303333000000030000000000000000000
00000000000000000000000000000000000000000000000000000000000000000000000000000000000000000000000000000000000000000000000000000000
