00000000000000000000000000000000000000000000000000000000000000000000000000000000000000000000000000000000000000000000000000000000
00000000000000000000000000000000000000000000000000000000000000000000000000000000000000000000000000000000000000000000000000000000
00000000000000000000000000000000000000000000000000000000000000000000000000000000000000000000000000000000000000000000000000000000
00000000000000000000000000000000000000000000000000000000000000000000000000000000000000000000000000000000000000000000000000000000
00000000000000000000000000000000000000000000000000000000000000000000000000000000000000000000000000000000000000000000000000000000
00000001100011100011001111000110001101111100011111101111110011111011000110110000000011111101100011011011000110001111000000000000
00000001100011100011011001100111001101100110011000001100011011000011000110110000000000110001100011011011100110011001100000000000
00000000110111110110110000110111001101100011011000001100011011000011000110110000000000110001100011011011100110110000000000000000
00000000110110110110110000110111101101100011011000001100011011000011000110110000000000110001100011011011110110110000000000000000
00000000110110110110110000110110101101100011011111101111110011111011000110110000000000110001111111011011010110110011100000000000
00000000110110110110110000110110111101100011011000001100110011000011000110110000000000110001100011011011011110110001100000000000
00000000011100011100110000110110011101100011011000001100111011000011000110110000000000110001100011011011001110110001100000000000
00000000011100011100011001100110011101100110011000001100011011000011000110110000000000110001100011011011001110011001100000000000
00000000011100011100001111000110001101111100011111101100011111000001111100111111000000110001100011011011000110001111000000000000
00000000000000000000000000000000000000000000000000000000000000000000000000000000000000000000000000000000000000000000000000000000
00000000000000000000000000000000000000000000000000000000000000000000000000000000000000000000000000000000000000000000000000000000
00000000000000000000000000000000000000000000000000000000000000000000000000000000000000000000000000000000000000000000000000000000
00000000000000000000000000000000000000000000000000000000000000000000000000000000000000000000000000000000000000000000000000000000
00000000000000000000000000000000000000000000000000000000000000000000000000000000000000000000000000000000000000000000000000000000
00000000000000000000001101100011000011111100110001111001100011011111100001111110000111000111000111011111100000000000000000000000
00000000000000000000001101110011000011000110110011001101100011000110000001100011000111000111000111011000110000000000000000000000
00000000000000000000001101110011000011000110110110000001100011000110000001100011001101100111101111011000110000000000000000000000
00000000000000000000001101111011000011000110110110000001100011000110000001100011001101100111101111011000110000000000000000000000
00000000000000000000001101101011000011111100110110011101111111000110000001111110001101100110101011011000110000000000000000000000
00000000000000000000001101101111000011001100110110001101100011000110000001100110001101100110101011011111100000000000000000000000
00000000000000000000001101100111000011001110110110001101100011000110000001100111011111110110111011011000000000000000000000000000
00000000000000000000001101100111000011000110110011001101100011000110000001100011011000110110111011011000000000000000000000000000
00000000000000000000001101100011000011000111110001111001100011000110000001100011111000110110010011011000000000000000000000000000
00000000000000000000000000000000000000000000000000000000000000000000000000000000000000000000000000000000000000000000000000000000
00000000000000000000000000000000000000000000000000000000000000000000000000000000000000000000000000000000000000000000000000000000
00000000000000000000000000000000000000000000000000000000000000000000000000000000000000000000000000000000000000000000000000000000
00000000000000000000000000000000000000000000000000000000000000000000000000000000000000000000000000000000000000000000000000000000
