00000000000000000000000000000000000000000000000000000000000000000000000000000000000000000000000000000000000000000000000000000000
00000000000000000000000000000000000000000000000033333300000000000000300000000000000000003333000000000000333300000003300000033000
00000000000000000000000000000000000000000000000333333300000000000003300000000003000000033333300000000003333330000033300000333000
00000000000000000000000000000000000000000000000330000000000000000003300000000003000000333003330000000033300333000333300003333000
00000000000000000000000000000000000000000000000330000000000000000033300000000033000003300000033000000330000003300003300000033000
00000000000000000000000000000000000000000000000330000000000000000033300000000033000003300000033000000330000003300003300000033000
00003333000000333333000033033003333300000033303333333030333300300333303333300333000003303000033030000330330003303003303333033000
00003333000000333333000033333003333330000033303333333000333300303303303333303303000003300300033033000330033003303003303333033000
00003111100000311111100331131103111110000031103300003300311113003303301111003303000003330000333011000333000033301103301111033000
00003111100000311111100331111103111111000031100000000330311110033003301110033003000000333333330011100033333333001103301111033000
00003111100000311111100311111103111111000031111110030330311100333003301100333003000030033333330111100003333333011103301111033000
00000111100000011111100311111100111111100001111110000330011103330003300003330003000031000033300111110000003330011103301111033000
00000111100000011111100311111100111111100001100010000330011103333333333003333333000031110033001111110011003300111103301111033000
00000311000000331111000311001100311031100033003000003300031103333333333003333333000031100330031103110030033000311003301101033000
00000311000000331011000311331100311331100033033300033301000000000003300000000003000031003300031100000000330010311003301101033000
00000311000000311331000311333300311301000031003333333001033003113303303113000003000030033001031103300003300110311003301100033000
00000311033000311331100311011110311111000031100333330011033003110103303111100003000030330011031103300033001100311003301100033000
00000311033000311111100311011110311110000031110000000111000003110100003111130000000030000311031100000000011110311000001100000000
00000311031103311111100311031100311031000331111110003110111103110311003110330000000031100311031103100031100310311000031100000000
00003311331133310033130311331103311031303331003313033110111103113311033113311000000031133311331103130331133313311000331100000000
00003311331133110033110311331103311031303311003311033110311103113311033113311000000031133311331103130331133313311000331100000000
00003111111131111031111311111103111131113111103111131111011103111111031111111000000031111111311113111311111113111100311110000000
00003111111131111031111011111103111131113111103111131111011100111111031111111000000001111111311113111311111113111100311110000000
00003111111131111031111011111103111131113111103111131111031100111111031111111000000001111111311113111311111113111100311110000000
00000111111000000000000000000000000000000011100111100011001100011111001111111000000000000000000000011011111000111100011110000000
00000111111033300300000330030003033330333001100111003011001100011111001111111000003330003300300003011011110030111100011110000000
00000000000030030300003003003030030000300300000000033000000000000000000000000000003003030030300003000000000330000000000000000000
00000000000030030300003003000300030000300300000000003000000000000000000000000000003330030030300003000000000030000000000000000000
00000000000033300300003333000300033300333000000000003000000000000000000000000000003003033330300003000000000030000000000000000000
00000000000030000300003003000300030000303000000000003000000000000000000000000000003003030030300003000000000030000000000000000000
00000000000030000333303003000300033330300300000000003000000000000000000000000000003330030030333303333000000030000000000000000000
00000000000000000000000000000000000000000000000000000000000000000000000000000000000000000000000000000000000000000000000000000000
