00000001100000000000000000000000000001110000000000000000000000000000000000000000000000000000000000000000000000000000000000000000
00000000000000000000000000000000000000100000333330000000033333333330000330000000333330000000000033333000000033333000033333333330
00000000000000000000000000000000000000000003333333000000033333333330003330000003333333000000000333333300000333333300033333333330
00000000000000000000000100000000000000000033300033300001000000003300033330000033300033300000003330003330003330003330000000003300
00000000000000000000001000000000000000000033000003300000000000003300000330000033000003300000003300000330003300000330000000003300
00000000000000000000000000000000000000000000000003300000000010033000000330010033000003300000003300000330000000000330000000033000
00000000000000000000000000000000000000000000000003300000000000033000000330000000001003300000000000000330000000000330000000033000
00000000000000000000000000000000000000000000000033000100000000330000000330000000011003300000000000000330000000003300000000330000
00000000000000000000000000000000000000000000003333000000000000330000000330000000001033000000000000003300000000333300000000330110
00000000000000000000000000000000000000000000003333000000001003300000000330000000000033000000000000003300000000333300000003300100
00000000100000000000000000000000000000000000000033300000000003300000000330000000000330000000000000033000000000003330000003300000
00000001110000000000000000000000000000000000000003300000000033000000000330000000003300000000100000330000000000000330000033000000
00000000100000000000000000000000000100000000000003300000000033000000000330001000033000000000010003300000000000000330000033000000
00000000000000000000000000000000001110000330000003301000000330010001010330000000330000000000000033000000033000000330000330000000
00000000000000000000000000000000000100000333000033300000000330000000000330000003300000000000000330000000033300003330000330000000
00000000000000000000000000000000000000000033333333000330003300000000000330000033333333300330003333333330003333333300003300000000
00000000000000000000000000000000000000000000333330000330033301000000000330000333333333300330033333333330000033333000033300000000
00000000000000000000000000000000000000000000000000000000000000000000000000000000000000000000000000000000000000000000000000000000
00000000000000000000000000000000000000000000000000000000000000000001000100010000000000000000000000100000000000000000000000000000
00000000000000000000000000000000000000000000000000000000000100000000010000000000001000000000000000000000000000000000000000000000
00000000000000000000000000000000000000000001000000000001000000000000000000000000000010000000000000000000000000000000000000000000
00000000000000000000000000000010000000000010000000000000000000000000000000000010000000000000000000000000000000000000000000000000
00000000000000000000000000000100000000000000000001000000000000000010000000000000000000000000000000000000000000000000000000000000
00001000000000000000000000000000000000000000000000000000010000001000000000000000000000000000000000000000000000000000000000000000
00010000000000000000000000000000000000000000000000000010000000000000000100000000000000000000000000000000000000000000000000000000
00000000000033300300000330030003033330333000000000003000000000000000000000000000003330003300300003000000000330000000000000000000
00000000000030030300003003003030030000300300000000033000000000000001000000010000003003030030300003000000003003000000000000000000
00000000000030030300003003000300030000300300000000003000000010001000000000000000003330030030300003000000000030000000000000000000
00000000000033300300003333000300033300333000000000003000000000000000000000000000003003033330300003000000000003000000000000000000
00000000000030000300003003000300030000303001000000003010000000000000000000001000003003030030300003000000003003000000000000000000
00000000000030000333303003000300033330300301000000003000000000000000000000000100003330030030333303333000000330000000000100000000
00000000000000000000000000000000000000000001100000000000000000000000000000000000000000000000000000000000000000000000001110000000
