00000000000100000000000000000000000000000000000000000000000000000000000000000000000000000000000000000000000000000000000000000000
00000000000000003333300000003333300000003333300000000000000030000000333300000000333300000000000033330000000033330000000033330000
00000000000000033333330000033333330000033333330000000000000330000003333330000003333330000000000333333000000333333000000333333000
00000000000000333000333000333000333000333000333000000000000330000033000033000033000033000000003300003300003300003300003300003300
00000000000000330000033000330000033000330000033000010000003330000330000003300330000003300000033000000330033000000330033000000330
00000000000000330000033000000000033000000000033000100000003330000330000003300330000003300000033000000330033000000330033000000330
00000000000000000000033000000000033000000000033000000000033330000330000003300330100003300000033000000330033000000330033000000330
00000000000000000000033000000000330000000000330000000000330330000330010003300330010003300000033000000330033000000330033000000330
00000000000000000000330000000033330000000033330000000000330330000330000003300330100003300000033000000330033000000330033001000330
00000000000000000000330000000033330000000033330000000003300330000330000003300330000003300000033000000330033000000330033011100330
00000000000000000003300000000000333000000000333000000033300330100330000003300330000003300010033000000330033000000330033001000330
00000000000101000033000000000000033000000000033000000333000330000330001003300330000003300100033000000330033000000330033000000330
00000000000010000330000000000000033000000000033000000333333333300330000003300330000003300000033000000330033000000330033000000330
00000000000000003300000003300000033003300000033000000333333333300330000003300330000003300000033000000330033000000330033000000330
00000000000000033000000003330000333003330000333000000000000330000033000033000033000033000000003300003300003300003300003300003300
00000000000000333333333000333333330000333333330003300000000330000003333330001003333330000330000333333000000333333000000333333000
00000000000003333333333000003333300000003333300003300000000330000000333300000000333300000330000033330000000033330000000033330000
00000000000000000000000000000000000000000000000000000000000000000000000000000000000000000000001000000000000000000000000000000000
00000000000000000000000000000000000000000000000000000000000000000000001000100000010000000000000000000000000000000000000000000000
00000000000000000000000000000000100000000000100000000000100100000000100000000000000000000000000000000000000000000000000000000000
00000000000000000000000000000001000000000000010000000000000000000000000000000000010000000000000000000000000000000000000000000000
00000000000000000000000000000000100000000000000000000000000000000000000000000000000000000000000000000000000000000000000000000000
00000000100000000000000000000000000000000000000000000000000000000000000000000000000000000000000000000000000000000000000000000000
00000001110000000000000000000000000000000000000000000000010000010000000000000000000000000000000000000000000000000000000000000000
00000000100000000000000000000000000000000000000000000000000000000000000010000000000000000000000000000000000000000000000000000000
00000000000000330300300330003300333000330033300000003000000000000000000100000000100333000330030000033000000330000000000000000000
00000000000000030300303003030030300303003030030000033000000000010000000000000000010300303003030000300300003003000000000000000000
00000000000000030300303000030030300303003030030000003010000000001000000000000000000333003003030000300300000003000000000000000000
00000000000000030300303033033330300303003033330000003011000000000000000000010000000300303003030000333300000330000000000000000000
00000000000030030300303003030030300303003030300000003010000000000000000000001000000300303003030000300300003000000000000000000000
00000000000003300033000330030030333000330030030000003000000000000000000000000000000333000330033330300301003333000000000000000000
00000000000000000000000000000000000000000000000000000000000000000000000000000000000000000000000000000010000000000010000000000000
