33333333333333333333333333333333333333333333333333333333333333333333333333333333333333333333333333333333333333333333333333333333
33333333333333333333333333333333333333333333333333333333333333333333333333333333333333333333333333333333333333333333333333333333
33333333333333333333333333333333333333333333333333333333333333333333333333333333333333333333333333333333333333333333333333333333
33333333333333333333333333333333333333333333333333333333333333333333333333333333333333333333333333333333333333333333333333333333
33333333333333333333333333333333333333333333333333333333333333333333333333333333333333333333333333333333333333333333333333333333
33333333333333333333333333333333333333333333333333333333333333333333333333333333333333333333333333333333333333333333333333333333
33300000000000000033333333333333333333333333333333333333333333333333333333333000000000000333333333333333333330000033300000333333
33331000011111100013333333333333333333330333333333333333333333333333333333333310000111000003333333333333333333000013330000133333
33333000013333330013333333333333333333300133333333333333333333333333333333333330000133300001333333333333333333000013330000133333
33333000013333333013333333333333333333300133333333333333333333333333333333333330000133330000333333333333333333000013330000133333
33333000013330333013333333333333333333000133333333333333333333333333333333333330000133330000133333333333333333000013330000133333
33333000013330133313333333333333333300000133333333333333333333333333333333333330000133330000133333333333333333000013330000133333
33333000013300133333300000030000033000000000330000033000333333000000333333333330000133300001133333000000333333000013330000133333
33333000013000133333330000113001113310000111133000010000033300311100033333333330000133000011333300311100033333000013330000133333
33333000000000133333333000033011333330000133333000003000013000133300003333333330000000000113333000133300003333000013330000133333
33333000011000133333333000010313333330000133333000011300113000033300001333333330000111000003333000033300001333000013330000133333
33333000013300133333333300003133333330000133333000013331133300113300001333333330000133310000333300113300001333000013330000133333
33333000013330133333333330000333333330000133333000013333333331130000001333333330000133330000033331130000001333000013330000133333
33333000013330133333333330000133333330000133333000013333333333003100001333333330000133330000013333003100001333000013330000133333
33333000013333133303333330000033333330000133333000013333333300011300001333333330000133330000013300011300001333000013330000133333
33333000013333333301333303000013333330000133333000013333333000013300001333333330000133330000013000013300001333000013330000133333
33333000013333333001333301300003333330000130333000013333333000013000001333333330000133300000113000013000001333000013330000133333
33333000013333300011330031300000333330000003133000013333333000000300000333333330000133000001133000000300000333000013330000133333
33300000000000000013300000300000033333100011330000003333333300001130001133333000000000000111333300001130001130000003300000033333
33331111111111111113331111131111113333331113333111111333333331111333111333333311111111111133333331111333111333111111331111113333
33333333333333333333333333333333333333333333333333333333333333333333333333333333333333333333333333333333333333333333333333333333
33333333333333333333333333333333333333333333333333333333333333333333333333333333333333333333333333333333333333333333333333333333
33333333333333333333333333333333333333333333333333333333333333333333333333333333333333333333333333333333333333333333333333333333
33333333333333333333333333333333333333333333333333333333333333333333333333333333333333333333333333333333333333333333333333333333
33333333333333333333333333333333333333333333333333333333333333333333333333333333333333333333333333333333333333333333333333333333
33333333333333333333333333333333333333333333333333333333333333333333333333333333333333333333333333333333333333333333333333333333
33333333333333333333333333333333333333333333333333333333333333333333333333333333333333333333333333333333333333333333333333333333
