00000001000000000000000000000000000000000000000000000000222222223333333333333333333333332100000000000000000000000000000000000000
00333002000000000000030003000300000003000300030000000000222222111233333333333333333333333210000000000000000000000000000011111100
00333003000000000000303030303030000030303030300000000000212221111123333333333333333333333332222110000000000000000000011222222100
00033003000000000000003030303030000030303030303000000000222221111113333333333333333333333333333332221000000000000001222333333200
00033003000000000000030030303030000030303030333000000000111121111123333333333333333333333333333223332100000000000112233333333200
00033002000000000000300030303030000030303030003000000000111111110133333333333333333333333333333112223211122110001222233333333100
00033000000000000000333003000300030003000300003000000000111111100233333333333333333333333333332210012211233322112322333333333200
00033000000000000000000000000000000000000000000000000000111111001233333333333333333333333333333211001211233223212333333333333200
00000000133333321111111111111111211222222222222222121111111111001232233333333333333333333333333222211112132101112333322223333200
00000000133333332211111111111110111111111111111111111111111111001223233333333333333333333333333222332112123200112322311112233200
00000000133333332222221011111111111111100001111111110111111111002222232333333233333333333333333321233333222210011321211111133200
00000000233333332222222111011111111111000001111111111011111110002222222332233222233333333333333331023333333222111222211000123200
00000000233333332222221000011111111111111001111111111011111110002222222222223322223333333333333331023333333321233333222110012200
00000000233333332222221110111111111111011111111111111011111110001122222222223323333333333333333211123333233221133333223322011200
00000000233333333232221100011111111111010111111111111001111111001112222222222223323333333333333312232222222111233223223333211100
00000000233333333332111111111111111111111111111111111101111111001212222222222222233333333333333322332111111111123222223332221000
00000000233333322222111111111111111111111111111111010111111110001122222222222222222333333333333333333332122222222223111111011000
00000000233333332321111111111111111111111111111111000111111110000122222222222222222333333333333333333333333333333323100000001000
00000000233333332211111111111111111111112111111111000111111110000122222222222222223233333332333333333333333333333332100000001000
00000001233333332111111111211111111111122111111000001111110100000122222222222222232333333332333333211233333322233321000000001100
01111112333333333211111111111111111211112111111000000111111111000012222222222222223333333333333333210123333321133321000000000000
12223233333333322322111111111111112111222211111100001111111111100011222222222222233333333333333333321012333332123332100000000000
12333333333333201233222111211121112112222221111100001111111111111101222222222222223333333333233333332101333333212333200000000100
13333333333333200233333222211122222112222221111101111111111110111101222222222222233233333321123333333211233333321233310000001100
13333333333000000000000000000000000000000022111111100011111110111111232222222233300000000000000000033321120000321133320000012200
13333333333033300300000330030003033330333002211111003011111111111112333322233233303330003300300003033321100330021122210000012200
13333333333030030300003003003030030000300302221111033011111110111133333331122222303003030030300003033320003003021121110000122200
12333333333030030300003003000300030000300302321111003011111111112333333321000112303330030030300003022200000003011111111111122100
12333222323033300300003333000300033300333002232000003000000000112222222221100012303003033330300003000000000330001111111111212100
12333223322030000300003003000300030000303002233100003000000000000001110000000123203003030030300003000000003000000122211111122100
13222322322030000333303003000300033330300303333200003000000000000000000000000011103330030030333303333000003333000011110112222100
13233333221000000000000000000000000000000003333100000000000000000000000000000000000000000000000000000000000000000000100121222100
