11111111111100011111111111111110011111111111111111111110000000111110000001111110000001111111111000000111111000001111111111100011
11111111111111111111111111111110001111111111111111111100333330011100333300111100333300111111110033330011110033331111111111003011
11111111111111111111111111111111101111111111111111111003333333001003333330011003333330011111100333333001100333333111111111033011
11111111111111111111111111111111100000111111111111111033300033300033000033000033000033001111003300003300003300003311111110033011
11111111111111111111111111111111000000111111111111111033001003300330011003300330011003301111033001100330033001001331101110333011
11111111111111111110011111111110000000011111111111111033000103300330111103300330111103301111033011110330033011111331001100333011
11111111111111111102210011111110000000111111111111111000000003300330111103300330111103301111033011110330033011111330001003333011
11111111111111111033333201111111110001111111111111111111000003300330111103300330111103301111033001110330033011111330011033033011
11111111101111111133322331111111111100101111111111111111100033000330111103300330111103301111033001110330033011111330110033033011
10011111101110110233332233111111111110101111111111111111110033010330101103300330111103301111033001110330033001111331100330033011
00111111111110001332333233301111111000000111111111111111100330010330101103300330111103301111033001110330033011111330003330033011
01111111112110011231233233320111111000000011111111111111003300110330111103300330111103301111033000120330033011111330033300033000
01111111112211001231233223331111111100000001111111111110033001110330111103300330111103301111033000120330033011110330033333333330
00111111001111000133333333332001111111000001011111111100330000110330011003300330011003301111033000000330033001100330033333333330
10111111001111000023333333333100111110000000001111111003300000000033000033000033000033000000003300003300003300002201000000033000
11111111111111000013323331233200001111000000100011110033333333301003333330011003333330010330100333333001100333331111111100033011
11111111111110100012312331223200000001000000100001100333333333301000333300111000333300110330110033330011110033331111111000033011
11111111111110100000233332223300000000100000000001110000000000001000000001111000000001110000111000000111111000001111111101000011
11111111111101110000033333323200000000000000000000100001000000000000000111111111100111111110111111111111111111111111111101111000
11111111111100111010022333333100000000000000000000010000100000000000000001111111100001111110111111111111111111111110110001101000
11111111111100022110022333221000000000000000000000000000000000000000000001111111100000011110001111111111111111011100100000010000
11111111110012112210023332000000000000000000000000000000000000000000000000111111100000001010000100111111001110001100100000000000
11111111101122110110022320000000000000000000000000000000010000000000000000001111110000000000000101011110000111001100000000000000
00111111012221001111000000000000000000000000000000000000000000000000000000000100011000000000000001101111111111011100000000000000
00111111022000000000000000000000000000000000000000000000000000000000000000000000000000000000000000001111110000011100000000000000
10111111022033300300000330030003033330333000000000003000000000000000000000000000003330003300300003001111110030001110000000000000
11111111101030030300003003003030030000300300000000033000000000000000000000000000003003030030300003011111110330111110000000000000
10012211000030030300003003000300030000300300000000003000000000000000000000000000003330030030300003001100000030111110000000000000
10002221000033300300003333000300033300333000000000003000000000000000000000000000003003033330300003001100001030111100001111000000
00001211100030000300003003000300030000303000000000003000000000000000000000000000003003030030300003000010000030111100011111100000
10000111110030000333303003000300033330300300000000003000000000000000000000000000003330030030333303333010010030111100101111100000
10000111111000000000000000000000000000000000000000000000000000000000000000000000000000000000000000000010011000101111000010000001
