00000000011111101111111001111100011111100000000000111100011111001100011001111110001110000011110001111110011111000111110000000000
00000000011111101111111011111110011111100000000001111110111111101110011001111110011111000111111001111110111111101111111000000000
00000000000110001100000011100000000110000000000011000110110001101111011000011000111011101100011000011000110001101110000000000000
00000000000110001111100001111100000110000000000011000000110001101111111000011000110001101100000000011000110001100111110000000000
01111100000110001100000000001110000110000000000011100110110001101101111000011000111111101110011000011000110001100000111001111100
00000000000110001111111011111110000110000000000001111110111111101100111000011000110001100111111000011000111111101111111000000000
00000000000110001111111001111100000110000000000000111100011111001100011000011000110001100011110000011000011111000111110000000000
00000000000000000000000000000000000000000000000000000000000000000000000000000000000000000000000000000000000000000000000000000000
00000000000000000000000000000000000000000000000000000000000000000000000000000000000000000000000000000000000000000000000000000000
00111100011111001100011000110000000000000011110000333000003330000000000000000000000000000000000000000000000000000000000000000000
01111110111111101110011000110000000000000111111000333000033333000000000000000000000000000000000000000000000000000000000000000000
11000110110001101111011000000000000000001100011000033000330033300000000000000000000000000000000000000000000000000000000000000000
11000000110001101111111000000000000000001100000000033000330003300000000000000000000000000000000000000000000000000000000000000000
11100110110001101101111000000000000000001110011000033000333003300000000000000000000000000000000000000000000000000000000000000000
01111110111111101100111000110000000000000111111000033000033333000000000000000000000000000000000000000000000000000000000000000000
00111100011111001100011000110000000000000011110000033000003330000000000000000000000000000000000000000000000000000000000000000000
00000000000000000000000000000000000000000000000000000000000000000000000000000000000000000000000000000000000000000000000000000000
00000000000000000000000000000000000000000000000000000000000000000000000000000000000000000000000000000000000000000000000000000000
00000000000000000000000000000000000000000000000000000000000000000000000000000000000000000000000000000000000000000000000000000000
00333300000000000000000033333330330000000033330033333300333333003333333033333300000000003333300033333330333333000000000000000000
03333330000000000000000033333330330000000033330033333330333333303333333033333330000000003333330033333330333333300000000000000000
33000330000000000000000033000000330000000003300033000330330003303300000033000330000000003300333033000000330003300000000000000000
33000000000000000000000033333000330000000003300033333330333333303333300033003330000000003300033033333000330033300000000000000000
33300330000000000000000033333000330000000003300033333300333333003300000033333000000000003300333033000000333330000000000000000000
03333330003300000000000033000000333333000033330033000000330000003333333033033300000000003333330033333330330333000033000000000000
00333300003300000000000033000000333333000033330033000000330000003333333033003330000000003333300033333330330033300033000000000000
00000000000000000000000000000000000000000000000000000000000000000000000000000000000000000000000000000000000000000000000000000000
00000000000000000000000000000000000000000000000000000000000000000000000000000000000000000000000000000000000000000000000000000000
00000000000000000000000000000000000000000000000000000000000000000000000000000000000000000000000000000000000000000000000000000000
00000000000000000000000000000000000000000000000000000000000000000000000000000000000000000000000000000000000000000000000000000000
00000000000000000000000000000000000000000000000000000000000000000000000000000000000000000000000000000000000000000000000000000000
00000000000000000000000000000000000000000000000000000000000000000000000000000000000000000000000000000000000000000000000000000000
