00000000000000000000000000000000000000000000000000000000000000000000000000000000000000000000000000000000000000000000000000000000
00000000000000000000000000000000000000000000000000000000000000000000000000000000000000000000000000000000000000000000000000000000
00000000000000000000000000000000000000000000000000000000000000000000000000000000000000000000000000000000000000000000000000000000
00000000000000000000000000000000000000000000000000000000000000000000000000000000000000000000000000000000000000000000000000000000
00000000000000000000000000000000000000000000000000000000000000000000000000000000000000000000000000000000000000000000000000000000
00000000000000000000000000000000000000000000000000000000000000000000000000000000000000000000000000000000000000000000000000000000
00000000000000000000000000000000000000000000000000000000000000000000000000000000000000000000000000000000000000000000000000000000
00000000000000000000000000000000000000000000000000000000000000000000000000000000000000000000000000000000000000000000000000000000
00000000000000000000000000000000000000000000000000000000000000000000000000000000000000000000000000000000000000000000000000000000
00000000000000001111100000111000001110111111111110000111111000001111111100000111111111000000011111100000111111110000000000000000
00000000000000001131100000131000001310133333333310001133331100001333333310000133333333100000113333110000133333311000000000000000
00000000000000011313110000131000001310111113111110011311113110001311111131000131111111310001131111311000131111131100000000000000
00000000000000013111310000131000001310000013100000013100001310001310000113100131000001310001310000131000131000013100000000000000
00000000000000013101310000131000001310000013100000113100001311001310000013100131000001310011310000131100131000013100000000000000
00000000000000013101310000131000001310000013100000113100001311001310000013100131111111310011310000131100131111131100000000000000
00000000000000113101311000131000001310000013100000113100001311001310000013100133333333100011310000131100133333311000000000000000
00000000000000113111311000131000001310000013100000113100001311001310000013100131113110000011310000131100131111110000000000000000
00000000000000133333331000131000001310000013100000113100001311001310000013100131001311000011310000131100131000000000000000000000
00000000000001131111131100131100011310000013100000013100001310001310000113100131000131100001310000131000131000000000000000000000
00000000000001310000013100013111113100000013100000011311113110001311111131000131000013100001131111311000131000000000000000000000
00000000000001310000013100011333331100000013100000001133331100001333333310000131000011310000113333110000131000000000000000000000
00000000000001110000011100000111110000000011100000000111111000001111111100000111000001111000011111100000111000000000000000000000
00000000000000000000000000000000000000000000000000000000000000000000000000000000000000000000000000000000000000000000000000000000
00000000000000000000000000000000000000000000000000000000000000000000000000000000000000000000000000000000000000000000000000000000
00000000000000000000000000000000000000000000000000000000000000000000000000000000000000000000000000000000000000000000000000000000
00000000000000000000000000000000000000000000000000000000000000000000000000000000000000000000000000000000000000000000000000000000
00000000000000000000000000000000000000000000000000000000000000000000000000000000000000000000000000000000000000000000000000000000
00000000000000000000000000000000000000000000000000000000000000000000000000000000000000000000000000000000000000000000000000000000
00000000000000000000000000000000000000000000000000000000000000000000000000000000000000000000000000000000000000000000000000000000
00000000000000000000000000000000000000000000000000000000000000000000000000000000000000000000000000000000000000000000000000000000
00000000000000000000000000000000000000000000000000000000000000000000000000000000000000000000000000000000000000000000000000000000
00000000000000000000000000000000000000000000000000000000000000000000000000000000000000000000000000000000000000000000000000000000
