00000000000000000000000000000000000000000010000000000000000000000000000000000000001000000000000000000000000000000000000000000000
00000001000000000000000000000000000000000111000030000000000033333000000330000000000030000000000033333000000033330000000033333000
00000000000000000001000000100000000100000010000330000100000333333300003330000000000330000000000333333300000333333000000333333300
01000000000000000000000000000000000000000000000330000000003330003330033330000000000330000010003330003330003330033300003330003330
00000000000000000000000000000000000000000000003330000000003300000330000330000000003330000000003300000330033000000330003300000330
00000000000000000000000000000000000000000000003330000000000000000330000330000000003330000000003300000330033000000330000000000330
00000000000000000000000000000000000000000000033330000000000000000330100330000000033330000000000000000330033000000330000000000330
00000000001000000000000000000000000000000000330330010000000000003300000330000000330330000000000000000330033000000330000000003300
00000000000000000000000000000000000000000000330330000000000000333300000330001000330330000000000000003300033300003330000000333300
00000000000000000000000000000100000000000003300330000000100010333300000330000003300330000000000000003300003333333300000000333300
01000000000000000000000000000000000000000033300330000000000000003330010330000033300330000000000000033000000333333300000000003330
00000000000000000000000000000000000000000333000330000000000000000330000330000333000330000000000000330000000000333000000000000330
00000000000000000000000000000000000000010333333333300000000000000330000330000333333333300000000003300000000000330000000000000330
00000000000000000001000000000000000000000333333333300000033001000330000330000333333333300000000033000000000003300000033000000330
00000000000000000000000000000000000000000000000330000000033300003330000330000000000330000000000330000000000033000000033300003330
00000000000000000000000000000100000000000000000330000330003333333300000330000000000330000330003333333330000330000000003333333300
00000000000000000000000000000000000000000000000330000330000033333000000330000000000330000330033333333330003300000000000033333000
00000001000000000000000000000000000001000000000000000000000000000000000000000000000000000000000000000000000000000000000000000000
00000000000000000000000000000000000000000010000000000000000000000100001001000000000000000000000000000000000000000000000000000001
00000000000000000000000000000000000000000000000000000000000000000000000000000000000000000000000000000000000000000000000000000000
00000000000000000000000000000000000000000000000000000100000000000001000000000001000001000000000000000000100000000000000000000000
00000000000000000000010000000000000000000000000000000000000000000000000000001000000000000000000000000000000000000000000000000000
00000000000000000000000000000000000000000000000100000000000000000100000000000000000000000000000000000000000000000000000000000000
00000000000000000000000000000000000000000100000000000001000000100000000000000000000000000000000000000000000000000000000000000000
00000000000000000000000000000000000000000000000000000000000000000000001000000000000000000000000000000000000000000000000001000000
00000000000033300300000330030003033330333000000000003000000000000000000000000000003330003300300003000000000030000000000000000000
00000000000030030300003003003030030000300300000000033000000000000010000000100000003003030030300003000000000330000000000000000000
00000000000030030300003003000300030000300300000000003000010000100000000000000000003330030030300003000000000030000000000000000000
00100000000033300300003333000300033300333000000000003000000000000000000000000000003003033330300003000000000030000000000000000000
01110000000030000300003003000300030000303000000100003000000000000000000100000000003003030030300003000000000030001000000000000000
00100000000030000333303003000300033330300300000000003000000000000000000000000001003330030030333303333000000030000000000000000000
00000000000000000000000000000000000000000000000000000010000010000001000000000000000000000000000000000000000000000000000010000000
