22222222200000211001233320000012200000222222222222232000023222222222222222222222222222222222222222222222222222222222222212222222
22220002203330010000122220333001203330022222222222222200022222222222222222222222222222222222222222222222222222221222222222222222
22220302200003021100002220000301200003022222222222222211122222222222222222222222222222222222222222222222222222222222222222222222
22220302233203022203302222220302222203022222222222222222222222222222222222222222222222222222222222222222222222221122222222222222
22220302200003012203302222220302222203022222222222222222222222222222222222222222222222222222222222222222222222222122222222212222
22220002003330022200002222220002122200022222222222222222222222222222222222222222222222222222222222222222222222222222222222212222
22220302030000122200002222220301122203022222222222222222222222222222222222222222222222222222222222222222222221122222222222222222
22220302030222222203302222220301112203022222222222222222222222222222222222222222222222222222222222222222222222222222222222222222
22220302030000222203302222220302212203022222222222222222222222222222222222222222222222222222222222222222222222122222222222222222
22220002003330222200002222220002211100022222222222222222223332222222222222222222222222222222222222222222222221122222222222222222
22222222200000222222222222222222111111222222222222222222222232222222222222222222222222222222222222222222222222122222212222222222
22222222222222222222222222222221111111122222222222222222100233222222222222222222222222222222222222222222222222222222112222222222
22222222222222222222222222222221111111222222220000222222100000000222222000000022000000000000222222200000000200000000000022000022
22222222222222222222222222222222221112222222200330222222100033330022220033333002033333333330222212003333330203333333333020033022
22222222212222222222222222222222222211212222003330222222200333333002200333333300033333333330222112033333330203333333333000333022
21122222212221222222122112222222222221212222033330222222003300003300203330003330000000003300222212033000000200000000330003333022
11222222222221222222211111222222222111111222000330222222033002200330203300200330222222003302222212033022222222222200330200033022
12222222223221222222211110112222222111111122220330222222033022220330203302220330222222033002222210033000002322222103300222033022
12222222223322222222221000112222222211111112220330222222033022220330200002220330222220033022222210333333301222221003302222033022
11222222112222222222221000111112222222111112120330222211033011220330222222200330222220330022222210333333300222221033002222033022
21222222112222222222221000011111222221111111110330222121033011220330222222203300122200330222222210330000330022220033022221033021
22222222222222222222221000000101112222111111210330222221033011220330222222003301122203300112222210000220033022220330022211033022
22222222222222222222221100000100111112111111210332211221033011120330222220033002222003302111222222112222033022200330222111033022
22222222222221222222211100000000001001211111110332221121033011120330222200330012222033002211222222222222033022203300222212033022
22222222222211122222221100000000001000111111110331211112033011010330111003300222210033022221222220002220033022003302222212033011
22222222222211222222222100000110000000111111110331121111033001000330110033002222210330022221222200300200330022033001221112033011
22222222222211221222122110100111000000000000110331110000003300003300100330000000200330122221000003330003330220033011211111033011
22222222222211211222122111000011000000000000000331110330100333333001003333333330003300112121033000333333300200330011211111033010
22222222222222211222222100000000000000000011010330110330120033330011033333333330033301111111033010033333001203330211111111033010
11222222222222222222222100000000000000000011110000110000111000000111000000000000000001111111000012000000022200000211111111000010
11222222222222222222222111000000000000101111111100011110111111111111111111111111112111111111111111112222221222122211111111111100
21222222222221222222222211000000000000001111110000011100111111111111111111111111111111111111111111112222221222112221111111111110
