00000000000000000000000000000000000000000000000000000000222222210000000012333333333333333333332100123333332100000000000000000000
00333000000033303330000003000300030000000300030003000000222222100000000000233333333333333333333200013333321000000000000000000000
00333000000000300030000030303030303000003030303030300000222220000000000000023323333333333333333320012332210000000000000000000000
00033000000003000300000003003030303000003030303030300000222210000000000000002322332333333333333332012111210000000000000000000000
00033000000003000300000030303030303000003030303030300000222200000000000000001332233233333333333333221011210000000000000000000000
00033000000030003000000030303030303000003030303030300000222000000000000000000232233223333333333333331022210000000000000000000000
00033000000030003000030003000300030003000300030003000000222000000000000000000133233312233333333333332123211100110000000000000000
00033000000000000000000000000000000000000000000000000000221000000000000000000023223311233333333333222333321222233211112110000000
00000000000000000000000000000110000000000000233323232112210000000000000000000013223321123333332111100222331233333333333332100000
00000000000000000000000000000100000000000000233333222111120000000000000000000013213320123333332000100111211213323333333333321100
00000000000000000000000000000100000000000000233232222111120000000000000000000003223331123333332100000000000211333333333333333200
00000000000000000000000000000100000000000000133333222111110000000000000000000003213331122333333200012110001211333333333333333200
00000000000000000000000000000100000000000000132222222111110000000000000000000003213331112333333210023331001111333333333333333200
00000000000000000000000000000100000000000000132222221111120000000000000000000003313331113333333310023332000101232333333333333300
00000000000000000000000000000110000000000000232222222111120000000000000000000013313321113233333310023332000101222333333333333300
00000000000000000000000000000010000000000000232222221011121000000000000011000013213320113223333310013332000101222222323323333300
00000000000000000000000000000010000000000000232222211011112000000000000000000023123311123333333310013331000101222222322323333200
00000000000000000000000000000010000000000001322222210011112000000000000000000033123201113333333320023331000101122222222333333200
00000000000000000000000000000011000000000002322222210011111100000000000000000232233101123333333322133332101100122222222223333200
00000000000000000000000000000001000000000013222322100011111200000000000000001321232001122233333333333333320100122222222223333100
00000000000000000000000000000000100000000023223321100111111110000000000000002322320001123223333333333333320100222122222233333100
00000000000000000000000000000000120000000232223210001111111111000000000000023212310012332323333333333333311111221122222233333100
00000000000000000000000000000000012100122222232200001111111111100000000000232222100122333333333333333333211111332222222223223200
00000000000000000000000000000000000112222111123210001111111111121100000112222211011232223332333333333322111112322333222233222200
00000000000000000000000000000000000000000000002321100011111111112221122221212111100000000000000000000000000000000000001233212200
00000000000000330300300330003300333000330033300232003011111111111122221111111111033000300300003000033303030333033000300222112100
00000000000000030300303003030030300303003030030023033011111111111111111111111122030303030300030300030003030030030303030000011100
00000000000000030300303000030030300303003030030002003011111111111111112111122233033003030300030300030000300030030303030000001100
00000000000000030300303033033330300303003033330000203011111111111111121121122333030303030300033300033000300030033303330000000000
00000000000030030300303003030030300303003030300000003033322222222222222111223222030303030300030300030003030030033003030000000000
00000000000003300033000330030030333000330030030000003033333333333332222222222333033300300333030300033303030030030303030000000000
00000000000000000000000000000000000000000000000000000023333333333323233322222233300000000000000000000000000000000000000000000000
