00000000000000000000000000000000000000000000000000000000000000000000000000000000000000000000000000000000000000000000000000000000
00000000000000000000000000000000000000000000000000000000000000000000000000000000000000000000000000000000000000000000000000000000
00000000000000000000000000000000000000000000000000000000000000000000000000000000000000000000000000000000000000000000000000000000
00000000000000000000000000000000000000000000000000000000000000000000000000000000000000000000000000000000000000000000000000000000
00000000000000000000000001111100000000000000000000000000000000000000000000000000000000000000000000000000000000000000000000000000
00000000000000000000000000000000000000000000000000000000000000000000000000000000000000000000000000000000000000000000000000000000
00000000000000000000000000000000000000000000000000000000000000000000000000000000000000000000000000000000000000000000000000000000
00000000000000000000000000000000000000000000000000000000000000000000000000000000000000000000000000000000000000000000000000000000
01111100011111001100011000111100111110000111110000000010110001100011110011111000111111100111110000000000000000000000000000000000
11111110111111101110011000111100111111001111111000000100110001100011110011111100111111101111111000000000000000000000000000000000
11100000110001101111011000011000110011101100011000001000110001100001100011001110110000001100011000000000000000000000000000000000
01111100110001101111111000011000110001101100011000010000111011100001100011000110111110001100011000000000000000000000000000000000
00001110110001101101111000011000110011101100011000100000011111000001100011001110110000001100011000000000000000000000000000000000
11111110111111101100111000111100111111001111111001000000001110000011110011111100111111101111111000000000000000000000000000000000
01111100011111001100011000111100111110000111110010000000000100000011110011111000111111100111110000000000000000000000000000000000
00000000000000000000000000000000000000000000000000000000000000000000000000000000000000000000000000000000000000000000000000000000
01111110110001101111111000111110011111000000000000000000000000000000000000000000000000000000000000000000000000000000000000000000
01111110110001101111111001111110111111100000000000000000000000000000000000000000000000000000000000000000000000000000000000000000
00000110110001101100000011100000110001100000000000000000000000000000000000000000000000000000000000000000000000000000000000000000
00000110110001101111100011001110110001100000000000000000000000000000000000000000000000000000000000000000000000000000000000000000
11001110111011101100000011100110110001100000000000000000000000000000000000000000000000000000000000000000000000000000000000000000
11111110111111101111111001111110111111100000000000000000000000000000000000000000000000000000000000000000000000000000000000000000
01111100011111001111111000111110011111000000000000000000000000000000000000000000000000000000000000000000000000000000000000000000
00000000000000000000000000000000000000000000000000000000000000000000000000000000000000000000000000000000000000000000000000000000
01111110111111100011110011000110001111000011110001111100000000000000000000000000000000000000000000000000000000000000000000000000
01111110111111100111111011100110001111000111111011111110000000000000000000000000000000000000000000000000000000000000000000000000
00011000110000001100011011110110000110001100011011000110000000000000000000000000000000000000000000000000000000000000000000000000
00011000111110001100000011111110000110001100000011000110000000000000000000000000000000000000000000000000000000000000000000000000
00011000110000001110011011011110000110001110011011000110000000000000000000000000000000000000000000000000000000000000000000000000
00011000111111100111111011001110001111000111111011111110000000000000000000000000000000000000000000000000000000000000000000000000
00011000111111100011110011000110001111000011110001111100000000000000000000000000000000000000000000000000000000000000000000000000
00000000000000000000000000000000000000000000000000000000000000000000000000000000000000000000000000000000000000000000000000000000
