00000000000000000000000000000000000000000000000000000000000000000000000000000000000000000000000000000000000000000000000000000000
00000000000000000000000000000000000000000000000000000000000000000002222200000000000000000000000000000000000000000000000000000000
00000000000000000000000000000000000000000000000000000000000000000011111110000000000000000000000000000000000000000000000000000000
00000000000000000000000000000000000000000000000000000000000000000333333330000000000000000000000003330000000000000000000000000000
00000000000000000000000000000000000000000000000000000000033300003330003330000000000000000000000030003000000000000000000000000000
00000000000000000000000000000000000000000000000000000222222220022200002220000000000000000000000202200200000000000000000000000000
00000000000000000000000000000000000000000000000000011111111110011100001110000000001110000000000101010100000000000000000000000000
00000000000000000000000000000000000000000000000003333333333330333000033300000000033333000000000303300300000000000000000000000000
00000000000000000000000000000000000000000000000033333333333300330000033300000000033333000000000303030300000000000000000000000000
00000000000000000000000000000000000000000000000333333333333003330000333000000000033333000000000030003000000000000000000000000000
00000000000000000000000000000000000000000000002222222222000002220000220000000000002220000000000002220000000000000000000000000000
00000000000000000000000000000000000000000000001111111000000001100001100111100000000000000111000000000000000000000000000000000000
00000000000000000000000000000000000000000000003333333000000003300033003333330000030000003333300000000000000000000000000000000000
00000000000000000000000000000000000000000000003333333330000003300330033300330000330000033300000000000000000000000000000000000000
00000000000000000000000000000000000000000000002222222222200002202200220000220002220000222000000000000000000000000000000000000000
00000000000000000000000000000000000000000000000111111111110001100000110001110011100000110000000000000000000000000000000000000000
00000000000000000000000000000000000000000000000033333333333003300000333333300333300003330000000000000000000000000000000000000000
00000000000000000000000000000000000000000000000000033333333003300003333330003333300033330003300000000000000000000000000000000000
00000000000000000000000000000000000000000000000022222222222002220222222002222202200222222022200000000000000000000000000000000000
00000000000000000000000000000000000000000000001111111111110000111111111111110001111100111111100000000000000000000000000000000000
00000000000000000000000000000000000000000000333333333333300000033300033333000003330000033330000000000000000000000000000000000000
00000000000000000000000000000000000000000003333333333300000000000000000000000000000000000000000000000000000000000000000000000000
00000000000000000000000000000000022222200222222222220002222222222222222222222222222222222222222000000000000000000000000000000000
00000000000000000000000000000000011111001111111110000011111111111111111111111111111111111111111000000000000000000000000000000000
00000000000000000000000000000000000000033333333000000000000000000000000000000000000000000000000000000000000000000000000000000000
00000000000000000000000000000000000000333333000000000000000000000000000000000000000000000000000000000000000000000000000000000000
00000000000000000000000000000000000002222200000000000000000000000000000000000000000000000000000000000000000000000000000000000000
00000000000000000000000000000000000011110000000000000000000000000000000000000000000000000000000000000000000000000000000000000000
00000000000000000000000000000000000333300000000000000000000000000000000000000000000000000000000000000000000000000000000000000000
00000000000000000000000000000000003333000000000000000000000000000000000000000000000000000000000000000000000000000000000000000000
00000000000000000000000000000000002220000000000000000000000000000000000000000000000000000000000000000000000000000000000000000000
00000000000000000000000000000000000000000000000000000000000000000000000000000000000000000000000000000000000000000000000000000000
