00000000000000000000000000000000000000000000000000000000000000000000000000010000100000000000000000000000111100000000000000000000
00333000030003000300000003000300030000000300030033300000000000000000000000000000000000000000000000000000011000000000000000000000
00333000330030303000000030303000303000003030330030000000000001000000000000000000000000000000000000000000000000000000000000000000
00033000030000303030000030303030303000003030030033000000000000000000000000000000000000000100000000000000000000000000000000000000
00033000030003003330000003303330303000000330030000300000000000000000000000000000000000000000000000000000000000000000000000000000
00033000030030000030000000300030303000000030030030300000100000000000000010000000000000000000000000000000000000000000000000000000
00033000030033300030030033000030030003003300030003000000000000000001000000000000100000000000000000000000000000000000000000000000
00033000000000000000000000000000000000000000000000000000000000100000000000000000000000000000000000000100000000000000000000000000
00000000000000000000000000000000000000000000000000000000000000000000000000010000000000000000000000000000000000000000000000000000
00000000000000000000000000001000000000000000000000000001000000000000000000000000000000000000000000000000000000000000000000000000
00000000000000000000000000000000000000000000000000000000000000000000100000000000000000000000000000000000000000000000000000000000
00000000000000000000000000000000000000000000000000000000000000000000000000000000000000100000000000000000000000000000000000000000
00000000000000000000000000000000000001000000000001000000100000000000000000000000000000000000000000000000000000000000000000000000
00000000000000000010000000000000000000000000000000000000000010001010000000000000100000000000000000000000000000000000000001000000
00000000000000000000000000000000000000000000000000000000000000000000000000000000000000000000000000000000000000000000000011100000
00000000000000000000000000001000000000000000000000000000000000000000100000000000000000000000010000000000000010000000000001000000
00000000000000000000000000000000000000000000001000001000001000000000000000000000000000000000000000000000000000000000000000000000
00000000000000000000000000000000000010000000000000000000000000000000000000000000000000000000000000000000000000000000000000000000
00000000000000000000000000000000000000000100000000000000000000001000100010000000000000000000000000000000000000000000000000000000
00000000000000000000000000000000000000000000000000000000000010000010000000000000000000000000000000000000000000000000000000000000
00000000000000000000000000000000000000000000000000001000000000000000000000000010000100000000000000000001000000000000000000000000
00000000000000000000000000000000000000000000010000000000000000000000000000010000000000000000000000000000000000000000000000000000
00000000000000000000000000000000000000000000000000000000000000010000000000000000000000000000000000000000000000000000000000000000
00000000000000000000000000000000000000001000000000000010000010000000000000000000000000000000000000000000000000000000000000000000
00000000000000000000000000000000000000000000000000100000000000000000100000000000000000000000000000000000000000000000000000000000
00000000000000330300300330003300333000330033300000003000000000000000000000000000000333000330030000033000000330000000000000000000
00000000000000030300303003030030300303003030030000033000000000001000000010000000000300303003030000300300003003000000000000000000
00000000000000030300303000030030300303003030030000003000100001000000000000000000000333003003030000300300000003000000000000000000
00000001000000030300303033033330300303003033330000003000000000000000000000000000000300303003030000333300000330000000000000000000
00000011100030030300303003030030300303003030300000003000000000000000010000000000000300303003030000300300003000000000000000000000
00000001000003300033000330030030333000330030030000003000000000000000000000000010000333000330033330300300003333000000000000000000
00000001000000000000000000000000000000000000000000000000000100000010000000000000000000000000000000000000000000000000000000000000
