10000011000000000000000000000000000000000000000000000000233333333333322123200011111210000000000000000000000000000000000000000000
10333012000000000000030003000300000003000300030000000000123333333333332023300011112210000000000000000000000000000000000000000000
10333011000000000000303030303030000030303030300000000000112331233333331012221122122320121111122211112110000000000000000000000000
10033011000000000000003030303030000030303030303000000000112320011112331112232122222321233322133322233322110000000000000000000000
13033011000000000000030030303030000030303030333000000000001312222101111233333222222222233333233333333333321000000000000000112100
13033011000000000000300030303030000030303030003000000000000211111102122333333322222222112333333333333333333211000000000111222100
13033011000000000000333003000300030003000300003000000000111110000001133233333233223221101333333333333333333332100000001122223200
13033011000000000000000000000000000000000000000000000000222211100000022233322222333211101233333333333333333333200111112222332100
13000010233333333333320000001222222222222322110000133333333333321000013333333333322211111123333333333333333333211333222322222100
13332110233333333333320000001222222222222322210000133333333333321100002333333333321111101223333333333333333333212333222333222200
13332101233333333333320000011212222222222322210000133333333333321100001222223333321111001222333323333333333333322221112333222100
13332101233333333333310000001222222222222322210000133333333333322100001111112211211111001122223222233333333333332322111222222100
13332101233333333333310000011222122222222322210000133333333333322100000111111111111111001122222322232222333333333323211222221000
13332101333333333333200000001122122222222322210000123333333333322000000111111110111110001221122222232222333333333333322332222100
13331111333333333333200000001122222222222322210000023333333333322000001101111110111111001112222222222222333333333333223333223100
13322101333333333333100001011221222222222322210000023333333333322000001111111100111111001111122222222222333333332222212332223200
13321112333333333333000010011222222222222322220000023333333333322000001111111101111111001112212222222222333333321112212222123200
13321013333333333332000000111222222222222322221000133333333333322100001111111101011111000111212222222222333333322222322222101100
13321013333333333320000000001222222222222332222212333333333333323211111111111001111111000121112222222223333333333333333222000000
13211023333333333200000000011212222222223333333333333333333333333333321110000000111110000111222222222223333333233333233321000000
12110123333333332100000000011222222222223333333333333333333333333333321110000000111101100012221222222233333332123332223321000000
12110133333333331000000000111212222222222333333333333333333333333333311221000001111111111122222222222223333332122333223331000000
12110133333333310000000000122222122222222333333333333333333333333333322222100011111111111133222222222233333333212333222332100000
11111233333333200000000001222222222222222333333333332333333333332223322222211111111111111233211122223333223333321233332233200000
11102333333000000000000000000000000000000033333333300033333333333223333222221111100000000000000000033333120000331123332222200000
01112333333033300300000330030003033330333003323322003033333332233233333333221000003330003300300003033332100330021112321122100000
01123333332030030300003003003030030000300303322333033033333333333233333333332100003003030030300003033321003003010011211111110000
01233333211030030300003003000300030000300303332333003033333333333333333333333100003330030030300003022210000003000000111111111100
02333322111033300300003333000300033300333003333333303033333333233333333333332100003003033330300003010000000330000000001111111100
13222211111030000300003003000300030000303003333333303033333333333333333333221000003003030030300003000000003000000000000111001100
12111111111030000333303003000300033330300303333333303033333333332222222211110000003330030030333303333000003333000000000000001100
11111111111000000000000000000000000000000003333333300033332212111111000000000000000000000000000000000000000000000000000000001000
