00000000111100000001112333333222222222233333333333333333332222222221232232233333333333333333331000000000000000000000000000000000
00000000000100000000112233333222222222233333333333333333332222222222222332233333333333333333331000000000000000000000000000000000
00000000000000000001111223333222222222233233333333333333333222222222222222233333333333333333332000000000000000000000000000000000
00000000000000000000111223333322222222223333333333333333333222222222222222223333333333333333333000000000000000000000000000000000
00000000000000000000011223333332211212233333333333333333333332222222222223223333333333333333333100000000000000000000000000000000
00000000000000000000111122333332222222222333333333333333333322222222222333333333333333333333333200000000000000000000000000000000
00000000000000000000111122333332221222222233333333333333333332222222222223333233333333333333333200000000000000000000000000000000
00000000000000000000011122333332222222222233333333333333333332222222222233333333333333333333333300000000000000000000000000000000
00000000000000000000011112233333222222222333333333333333333332222222222232233333333333333333333310000000000000000000000000000000
00000000000000000000010112233333222112222233333333333333333332222222222222232333333333333333333310000000000000000000000000000000
00000000000000000000001112233333222222222233333333333333333333222222222222333233333333333333333310000000000000000000000000000000
00000000000000000000001112233333222222222233333333333333333333222222222222222333333333333333333320000000000000000000000000000000
00000000000000000000000111223333322222222232333333333333333333222222222222222333333333333333333320000000000000000000000000000000
00000000000000000000000111123333322121122233333333333333333333222222222222323333333333333333333320000000000000000000000000000000
00000000000000000000000011223333322111122233333333333333333333322222222222232333333333333333333320000000000000000000000000000000
00000000000000000000000011123333322111122223333333333333333333322222222222232233333333333333333320000000000000000000000000000000
00000000000000000000000001223333322212111223333333333333333333222222222222232333333333333333333320000000000000000000000000000000
00000000000000000000000001123333332211121223333333333333333333322222222222233333333333333333333320000000000000000000000000000000
00000000000000000000000001122333322111122123333333333333333333322222222222222333333333333333333320000000000000000000000000000000
00000000000000000000000000122333322111122222333333333333333333322221222222232333233333333333333320000000000000000000000000000000
00000000000000000000000001123333322211121122333333333333333333322222122222222333333333333333333310000000000000000000000000000000
00000000000000000000000001122333321211111222333333333333333333322222222222223333333333333333333310000000000000000000000000000000
00000000000000000000000000112333322211121222333333333333333333322222222222223333333333333333333300000000000000000000000000000000
00000000000000000000000000112333332211111122333333333333333333322222222222233333333333333333333200000000000000000000000000000000
00000000000000000000000000000000000000000000003333300033333333322222222222232233233000000000000000000000000000000000000000000000
00000000000000330300300330003300333000330033300333003033333333222222222222233322330333000330030000033000000030000000000000000000
00000000000000030300303003030030300303003030030333033033333333322222222222333333330300303003030000300300000330000000000000000000
00000000000000030300303000030030300303003030030333003033333333222222222222223233330333003003030000300300000030000000000000000000
00000000000000030300303033033330300303003033330333303033333333222222222222223333330300303003030000333300000030000000000000000000
00000000000030030300303003030030300303003030300333303033333332222222222221223333330300303003030000300300000030000000000000000000
00000000000003300033000330030030333000330030030333303033333332122221222221223323330333000330033330300300000030000000000000000000
00000000000000000000000000000000000000000000003333300033333321222221222222232233333000000000000000000000000000000000000000000000
