00000000000000000000000000000000000000000000000000000000000000000000000000000000000000000000000000000000000000000000000000000000
00000000000000000000000000000000000000000000000000000000000000011200000000000000000000000000000000000000000000000000000000000000
00000000000000000000000000000000000000000000000000000000000000003000000000000000000000000000000000000000000000000000000000000000
00000000000000000000000000000000000000000000000000000000000000003000000000000000000000000000000000000000000000000000000000000000
00000000000000000000000000000000000000000000000000000000003000003000003000002000000000000000000000000000000000000000000000000000
00000000000000000000000000000000000000000000000000000000033300003000033300003000000000000000000000000000000000000000000000000000
00000000000000000000000000000000000000000000000000000000033300003333333000003000000000000000000000000000000000000000000000000000
00000000000000000000000000000000000000000000000000000002333000003222200000003332000000000000000000000000000000000000000000000000
00000000000000000000000000000000002321000000000000000013333000002000000000023333000000000000000000000000000000000000000000000000
00000000000000000000000000000000133333200000000000000023330000032211100000000112100000000000000000000000000000000000000000000000
00000000000000000000000000000000133333320000000000000033300000033333300000002100100000000000000000000000000000000000000000000000
00000000000000000000000000000000233223330000000000000233000000333333333000003332000000000000000000000000000000000000000000000000
00000000000000000000000000000000222212300000000000111330000003330000333300003330000000000000000000000000000000000000000000000000
00000000000000000000000000000000122112000000001101223300000033330000033000003300000000000000000000000000000000000000000000000000
00000000000000000000000000000000011110000000000000003000000000000000000000003000000000000000000000000000000000000000000000000000
00000000000000000000000000000000001100000000000000000000000000000000000000000000000000000000000000000000000000000000000000000000
00000000000000000000000000000000000100000000000000000000000000003000000000020000000000000000000000000000000000000000000000000000
00000000000000000000000000122221111000000000000000000000000000003330000000330000000000000000000000000000000000000000000000000000
00000000000000000000000002223332102122211112101011023233223333333333333333333233330000000000000000000000000000000000000000000000
00000000000000000000000122123322201111000000100001023232233333332233333333333223320000000000000000000000000000000000000000000000
00000000000000000000000121122221001100000001000001022222233333333233332333333223310000000000000000000000000000000000000000000000
00000000000000000000000121011211001000000001101121112222223333333233332333333223300000000000000000000000000000000000000000000000
00000000000000000000000121001111001100011111111222222222223333333233332333333223200000000000000000000000000000000000000000000000
00000000000000000000000111000001001111121122212221221222222333333333333333333233000000000000000000000000000000000000000000000000
00000000000000000000000000000000000000000011111110100022222223333333333233332232000000000000000000000000000000000000000000000000
00000000000000000000000000000000000000000000000000000012222323333333333233322330000000000000000000000000000000000000000000000000
00000000000000000000000000000000000000000000000000000001222323233333323333233320000000000000000000000000000000000000000000000000
00000000000000000000000000000000000000000000000000000000122332233323222233333310000000000000000000000000000000000000000000000000
00000000000000000000000000000000000000000000000000000000012222133232232333332100000000000000000000000000000000000000000000000000
00000000000000000000000000000000000000000000000000000000000222222222222233320000000000000000000000000000000000000000000000000000
00000000000000000000000000000000000000000000000000000000000012222222222222100000000000000000000000000000000000000000000000000000
00000000000000000000000000000000000000000000000000000000000000012222221100000000000000000000000000000000000000000000000000000000
