00000000000000000000000000000000000000000000000000000000000000000000000000000000000000000000000000000000000000000000000000000000
00333333333333333333333333333300000000333333333333333330000000033333333333333000000000000000000033333333333333333333333333300000
00333333333333333333333333333311100000333333333333333331110000033333333333333111100000000000000033333333333333333333333333311100
00333333333333333333333333333311100000333333333333333331110000033333333333333111100000000000000033333333333333333333333333311100
00333333333333333333333333333311100000333333333333333331110000033333333333333111100000000000000033333333333333333333333333311100
00333333333333333333333333333311100000333333333333333331110000033333333333333111100000000000000033333333333333333333333333311100
00333333333333333333333333333311100000333333333333333331110000033333333333333111100000000000000033333333333333333333333333311100
00333333333333333333333333333311100000333333333333333331110000033333333333333111100000000000000033333333333333333333333333311100
00333333333333333333333333333311100000333333333333333331110000033333333333333111100000000000000033333333333333333333333333311100
00333333311113333333111333333311100000000113333333111111110000000011333331111111100000000000000033333311111333333311133333311100
00333333311103333333111333333311100000000003333333111000000000000000333331110000000000000000000033333311100333333311133333311100
00333333311103333333111333333311100000000003333333111000000000000000333331110000000000000000000033333311100333333311133333311100
00000111111103333333111000011111100000000003333333111000000000000000333331110000000000000000000000011111100333333311100011111100
00000000000003333333111000000000000000000003333333111000000000000000333331110000000000000000000000000000000333333311100000000000
00000000000003333333111000000000000000000003333333111000000000000000333331110000000000000000000000000000000333333311100000000000
00000000000003333333111000000000000000000003333333111000000000000000333331110000000000000000000000000000000333333311100000000000
00000000000003333333111000000000000000000003333333111000000000000000333331110000000000000000000000000000000333333311100000000000
00000000000003333333111000000000000000000003333333111000000000000000333331110000003333333000000000000000000333333311100000000000
00000000000003333333111000000000000000000003333333111000000000000000333331110000003333333000000000000000000333333311100000000000
00000000000003333333111000000000000000000003333333111000000000000000333331110000003333333111000000000000000333333311100000000000
00000000000003333333111000000000000000000003333333111000000000000000333331110000003333333111000000000000000333333311100000000000
00000000000003333333111000000000000000000003333333111000000000000000333331110000003333333111000000000000000333333311100000000000
00000000000003333333111000000000000000000003333333111000000000000000333331110000033333333111000000000000000333333311100000000000
00000000033333333333333000000000000000333333333333333330000000033333333333333333333333333111000000000033333333333333300000000000
00000000033333333333333111100000000000333333333333333331110000033333333333333333333333333111000000000033333333333333311100000000
00000000033333333333333111100000000000333333333333333331110000033333333333333333333333333111000000000033333333333333311100000000
00000000033333333333333111100000000000333333333333333331110000033333333333333333333333333111000000000033333333333333311100000000
00000000033333333333333111100000000000333333333333333331110000033333333333333333333333333111000000000033333333333333311100000000
00000000033333333333333111100000000000333333333333333331110000033333333333333333333333333111000000000033333333333333311100000000
00000000033333333333333111100000000000333333333333333331110000033333333333333333333333333111000000000033333333333333311100000000
00000000033333333333333111100000000000333333333333333331110000033333333333333333333333333111000000000033333333333333311100000000
00000000000011111111111111100000000000000111111111111111110000000011111111111111111111111111000000000000011111111111111100000000
