22222222222222222222222222222221111111222222222222222222100133222222222222222222222222222222222222222222222222222221112222222222
22222222222222222222222222222222221112222222222222222222100022222222222222222222222222222222222212222222222222222221122222222222
22222222212222222222222222222222222211212222222222222222210012222222222222222222222222222222222112222222222222222221222222222222
21122222212221222222122112222222222221212222222222222222222222222222202222222222222222222222222212222222222212222222222222222222
11222222222221222222211111222222222111111222222222222222222222222222212222222222222222222222222212222222222222222211222222222222
12222222223221222222211110112222222111111122222222222222222222222222222222222222222222222222222211233221112322222111222222222222
12222222223322222222221000112222222211111112222222222222122222222222222222222222222222222222222211233321101222221001222222221222
11222222112222222222221000111112222222111112122222222211111111222222222222222222222222212222222210023322101222221001222222221222
21222222112222222222221000011111222221111111112222222121111111222222222222222222122222212222222210012222210122221112222221122221
22222222222222222222221000000101112222111111211122222221111111222222222222222221122222222112222211112222221122222222222211122222
22222222222222222222221100000100111112111111211112211221111111122122222222222122222222222111222222112222221222222222222111221222
22222222222221222222211100000000001001211111111112221121111111122112222222222112222222222211222222222222222222222222222212222222
22222222222211122222221100000000001000111111111111211112111111011111111222222222211222222221222222222222222222222222222212222111
22222222222211222222222100000110000000111111111001121111211111011111111112222222211112222221222222222222222222222221221112212111
22222222222211221222122110100111000000000000110001111111111110111111111112222222211111122221112222222222222222122211211111121111
22222222222211211222122111000011000000000000000001111111111111111111111111222222211111112121111211222222112221112211211111111110
22222222222222211222222100000000000000000011010000111111121111111111111111112222221111111111111212122221111222112211111111111110
11222222222222222222222100000000000000000011110000111111111111111111111111111211122111111111111112212222222222122211111111111110
11222222222222222222222111000000000000101111111100011110111111111111111111111111112111111111111111112222221222122211111111111100
21222222222221222222222211000000000000001111110000011100111111111111111111111111111111111111111111112222221222112221111111111110
22222222222222222222222211100000000000000110110000001100000111111111111111111111111111111111111111222222222222222221111111111100
21123322111232222222222211100000000000000000000000000000000111111111111111111111111111111111111111112211112222222221111111111110
21113332110122222222222211100000000000000000000000000000000010010001101111111111111111111111111111112211112222222211112222111110
11002322210012222222222221110000000000000000000000000000000000000000000001111111111111111111111111112221111222222211122222211100
21001222221112222222222221110000000000000000000000000000000000000000000001111111111111111111111111112221121222222211212222211100
21111222222112222222222200000000000000000000000000000000000000000000000000000000101111110000000000001000000000000000000000000100
22221000000000000000000000000000000000000000000000000000000000000000000000000002101111111100000000011000000000000000000000000100
22222200000000000000002222221110000000000000000000000000000000000000000000011112111111111111111111110000000000001200000000000100
22222222222222222222222222221110000000000000000000000000000000000000000000001102111111011111111111110000000000001220000000001111
22222222222222222222222222222110000000000000000000000000000000000000000000000011111110000111111111100011112122211222212211111111
21222222222222222222222222322211111000000000000000000000000000000000000000000001111100000111111111110011111222211222222211111100
21122222211222222222222222322221111100000000000000000000000000000000000000000000111000000011111111111111111211211212211210111100
