00000000000000000000000000000000000000000000000000000000000000000000000000000000000000000000000000000000000000000000000000000000
00000000000000000000000000000000003333000033333330000333333300333333000033003333333300033333000000000000000000000000000000000000
00000000000000000000000000000000033111100031111111000311111110311111100031103111111110331111100000000000000000000000000000000000
00000000000000000000000000000000331111110031111111100311111110311111110031100111111110311111110000000000000000000000000000000000
00000000000000000000000000000000311100111031100031100311000000311000111031100003110000311000110000000000000000000000000000000000
00000000000000000000000000000000311000011031133331100311333300311000311031100003110000311333000000000000000000000000000000000000
00000000000000000000000000000000311000000031111111000311111110311000311031100003110000011111100000000000000000000000000000000000
00000000000000000000000000000000311000330031111110000311111110311000311031100003110000001111110000000000011111110000001111110000
00001111111111111000011111111111100000000111111110000011111111100000011111111111100000000111111111111000011111111000011111110000
00000111111111111100011111111111100000000111111110000001111111100000011111111111100000000111111111111000111111110000111111110000
00000011111111101100001111111111100000000111111111000011111111100100001111111111100001000011111111111001111111111001111111110000
00000011111111101100001111111111111000000111111111100111111111100100001111111111111001000011111111111101111111111111111111110000
00000011111111101100000011111111111100000111111111100011111111101100000011111111111101000000111111111111111111111111111111110000
00000011111111101100000011111111111100000111111111000111111111101100000011111111111101000000111111111111111111111111111111110000
00000011111111101100000001111111111100000111111111000111111111101100000001111111111101000000011111111111111111111111111111110000
00000011111111011100000000111111111100000111111011111111101111101100000000111111111101000000001111111111111111111111101111110000
00000011111110011110000001111111111000000111111000011111001111101110000001111111111101100000011111111110111111110111111111100000
00000011111100011111100000001111111000000111110001000111000111101111100000001111111001111000000011111110111111100111111111000000
00000011111000011111100000000100100100000111100100000110010111001111100000000100100001111000000001001000111111101111111110100000
00000011110001011111111000000000000000000111000110000000110110001111111000000000000001111110000000000001111110001111111100000000
00000011100000011111111000000000000000000110000110000011110100000111111000000000000000111110000000000001111100001111111000000000
00000011000000011111111111000000001000000000000100000011010000000111111111000000001000111111110000000011111000001111110000000000
00000000000000000011111111110100010000000000000100010001010000000011111111110100010000011111111101000111100000001111100000000000
00000100100001001011111111111111100000000212212102122121012121200001111111111111100000001111111111111011122222221111132222220000
00002222222222222233111111111110000000000222222102222221012222200000111111111110000000000111111111100011121222120111112122120000
00000111111111111113311111111100000000000111111101111111011111100000001111111100000000000001111111000011122222220011112222220000
00000011111111111111300000000000000000000011111100111111011111000000000000000000000000000000000000000011111111100001111111110000
00000000000000000000000000000000000000000000000000000000000000000000000000000000000000000000000000000011111111000000111111100000
00000000000000000000000000000000000000000000000000000000000000000000000000000000000000000000000000000000000000000000000000000000
00000000000000000000000000000000000000000000000000000000000000000000000000000000000000000000000000000000000000000000000000000000
00000000000000000000000000000000000000000000000000000000000000000000000000000000000000000000000000000000000000000000000000000000
00000000000000000000000000000000000000000000000000000000000000000000000000000000000000000000000000000000000000000000000000000000
