00010000000000001000000000000000000000000000000000000000000000000000000000000000000000000000000000000001000000000000000000000000
00000000000000011100000003333333333000033333300000000000000030010000333300000000333300000000000033330000000033330000000033330000
00000000000000001000000003333333333000333333330000000000000330000003333330000003333330000000000333333000000333333000000333333000
00000000000000000000000000000000330000330000330000000000000330000033000033000033000033000000003300003300003300003300003300003300
00000000000000000000000000000000330003300000033000000000003330000330000003300330000003300000033000000330033000000330033000000330
00000000000000000000000000000003300003300000033000000000003330000330000003300330000003300000033000000330033000000330033000000330
00000000000000000000000000000003300003330000333000000000033330000330010003300330000103300000033000000330033000000330033000000330
00000010000000000000000000000033000000333333330000100000330330000330000003300330000003300000033000000330033000000330033000000330
00000000000000000000000000010033000000033333300000000000330330000330000003300330000003300000033000000330033000000330033000000330
00000000000000000000000000000330000000333333330000000003300330000330000003300330000003300000033000000330033000000330033000000330
00000000000000000000000000000330000003333003333000000033300330000330001003300330000003300100033000000330033000000330033000000330
00000000000000000000000000003300000003330000333000000333000330000330000003300330000003300000033000000330033000000330033000000330
00000000000000000000000000003300000003300000033000000333333333300330000003300330000003300000033000000330033000000330033000000330
00000000000000001000000000033000000003300000033001000333333333300330000003300330000003300000033000000330033000000330033000000330
00000000000000000000000000033000000003330000333000000000000330000033000033000033000033000000003300003300003300003300003300003300
00000000000000000000000000330000000000333333330003300000000330000003333330000003333330000330000333333000000333333000000333333000
00000000000000000000000003330000000000033333300003300100000330000000333300000000333300000330000033330000000033330000000033330000
00000000100000000000000000000000000100000000000000000000000000000010000000000000000000000000000000000000000000000000000000000000
00010000000000000000000000000000000000000000000000000000000000100000001000100000000000000000000000000000000000000000000000000000
00000000000000000000000000000000000000000100000000000000000000000000000000000000000000000000000000000000000000000000000000000000
00000000000000000000000000000000000000000000000000000100010000000000100000000000000000000000000000000000000000000000000000000000
00000000000000000000000000000000000000000000000000000000000000000000000000000000010000100000000000000000000100000000000000000000
00000000000000000010000000000000000000000000010000000000000000000000000000000100000000000000000000000000000000000000000000000000
00000000000000000000000000000000000000000000000000000000000000000100000000000000000000000000000000000000000000000000000000000000
00000000000000000000000000000000000000000000000000000001000000100000000000000000000000000000000000000000000000000000000000000000
00000000000033300300000330030003033330333000000000003000000000000000001000000000033303030333033000300000330003003000300000000010
00000000000030030300003003003030030000300300000000033000000000000000000000000000030003030030030303030000303030303000300000000000
00000000000030030300003003000300030000300300000000003000000000000010000000010000030000300030030303030000330030303000300000000000
00000000100033300300003333000300033300333000000000003000010000100000000000000000033000300030033003330000303033303000300000000000
00000000000030000300003003000300030000303000000000003000000000000000000000000000030003030030030303030000303030303000300000000000
00000000000030000333303003000300033330300300001000003000000000000000000000000000033303030030030303030000330030303330333000000000
00000000000000000000000000000000000000000000000000000000000000000000000100000000000000000000000000000000000000000000000000000000
