00000000000000000000000000000000000000000000000000000000000000000000001000001000000000000000000000000000000000000000000000000000
00000000000000000000000000000000000000000000000000000000000000000001101111111010000000000000000000000000000000000000000000000000
00000000000000000000000000000000000000000000000000000000000000000001111111111111100000000000000000000000000000000000000000000000
00000000000000000000000000000000000000000000000000000000000000000111111111111111110000000000000000000000000000000000000000000000
00000000000000000000000000000000000000000000000000000000000000001111111111111111111000000000000000000000000000000000000000000000
00000000000000000000000000000000000000000000000000000000000000111111111111111111111100000000000000000000000000000000000000000000
00000000000000000000000000000000000011000000000000000000000000111111111111111111111111000000000000000000000000000000000000000000
00000000000000000000000000000000000011100000000000000000000001111111111111111111111111000000000000000000000000000000000000000000
00000000000000000000000000000000000111110000000000000000000111111111111101111000111111100000000000000000000000000000000000000000
00000000000000000000000000000000003333333200000000000000000233333333333000000000000132220000000000000000000000000000000000000000
00000000000000000000000000000000013322233200000000000000001333333333333222222221111010010000000000000000000000000000000000000000
00000000000000000000000000000000013221123200000000000000013333333333333333333333333222211000000000000000000000000000000000000000
00000000000000000000000000000000002221123200000000000111233333333333333333333333333333332000000000000000000000000000000000000000
00000000000000000000000000000000001211223100000011111222333333333333333333333333333333333000000000000000000000000000000000000000
00000000000000000000000000000000000011222012221112310100333333333333333333333333333333333100000000000000000000000000000000000000
00000000000000000000000000000000000001222111320002311221333333333333333333333333333333333100000000000000000000000000000000000000
00000000000000000000000000023222211111112002221112233212332333333222333333333333333333333100000000000000000000000000000000000000
00000000000000000000000011222333321211212112222222222112332333322222223333333333332333333100000000000000000000000000000000000000
00000000000000000000000012312333321112211111122111111102332333223333323333333333333223333100000000000000000000000000000000000000
00000000000000000000000122102232221111100000001000001002333233233333322333333333333323333100000000000000000000000000000000000000
00000000000000000000000012101222210110000000000000001002322232233333333233333333333322333000000000000000000000000000000000000000
00000000000000000000000012101122110110000010011111111112322332233333333233333333333331332000000000000000000000000000000000000000
00000000000000000000000012100011100111101111122211222211222332233333333333333333333331330000000000000000000000000000000000000000
00000000000000000000000001111011100111112212222222222222222222233333333223333233333331330000000000000000000000000000000000000000
00000000000000000000000000011111100011111111111122211122122222233333333223333233333322310000000000000000000000000000000000000000
00000000000000000000000000001111111100000000000000000000012222323333333333333333333313300000000000000000000000000000000000000000
00000000000000000000000000000000000000000000000000000000001222332333322333333333333223200000000000000000000000000000000000000000
00000000000000000000000000000000000000000000000000000000000112333323233333333323332233000000000000000000000000000000000000000000
00000000000000000000000000000000000000000000000000000000000002233333333333333333332332000000000000000000000000000000000000000000
00000000000000000000000000000000000000000000000000000000000000222333333333333333333320000000000000000000000000000000000000000000
00000000000000000000000000000000000000000000000000000000000000022332233333333333333200000000000000000000000000000000000000000000
00000000000000000000000000000000000000000000000000000000000000001222222333223333321000000000000000000000000000000000000000000000
