00000000000000000000000000000000000000000000000000000000000000000000000000000000000000000000000000000000000000000000000000000000
00000000000000000000000000000000000000000000000000000000000000000000000000000000000000000000000000000000000000000000000000000000
00000000000000000000000000000000000000000000000000000000000000000000000000000000000000000000000000000000000000000000000000000000
00000000000000000000000000000000000000000000000000000000000000000000000000000000000000000000000000000000000000000000000000000000
00000000000000000000000000000000000000000000000000000000000000000000000000000000000000000000000000000000000000000000000000000000
00000000000000000000000000000000000000000000000000000000000000000000000000000000000000000000000000000000000000000000000000000000
00000000000000000000000000000000000000000000000000000000000000000000000000000000000000000000000000000000000000000000000000000000
00000000000000000000000000000000000000000000000000000000000000000000000000000000000000000000000000000000000000000000000000000000
00000000000000000000000000000000000000000000000000000000000000000000000000000000000000000000000000000000000000000000000000000000
00000000000000000000000011111110011111001111110011111110111111000011100011000110111110000111110000000000000000000000000000000000
00000000000000000000000011111110111111101111111011111110111111100111110011100110111111001111111000000000000000000000000000000000
00000000000000000000000011000000111000001100011011000000110001101110111011110110110011101100011000000000000000000000000000000000
00000000000000000000000011111000011111001111111011111000110011101100011011111110110001101100011000000000000000000000000000000000
00000000000000000000000011000000000011101111110011000000111110001111111011011110110011101100011000000000000000000000000000000000
00000000000000000000000011111110111111101100000011111110110111001100011011001110111111001111111000000000000000000000000000000000
00000000000000000000000011111110011111001100000011111110110011101100011011000110111110000111110000000000000000000000000000000000
00000000000000000000000000000000000000000000000000000000000000000000000000000000000000000000000000000000000000000000000000000000
00000000000000000000000000000000000000000000000000000000000000000000000000000000000000000000000000000000000000000000000000000000
00000000000000000000000000000000000000000000000000000000000000000000000000000000000000000000000000000000000000000000000000000000
00000000000000000000000000000000000000000000000000000000000000000000000000000000000000000000000000000000000000000000000000000000
00000000000000000000000000000000000000000000000000000000000000000000000000000000000000000000000000000000000000000000000000000000
00000000000000000000000000111100111111001100011000000000011110000000000011111100001111000111111001111100000000000000000000000000
00000000000000000000000003333330333333303300033000000000330033000000000033333330003333000333333033333330000000000000000000000000
00000000000000000000000033000330330003303300033000000000333333000000000033003330000330000003300033300000000000000000000000000000
00000000000000000000000033000000333333303300033000000000033330000000000033333300000330000003300003333300000000000000000000000000
00000000000000000000000033300330333333003330333000000000330333300000000033003330000330000003300000003330000000000000000000000000
00000000000000000000000003333330330000003333333000000000330003300000000033333330003333000003300033333330000000000000000000000000
00000000000000000000000000333300330000000333330000000000033333000000000033333300003333000003300003333300000000000000000000000000
00000000000000000000000000000000000000000000000000000000000000000000000000000000000000000000000000000000000000000000000000000000
00000000000000000000000000000000000000000000000000000000000000000000000000000000000000000000000000000000000000000000000000000000
00000000000000000000000000000000000000000000000000000000000000000000000000000000000000000000000000000000000000000000000000000000
00000000000000000000000000000000000000000000000000000000000000000000000000000000000000000000000000000000000000000000000000000000
