00000000000100000000000000000000000000000000000000000000000000000000000000000000000000000000000000000000000000000000000000000000
00000000000000000003300000003333330000003333330000000000000033000000333300000000333300000000000033330000000033330000000033330000
00000000000000000033300000033333330000033333330000000000000330000003333330000003333330000000000333333000000333333000000333333000
00000000000000000333300000033000000000033000000000000000003300000033000033000033000033000000003300003300003300003300003300003300
00000000000000000003300001033000000000033000000000010000033000000330000003300330000003300000033000000330033000000330033000000330
00000000000000000003300000033000000000033000000000100000330000000330000003300330000003300000033000000330033000000330033000000330
00000000000000000003300000333333300000333333300000000003333300000330000003300330100003300000033000000330033000000330033000000330
00000000000000000003300000333333300000333333300000000033333330000330010003300330010003300000033000000330033000000330033000000330
00000000000000000003300000330000330000330000330000000033300333000330000003300330100003300000033000000330033000000330033001000330
00000000000000000003300000000000033000000000033000000333000033300330000003300330000003300000033000000330033000000330033011100330
00000000000000000003300000000000033000000000033000000330001003300330000003300330000003300010033000000330033000000330033001000330
00000000000101000003300000000000033000000000033000000330000003300330001003300330000003300100033000000330033000000330033000000330
00000000000010000003300000000000033000000000033000000330000003300330000003300330000003300000033000000330033000000330033000000330
00000000000000000003300000300000330000300000330000000333000033300330000003300330000003300000033000000330033000000330033000000330
00000000000000000003300003330003330003330003330000000033300333000033000033000033000033000000003300003300003300003300003300003300
00000000000000000003300000333333300000333333300003300003333330000003333330001003333330000330000333333000000333333000000333333000
00000000000000000003300000033333000000033333000003300000333300000000333300000000333300000330000033330000000033330000000033330000
00000000000000000000000000000000000000000000000000000000000000000000000000000000000000000000001000000000000000000000000000000000
00000000000000000000000000000000000000000000000000000000000000000000001000100000010000000000000000000000000000000000000000000000
00000000000000000000000000000000100000000000100000000000100100000000100000000000000000000000000000000000000000000000000000000000
00000000000000000000000000000001000000000000010000000000000000000000000000000000010000000000000000000000000000000000000000000000
00000000000000000000000000000000100000000000000000000000000000000000000000000000000000000000000000000000000000000000000000000000
00000000100000000000000000000000000000000000000000000000000000000000000000000000000000000000000000000000000000000000000000000000
00000001110000000000000000000000000000000000000000000000010000010000000000000000000000000000000000000000000000000000000000000000
00000000100000000000000000000000000000000000000000000000000000000000000010000000000000000000000000000000000000000000000000000000
00000000000033300300000330030003033330333000000000003000000000000000000100000000033303030333033000300000330003003000300000000000
00000000000030030300003003003030030000300300000000033000000000010000000000000000030003030030030303030000303030303000300000000000
00000000000030030300003003000300030000300300000000003010000000001000000000000000030000300030030303030000330030303000300000000000
00000000000033300300003333000300033300333000010000003011000000000000000000010000033000300030033003330000303033303000300000000000
00000000000030000300003003000300030000303000111000003010000000000000000000001000030003030030030303030000303030303000300000000000
00000000000030000333303003000300033330300300010000003000000000000000000000000000033303030030030303030000330030303330333000000000
00000000000000000000000000000000000000000000000000000000000000000000000000000000000000000000000000000000000000000000000000000000
