01000000000000100000000000000000000000000000000000000000000000000000000000000000000000000000000000000000000000000000000000000000
00000000000000000000001000000000100003333333333000001000333330010333333333300000333330000000000033333000000033333000033333333330
00000000000000000000000000000000000003333333333000000003333333000333333333300003333333000000000333333300000333333300033333333330
00000000000000000000000000000000000000000000330000000033300033300000000033000033300033300000003330003330003330003330000000003300
00000000000000000000000000000000000000000000330000000033000003300000000033010033000003300000003300000330003300000330000000003300
00000000000000000000000000000000000000000003300000000000000003300000010330000033000003300000003300000330000000000330000000033000
00000000000000000000000000000000000010000003300000100000000003300000000330000000000003300000000000000330000100000330000000033000
00001000000000000000000000000000000000000033000000000000000033001000003300000000000003300000000000000330000000003300000000330000
00000000000000000000000000100000000000000033000000000000103333000000003300000000000033000000000000003300000000333300010000330000
00000000000000000000000000000000000000000330000000000000003333000000033000000000000033000000000000003300000000333300000003300000
00000000000000000000000000000000000000000330000000000000000033300000033000000000000330000010000000033000000000003330000003300000
00000000000000000000000000000000000000003300000000000000000003300000330000000000003300000000000000330000000000000330000033000000
00000000000000000000000000000000000010003300000000000000001003300000330000010000033000000000000003300000000000000330000033000000
00000000000000100000000000000000000000033000000001000330000003300103300000000000330010000000000033000000033000000330000330000001
00000000000000000000000000000000000000033000000000000333000033300003300000000003300000000000000330000000033300003330000330000000
00000000000000000000000000000000000000330000000003300033333333000033001000000033333333300330003333333330003333333300003300000000
00000000000000000000000000100000000003330000001003301000333330000333000000000333333333300330033333333330000033333000033300000000
00000010000000000000000000000000000000000000000000000000000000000000000000000000000000000000000000000000000000000000000000000000
01000000000000000000000000000000001000000000000000000000000000000010001000000000000000000000000000000000000000000000000000000000
00000000000000000000000000000000000000001000000000000000000000100000000100000000000000000000000000000000000000000000000000000000
00000000000000000000000000000000000000000000000000000100010000000000100000000000000000000000000000000000000000000000000000000000
00000000000000000000000000000000000000000000000000000000000000000000000000000000010000010000000000000000000001000000000000000000
00000000000000001000000000000000000000000000000000000000000000000000000000000010000000000000000000000000000000000000000000000000
00000000000000000000000000000000000000000000010000000000000000000100000000000000000000000000000000000000000000000000000000000000
00000000000000000000000000000000000000000000000000000000000000000000000000000000000000000000000000000000000000000000000000000000
00000000000033300300000330030003033330333000000000003001000000100000000000000000003330003300300003000000000030000000000000000000
00000000000030030300003003003030030000300300000000033000000000000000000000000000003003030030300003000000000330000000000000000000
00000000000030030300003003000300030000300300000000003000000000000010000000000000003330030030300003000000000030000000000000000000
00000010000033300300003333000300033300333000000000003000000000000000000000010000003003033330300003000000000030000000000000000000
00000111000030000300003003000300030000303000000000003000010000000000000000000000003003030030300003000000000030000000000000000000
00000010000030000333303003000300033330300300010000003000000000000000000000000000003330030030333303333000000030000000000000000000
00000000000000000000000000000000000000000000000000000000000000000000000010000000000000000000000000000000010000000000001000000000
