00000000000000000000000000000000000000000000000000000000000000000000000000000000000000000000000000000000000000000000000000000000
00000000000000000000000000000000000000000000000000000000000000000000000000000000000000000000000000000000000000000000000000000000
00000000000000000000000000000000000000000000000000000000000000000000000000000000000000000000000000000000000000000000000000000000
00000000000000000000000000000000000000000000000000000000000000000000000000000000000000000000000000000000000000000000000000000000
00000000000000000000000000000000000000000000000000000000000000000000000000000000000000000000000000000000000000000000000000000000
00000000000000000000000000000000000000000000000000000000000000000000000000000000000000000000000000000000000000000000000000000000
00000000000000000000000000000000000000000000000000000000000000000000000000000000000000000000000000000000000000000000000000000000
00000000000000000000000000000000000000000000000000000000000000000000000000000000000000000000000000000000000000000000000000000000
00000000000000000000000000000000000000000000000000000000000000000000000000000000000000000000000000000000000000000000000000000000
00000000000000000000000030000030003330000033330003333330003333003300033000333330000000003333333003333300333333000000000000000000
00000000000000000000000033030330033333000033330003333330003333003330033003333330000000003333333033333330333333300000000000000000
00000000000000000000000033030330333033300003300000033000000330003333033033300000000000003300000033000330330003300000000000000000
00000000000000000000000033333330330003300003300000033000000330003333333033003330000000003333300033000330330033300000000000000000
00000000000000000000000003333300333333300003300000033000000330003303333033300330000000003333300033000330333330000000000000000000
00000000000000000000000003303300330003300033330000033000003333003300333003333330000000003300000033333330330333000000000000000000
00000000000000000000000003000300330003300033330000033000003333003300033000333330000000003300000003333300330033300000000000000000
00000000000000000000000000000000000000000000000000000000000000000000000000000000000000000000000000000000000000000000000000000000
00000000000000000000000000000000000000000000000000000000000000000000000000000000000000000000000000000000000000000000000000000000
00000000000000000000000000000000000000000000000000000000000000000000000000000000000000000000000000000000000000000000000000000000
00000000000000000000000000000000000000000000000000000000000000000000000000000000000000000000000000000000000000000000000000000000
00000000000000000000000000000000000000000000000000000000000000000000000000000000000000000000000000000000000000000000000000000000
00000000000000000000000003333000000000003333330000333300033333300333330000000000003333003333330033000330000000000000000000000000
00000000000000000000000033003300000000003333333000333300033333303333333000000000033333303333333033000330000000000000000000000000
00000000000000000000000033333300000000003300333000033000000330003330000000000000330003303300033033000330000000000000000000000000
00000000000000000000000003333000000000003333330000033000000330000333330000000000330000003333333033000330000000000000000000000000
00000000000000000000000033033330000000003300333000033000000330000000333000000000333003303333330033303330000000000000000000000000
00000000000000000000000033000330000000003333333000333300000330003333333000000000033333303300000033333330000000000000000000000000
00000000000000000000000003333300000000003333330000333300000330000333330000000000003333003300000003333300000000000000000000000000
00000000000000000000000000000000000000000000000000000000000000000000000000000000000000000000000000000000000000000000000000000000
00000000000000000000000000000000000000000000000000000000000000000000000000000000000000000000000000000000000000000000000000000000
00000000000000000000000000000000000000000000000000000000000000000000000000000000000000000000000000000000000000000000000000000000
00000000000000000000000000000000000000000000000000000000000000000000000000000000000000000000000000000000000000000000000000000000
