00000111223333322221222222222333333333333333333332222222222222222223333333333333333333333100000000000000000000000000000000000000
00000011222333332221222222222233333333333333333332222222222222222222323323333333333333333200000000000000000000000000000000000000
00000001122333332221222222222233333333333333333333322222222222222222233333333333333333333300000000000000000000000000000000000000
00000001122233332221212222222233333333333333333333322222222222222222233333333333333333333310000000000000000000000000000000000000
00000001122233333221111212222333333333333333333333322222222222222222223333333333333333333320000000000000000000000000000000000000
00000001112233333322111211222233333333333333333333322222222222222222323333333333333333333320000000000000000000000000000000000000
00000011112123333322112212222233333333333333333333322222222222222223322333333333333333333330000000000000000000000000000000000000
00000011011123333322111111222233333333333333333333332222222222222222223333333333333333333331000000000000000000000000000000000000
00000000111223333332111112222233333333333333333333332222222222222222223323333333333333333331000000000000000000000000000000000000
00000000111223333332111212222233333333333333333333332222222222222222223223333333333333333332000000000000000000000000000000000000
00000000001112333332111111221232333333333333333333333222222222222222223333333333333333333332000000000000000000000000000000000000
00000000011112333332211112222222333333333333333333333212222222222232222323333333333333333332000000000000000000000000000000000000
00000000011112333332221111212222333333333333333333333222222222222222222333333333333333333333000000000000000000000000000000000000
00000000001112333333221112112222333333333333333333333322222222222222232323333333333333333333000000000000000000000000000000000000
00000000000112333333221111122222233333333333333333333321221222222222232323333333333333333333000000000000000000000000000000000000
00000000000112333333211111111222233333333333333333333322222222222222233322333333333333333333000000000000000000000000000000000000
00000000000111333333211111111222333333333333333333333322222222222222222233333333333333333333000000000000000000000000000000000000
00000000000011233333221111111222233333333333333333333322222212222222232233333333333333333333000000000000000000000000000000000000
00000000000011233333221111111212333333333333333333333322222222222222222233333333333333333333000000000000000000000000000000000000
00000000000011233333321111111222333333333333333333333322222222222222222232333333333333333333000000000000000000000000000000000000
00000000000011233333211111111222333333333333333333333322222222222222233322333333333333333332000000000000000000000000000000000000
00000000000011233333321111111122333333333333333333333322222222222222222233323333333333333332000000000000000000000000000000000000
00000000000001233333311111111122233333333333333333333322212121222222222233333333333333333331000000000000000000000000000000000000
00000000000011233333211111111122333333333333333333333322222222222222222223333333333333333331000000000000000000000000000000000000
00000000000000000000000000000000000000000033333333300022111122122222222333333333300000000000000000000000000000000000000000000000
00000000000033300300000330030003033330333003333333003012212222122222222233333333303330003300300003000000000030000000000000000000
00000000000030030300003003003030030000300303333333033022211222222222222223333333303003030030300003000000000330000000000000000000
00000000000030030300003003000300030000300303333333003022221121222222222233333333303330030030300003000000000030000000000000000000
00000000000033300300003333000300033300333003333333303022111111222222222332333333303003033330300003000000000030000000000000000000
00000000000030000300003003000300030000303003333333303022111122212222222222333333303003030030300003000000000030000000000000000000
00000000000030000333303003000300033330300303333333303022111112222222222333333333303330030030333303333000000030000000000000000000
00000000000000000000000000000000000000000003333333300022111111122222222322333333300000000000000000000000000000000000000000000000
