00000000000000000000000000000000000000000000000000000000000000000000000000000000000000000000000000000000000000000000000000000000
00000000000000000000000000000000000000000000000000000000000000000000000000000000000000000000000000000000000000000000000000000000
00000000000000000000000000000000000000000000000000000000000000000000000000000000000000000000000000000000000000000000000000000000
00000000000000000000000000000000000000000000000000000000000000000000000000000000000000000000000000000000000000000000000000000000
00000000000000000000000000000000000000000000000000000000000000000000000000000000000000000000000000000000000000000000000000000000
00000000000000000333333000000000033333003300033033000330033333003300033000333300330003303333333000000000000000000000000000000000
00000000000000000333333000000000333333303300033033300330333333303300033000333300333003303333333000000000000000000000000000000000
00000000000000000000033000000000333000003300033033330330333000003300033000033000333303303300000000000000000000000000000000000000
00000000000000000000033000000000033333003300033033333330033333003333333000033000333333303333300000000000000000000000000000000000
00000000000000003300333000000000000033303330333033033330000033303333333000033000330333303300000000000000000000000000000000000000
00000000000000003333333000330000333333303333333033003330333333303300033000333300330033303333333000000000000000000000000000000000
00000000000000000333330000330000033333000333330033000330033333003300033000333300330003303333333000000000000000000000000000000000
00000000000000000000000000000000000000000000000000000000000000000000000000000000000000000000000000000000000000000000000000000000
00000000000000000000000000000000000000000000000000000000000000000000000000000000000000000000000000000000000000000000000000000000
00000000000000000000000000000000000000000000000000000000000000000000000000000000000000000000000000000000000000000000000000000000
00000000000000000000000000000000000000000000000000000000000000000000000000000000000000000000000000000000000000000000000000000000
00000000000000000000000000000000003333000033330000333300000000000033330000333300003333000000000000333300003333000033330000000000
00000000000000000000000000000000033333300333333003333330000000000333333003333330033333300000000003333330033333300333333000000000
00000000000000000000000000000000033003300330033003300330000000000330033003300330033003300000000003300330033003300330033000000000
00000000000000000000000000000000000003300330033003300330000000000330033003300330033003300000000003300330033003300330033000000000
00000000000000000000000000000000000003300330033003300330000000000330033003300330033003300000000003300330033003300330033000000000
00000000000000000000000000000000000033300330033003300330000000000330033003300330033003300000000003300330033003300330033000000000
00000000000000000000000000000000000333000330033003300330000000000330033003300330033003300000000003300330033003300330033000000000
00000000000000000000000000000000003300000330033003300330000000000330033003300330033003300000000003300330033003300330033000000000
00000000000000000000000000000000033333300333333003333330000330000333333003333330033333300003300003333330033333300333333000000000
00000000000000000000000000000000033333300033330000333300000330000033330000333300003333000003300000333300003333000033330000000000
00000000000000000000000000000000000000000000000000000000000000000000000000000000000000000000000000000000000000000000000000000000
00000000000000000000000000000000000000000000000000000000000000000000000000000000000000000000000000000000000000000000000000000000
00000000000000000000000000000000000000000000000000000000000000000000000000000000000000000000000000000000000000000000000000000000
00000000000000000000000000000000000000000000000000000000000000000000000000000000000000000000000000000000000000000000000000000000
00000000000000000000000000000000000000000000000000000000000000000000000000000000000000000000000000000000000000000000000000000000
00000000000000000000000000000000000000000000000000000000000000000000000000000000000000000000000000000000000000000000000000000000
