00000000000000000000000000000000000000000000000000000000000000000000000000000000000000000000000000000000000000000000000000000000
00000000000000000000000000000000000000000000000000000000000000000000000000000000000000000000000000000000000000000000000000000000
00000000000000000000000000000000000000000000000000000000000000000000000000000000000000000000000000000000000000000000000000000000
00000000000000000000000000000000000000000000000000000000000000000000000000000000000000000000000000000000000000000000000000000000
00000000000330000003300000033300000333000000000000033000000330000333330003333330000330000330033000033000000330000333333000000000
00000000003333000033330000333330003333300000000000333300003333000333333003333330003333000330033000333300003333000333333000000000
00000000003333000033330003330330033303300000000000333300003333000330033003300000003333000330033000333300003333000330000000000000
00000000003303000033030003300000033000000000000000330300003303000330333003300000003303000330033000330300003303000330000000000000
00000000003303000033030003300000033000000000000000330300003303000333330003333000003303000333333000330300003303000333300000000000
00000000003303000033030003300000033000000000000000330300003303000333330003333000003303000333333000330300003303000333300000000000
00000000003303000033030003300000033000000000000000330300003303000330333003300000003303000330033000330300003303000330000000000000
00000000033333300333333003330330033303300000000003333330033333300330033003300000033333300330033003333330033333300330000000000000
00000000033333300333333000333330003333300000000003333330033333300333333003333330033333300330033003333330033333300330000000000000
00000000033003300330033000033300000333000000000003300330033003300333330003333330033003300330033003300330033003300330000000000000
00000000000000000000000000000000000000000000000000000000000000000000000000000000000000000000000000000000000000000000000000000000
00000000011111100111111001111110011111100111111001111110011111100111111001111110011111100111111001111110011111100111111000000000
00000000000000000000000000000000000000000000000000000000000000000000000000000000000000000111111001111110011111100111111000000000
00000000000330000003300003333000000330000000000000033000000330000003300000033000000330000000000000000000000000000000000000000000
00000000003333000033330003333300003333000000000000333300003333000033330000333300003333000000000000000000000000000000000000000000
00000000003333000033330003303300003333000000000000333300003333000033330000333300003333000000000000000000000000000000000000000000
00000000003303000033030003303330003303000000000000330300003303000033030000330300003303000000000000000000000000000000000000000000
00000000003303000033030003300330003303000000000000330300003303000033030000330300003303000000000000000000000000000000000000000000
00000000003303000033030003300330003303000000000000330300003303000033030000330300003303000000000000000000000000000000000000000000
00000000003303000033030003303330003303000000000000330300003303000033030000330300003303000000000000000000000000000000000000000000
00000000033333300333333003303300033333300000000003333330033333300333333003333330033333300000000000000000000000000000000000000000
00000000033333300333333003333300033333300000000003333330033333300333333003333330033333300000000000000000000000000000000000000000
00000000033003300330033003333000033003300000000003300330033003300330033003300330033003300000000000000000000000000000000000000000
00000000000000000000000000000000000000000000000000000000000000000000000000000000000000000000000000000000000000000000000000000000
00000000011111100111111001111110011111100111111001111110011111100111111001111110011111100000000000000000000000000000000000000000
00000000011111100111111001111110011111100111111001111110011111100111111001111110011111100000000000000000000000000000000000000000
00000000000000000000000000000000000000000000000000000000000000000000000000000000000000000000000000000000000000000000000000000000
00000000000000000000000000000000000000000000000000000000000000000000000000000000000000000000000000000000000000000000000000000000
