33333333333333333333333333333333333333333333333333333333333333333333333333333333333333333333333333333333333333333333333333333333
33333333333333333333333333333333333333333333333333333333333333333333333333333333333333333333333333333333333333333333333333333333
33333333333333333333333333333333333333333333333333333333333333333333333333333333333333333333333333333333333333333333333333333333
33333333333333333333333333333333333333333333333333333333333333333333333333333333333333333333333333333333333333333333333333333333
33333000000000000003333333333333333333333333333333333333333333333333333333333000333333333333300000003333333333333333333333333333
33333330000001110000033333333333333333333333333333333333333333333303333333330000013333333333333000001133333333333333333333333333
33333333000001133000001333333333333333333333333333333333333333333303133333330000011333333333333000001133333333333333333333333333
33333333000001133300001133333333333333333333333333333333333333333003133333330000011333333333333000001133333333333333333333333333
33333333000001133300000133333333333333333333333333333333333333330001133333333000111333333333333000001133333333333333333333333333
33333333000001133300000113333333333333333333333333333333333333300001133333333331113333333333333000001133333333333333333333333333
33333333000001133300000113333333333333333333333333333333333333000001133333333333333333333333333000001133333333333333333333333333
33333333000001133300000113333000000333333330000000333000333330000000003333000000033333333300033000001133333330000003333333333333
33333333000001133300001113300331000003333333300000100000013300000000001133330000011333330000100000001133333003310000033333333333
33333333000001133000001133000113300000133333300000013000011333000001111133330000011333300001110000001133330001133000001333333333
33333333000001130000011130000113300000113333300000011000011333000001133333330000011333300001133000001133300001133000001133333333
33333333000000000001111330000113300000113333300000111300111333000001133333330000011333000001133000001133300001133000001133333333
33333333000001111111133333000113300000113333300000113333113333000001133333330000011333000001133000001133330001133000001133333333
33333333000001133333333333331110000000113333300000113333333333000001133333330000011333000001133000001133333311100000001133333333
33333333000001133333333333333003300000113333300000113333333333000001133333330000011333000001133000001133333330033000001133333333
33333333000001133333333333300031100000113333300000113333333333000001133333330000011333000001133000001133111222111333331100000000
00000000333331100000000000333311033333110000033333110000000000333331100000003333311000333331100333331100003333110333331100000000
00000000333331100000000003333311033333110000033333110000000000333331100000003333311000333331100333331100033333110333331100000000
00000000333331100000000003333311033333110000033333110000000000333331103000003333311000033333100333331100033333110333331100000000
00000000333331100000000003333311333333110000033333110000000000333331130010003333311000033333113333331100033333113333331100000000
00000003333333100000000003333333033333330000033333110000000000033333300100003333311000003333330333333300033333330333333300000000
00000333333333330000000000333311113333111103333333330000000000003333111000333333333000000333311333311111003333111133331111000000
00000001111111111100000000001111000011110000011111111100000000000011110000001111111110000001111001111000000011110000111100000000
00000000000000000000000000000000000000000000000000000000000000000000000000000000000000000000000000000000000000000000000000000000
00000000000000000000000000000000000000000000000000000000000000000000000000000000000000000000000000000000000000000000000000000000
00000000000000000000000000000000000000000000000000000000000000000000000000000000000000000000000000000000000000000000000000000000
00000000000000000000000000000000000000000000000000000000000000000000000000000000000000000000000000000000000000000000000000000000
00000000000000000000000000000000000000000000000000000000000000000000000000000000000000000000000000000000000000000000000000000000
