00000000000000000000000000000000000000000000000000000000333333333222100122333333333333310000000000000000000000000000000000000000
00333000030003000300000003003330030000000300030003000000333333333333210011233333333333310000000000000000000000000000000000000000
00333000330030303030000030003000303000003030303030300000322222333333332001123333333333100000000000000000000000000000000000000000
00033000030000300300000033003300003000000030030003000000222222233333333210011233333333000000000000000000000000000000000000000000
00033000030003000030000030300030030000000300003000300000222222223333333331011133333331000000000000000000000000000000000000000000
00033000030030003030000030303030300000003000303030300000111012323333333333221012333210000000000000000000000000000000000000000000
00033000030033300300030003000300333003003330030003000000000001233333333333332001233100000000000000000000000000000000000000000000
00033000000000000000000000000000000000000000000000000000000000022233333333333200122100000000000000000000000000000000000000000000
00000000000000000000000000000000000013223221111122210000000000002233233333333321112000000000000000000000000000000000000000000000
00000000000000000000000000100000000002323321111121100000000000001323223333333332112100000000000000000011211100000000000000000000
00000000000000000000000000000000000001322321111111000000000000000322212233333333223211122210110000001223333321000000000000000000
00000000000000000000000000000000000000232322111112000000000000000222311233233332233322332232332210022333333332210000000000000000
00000000000000000000000000000000000000232222111111000000000000000131320222232112012321232233333332232333333333331000000000000000
00000000000000000000000000000000000000232221111111000000000000000132310132222000010100132333333333332333333333332100000000000000
00000000000000000000000000000000000000232221101111000000000000000031310133323100221001123333333333321331233333333200000000000000
00000000000000000000000001000000000000232221001111000000000000000131320122333101332001122333323333321111113333333310000000000000
00000000000000000000000001000000000000222221001111000000000000000131320222333100332000122233333333331122101333333320000000000000
00000000000000000000000001000000000000222221001111000000000000000122310222333100332000122222333333332332211233333330000000000000
00000000000000000000000000100000000001222210011111000000000000000222311222333100332000112222323333321221321123333331000000000000
00000000000000000000000000100000000002222210010111100000000000001323101223333212332100012222222333321110111123333331000000000000
00000000000000000000000000010000000012222100110111100000000000002222001222333333333310012222222233322210000123333331000000000000
00000000000000000000000000001000000122221000010011110000000000022231012222233333333310011222222233223100000123333331000000000000
00000000000000000000000000000110012222210000011110011100000000222221123222233333333211132222222333212200000122333331000000000000
00000000000000000000000000000011111112210000010001001111111112211112223223233333322111232222212322321320000123323320000000000000
00000000000000000000000000000000000000000000000001100011211211111122222233333333300000000000000000000000000000000000000000000000
00000000000000330300300330003300333000330033300101003011111111111223332333333333033000300300003000033303030333033000300000000000
00000000000000030300303003030030300303003030030111033011111111122222223333333222030303030300030300030003030030030303030000000000
00000000000000030300303000030030300303003030030111003011111111232333333333332000033003030300030300030000300030030303030000000000
00000000000000030300303033033330300303003033330222203022212222223323333333210000030303030300033300033000300030033303330000000000
00000000000030030300303003030030300303003030300222303022222222233333333321000000030303030300030300030003030030033003030000000000
00000000000003300033000330030030333000330030030111103022222222333333222100000000033300300333030300033303030030030303030000000000
00000000000000000000000000000000000000000000000000000001111111111111000000000000000000000000000000000000000000000000000000000000
