00000000000000000000000000000000000000000010000000000000000000000000000000000000000000000000000000000000000000000000000000000000
00000000001000000000000000000000000010000000000010000000000110000000111100000000111100000000000011110000000011110000000011110000
00000000011100000000000000100000000110000000000110000000001110010001111110000001111110000000000111111000000111111000000111111000
00000000001000000000000000000000000110000000000110000100011110000011000011000011000011000000001100001100001100001100001100001100
00000000000000000000000000000000001110000000001110000000000110000110000001100110000001100001011000000110011000000110011000000110
00000000000000000000000000000000001110000000001110000000000110000110000001100110000001100000011000000110011000000110011000000110
00000000000000000000000000000000011110000000011110000000000110000110100001100110000001100000011000000110011000000110011000000110
00000000001000000000000000000000110110000000110110010000000110000110000001100110000001100000011000000110011000000110011000000110
00000000000000000000000000000000110110000000110110000000000110000110000001100110000001100000011000000110011000000110011000000110
00000000000000000000000000000001100110000001100110000000100110000110000001100110000001100000011000000110011000000110011000000110
00000000000000000000000000000011100110000011100110000000000110000110001001100110000001100000011000000110011000000110011000000110
00000000000000000000000000000111000110000111000110000000000110000110000001100110000001101000011000000110011000000110011000000110
00000000000000000000000000000111111111100111111111100000010110000110000001100110000001100000011000000110011000000110011000000110
00000000000000000001000000000111111111100111111111100000000110000110000001100110010001100000011000000110011000000110011001000110
00000000000000000000000000000000000110000000000110000000000110000011000011000011000011000000001100001100001100001100001100001100
00000000000000000000000000000000000110000000000110000110000110000001111110001001111110000110000111111000000111111000000111111000
00000000000000000000000000000100000110000000000110000110000110000000111100000000111100000110000011110000000011110000000011110000
00000000000000000000000000000000000000000000000000000000000000000000000000000000000000000000000000000000000000000000000000000000
00000000000000000000000000000000000000000010000000000000000000100000001001000000000000000000000000000000000000000000000000000001
00000000000000000000000000000000000000000000000000000000000000000000000000000000000000000000000000000000000000000000000000000000
00000000000000000000000000000000000000000000000000000100000000000000000000000000000001000000000000000000000000000000000000000000
00000000000000000000010000000000000000000000000000000000000000000000000000000100000000000000000000000000000000000000000000000000
00000000000000000000000000000000000000000000000100000000000000000100000000000000000000000000000000000000000000000000000000000000
00000000000000000000000000000000000000000000000000000000100000100000000000000000000000000000000000000000000000000000000000000000
00000000000000000000000000000000000000000000000000000001000000000000001000000000000000000000000000000000000000000000000000000000
00000000000000110100100110001100111000110011100000001000000000000000000000000000000111000110010000011000000010000000000000000000
00000000000000010100101001010010100101001010010000011000000000000100000000100000000100101001010000100100000110000000000000000000
00000000000000010100101000010010100101001010010000001000001000010000000000000000000111001001010000100100000010000000000000000000
00000000000000010100101011011110100101003033330100003000000000000000000000000000000300303003030000333300000030000000000000000000
00000000000030030300303003030030300303003030300000003000000000000000000000000000000300303003030000300300000030000000000000000000
01000000000003300033000330030030333000330030030000003000000000000000000100000000000333000330033330300300000030000000000000000000
11100000000000000000000000000000000000000000000000000000000000000000100000000000000000000000000000000000000000000000000000000000
