00000000000000000000000000000000000000000000000000000000000000000000000000000000000000000000000000000000100000000000000000000000
00000000000000000000000000000000000000001000000000000000000000000000000000000000003330000033300000333000003330000033300000000000
00000000000000000000000000000000000000000000000000000000100000000000000000000301030003000000030003000300030000000000030000000000
00000000000000000000000000000000000000000000000000000000000000000000000100000300030003000001030003000300030000000000030001000000
00000000000000000000000000000100000000000000000000000000000000000100000000000300030003000000030003000300030000000000030011100000
00000000000000000000000000000000000000000000000100000000000000000000000000000000000000000033300000000000003330000033300001000000
00000000000000000000000000000000000000000000000000000000000000000000000000000300030003000300000003000300000003000300000000000000
00000000000000010000000000000000000001000000000000000010000000000000000000000300030003000300000003000300000003000300000000000000
00000000000000000000000000000000000000000000000000000000000010000000000000000300030003000300000003000300000003000300000000000000
00000000000000000000000000000000000000000000000000000000000000000000000001000000003330000033300000333000003330000033300000000000
00000000000000000000000000000000000000000000000000000000000000000000000000000000000000000000003000000000000000000000000000000000
00000000000000000000000000000000000000000000000000000000000000000000000000000000100000000000000000000000000000000000000000000000
00000000000000000000000000000100000000000000000000000000101000100000100000000000000000000000000000000000000000000000000000000000
10000000000000000000000000000000000000000000010000000000000001000100001000000000000000000010000000000000000000000000000000000000
00000000000000000000000000000000000000000000000000000000000000000001000000000000000000000001000000000000000000000000000000000000
00000000000000000000000000000000000000000000000000000000000100000000000100000000000000000000000000000000000000000000000000000000
00000000000000000000000000000000000000000000000000000000000000000000000000000000000100000000000000000000000000100000000000000000
00000000000000010000000000000000000000000010000000000000000100000010000000100000000000000000000000000000000000000000000000000000
00000000000000000000000000000000000000000000000000100000001000000000001000000000000000000000000000000000000000000000000000000000
00000000000000000000000000000000000000000000000000000000000000100000100000000000000000000000000000000000000000000000000000000000
00000000000000000000000000100000000000000000000000000000000000000001000000100000000000000000000000000000000000000000000000000000
00000000000000000000000000000000010000000000000000000000000000000000000001000001000000000000000000000000000000000000000000000000
00000000000000000000000000000000000000000000000000000000100000100000001000000000000000000000000000000000000000000000000000000000
00000000000000000000000000000000000000000000000000010000000000000000000000000000000000000000000000000000000000000000000000001000
00010000000000000000000000000000000000000000000000000000000000000000000000000000000000000000000000000000000000000000000000011100
00111000000033300300000330030003033330333000000000003000000000000000000000000000003330003300300003000000000030000000000000001000
00010000000030030300003003003030030000300300000000033000000000000010000000000000003003030030300003000000000330000000000000000000
00000000000030030300003003000300030000300300000000003000000000000000000000000000003330030030300003000000000030000000000000000000
00000000000033300300003333000300033300333000000000003000000000100000000000100000003003033330300003000000000030000000000000000000
00000000000030000300003003000300030000303000000100003000000000000000000001110000003003030030300003000000000030000000000000000000
00000000000030000333303003000300033330300300000000003000000000000000000000100000003330030030333303333000000030000000000000000000
00000000000000000000000000000000000000000000000000000000000000000000000000000000000000000000000000000000000000000000000000000000
