00000000000000000000000000000000000000000000000000000000000000000000000000333333333000000000000000000000000000000000000000000000
00000000000000000000000000000000000000000000000030000000000033333000000330333333330030000000000033333000000033330000000033333000
00000000000000000000000000000000000000000000000330000000000333333300003330333333330330210000000333333300000333333000000333333300
00000000000000000000000000000000000000000000000330000000003330003330033330333333300330332000003330003330003330033300003330003330
00000000000000000000000000000000000000000000003330000000003300000330000330333333303330333100003300000330033000000330003300000330
00000000000000000000000000000000000000000000003330000000000000000330330330333333003330333310003300000330033000000330000000000330
00000000000000000000000000000000000012221000033330000000000000000330330330333330033330333331000000000330033000000330000000000330
00000000000000000000000000000000000133333200330330000000000000003300330330321110330330333333000000000330033000000330000000003300
00000000000000000000000000000000000233333300330330000000000000333303330330310000330330112333100000003300033300003330000000333300
00000000000000000000000000000000000333223003300330000000000000333300330330322003300330000101100000003300003333333300000000333300
00000000000000000000000000000000001332110033300330000000000000003330330330330033300330222100100000033000000333333300000000003330
00000000000000000000000000000000000222110333000330000000001123300330330330330333000330003333320000330000000000333000000000000330
00000000000000000000000000000000000122110333333333300111000033330330330330330333333333303333330003300000000000330000000000000330
00000000000000000000000000000000000011110333333333302211033003300330330330330333333333303333330033000000000003300000033000000330
00000000000000000000000000000000000000110000000330000000033300003330330330330000000330000000300330000000000033000000033300003330
00000000000000000000000000000111000000112221110330120330003333333300330330333333330330330330003333333330000330000000003333333300
00000000000000000000000000012333332112111221120330220330100033333003220330333333330330330330033333333330003300000000000033333000
00000000000000000000000000122233333112111222220000110000112000000022220000333233320000330000000000000000000000000000000000000000
00000000000000000000000011331233332111211111111121000011002222233222333332233332223322332233332000000000000000000000000000000000
00000000000000000000000012210222221111100001000010000010002322233223333333223332233333333223331000000000000000000000000000000000
00000000000000000000000002210122221011000000000010000011012222222223333333323322233333333313330000000000000000000000000000000000
00000000000000000000000002210011211011000001111111111111111222223223332233222323222333333313320000000000000000000000000000000000
00000000000000000000000001110001110001111112111222112222212222222223333333322322222333333313310000000000000000000000000000000000
00000000000000000000000000111111110001121112222222222222222222222223333333322322232333333223300000000000000000000000000000000000
00000000000000000000000000000000000000000011111111100012222122222222333333322323300000000000000000000000000000000000000000000000
00000000000033300300000330030003033330333000000000003000000012222222332233322322303330003300300003000000000030000000000000000000
00000000000030030300003003003030030000300300000000033000000001222222233222222223303003030030300003000000000330000000000000000000
00000000000030030300003003000300030000300300000000003000000000122222222222222233303330030030300003000000000030000000000000000000
00000000000033300300003333000300033300333000000000003000000000002222233332222333303003033330300003000000000030000000000000000000
00000000000030000300003003000300030000303000000000003000000000000122223333222333303003030030300003000000000030000000000000000000
00000000000030000333303003000300033330300300000000003000000000000012223222322223303330030030333303333000000030000000000000000000
00000000000000000000000000000000000000000000000000000000000000000001222112322222300000000000000000000000000000000000000000000000
