00000000000000000000000000000000000000000000000000000000000000000000000000000000000000000000000000000000000000000000000000000000
00000000000000000000000000000000000000000000000000000000000000000002222200000000000000000000000000000000000000000000000000000000
00000000000000000000000000000000000000000000000000000000000000000011111110000000000000000000000000000000000000000000000000000000
00000000000000000000000000000000000000000000000000000000000000000333333330000000000000000000000003330000000000000000000000000000
00000000000000000000000000000000000000000000000000000000033300003330003330000000000000000000000030003000000000000000000000000000
00000000000000000000000000000000000000000000000000000222222220022200002220000000000000000000000202200200000000000000000000000000
00000000000000000000000000000000000000000000000000011111111110011100001110000000001110000000000101010100000000000000000000000000
00000000000000000000000000000000000000000000000003333333333330333000033300000000033333000000000303300300000000000000000000000000
00000000000000000000000000000000000000000000000033333333333300330000033300000000033333000000000303030300000000000000000000000000
00000000000000000000000000000000000000000000000222222222222002220000222000000000022222000000000020002000000000000000000000000000
00000000000000000000000000000000000000000000001111111111000001110000110000000000001110000000000001110000000000000000000000000000
00000000000000000000000000000000000000000000003333333000000003300003300333300000000000000333000000000000000000000000000000000000
00000000000000000000000000000000000000000000003333333000000003300033003333330000030000003333300000000000000000000000000000000000
00000000000000000000000000000000000000000000002222222220000002200220022200220000220000022200000000000000000000000000000000000000
00000000000000000000000000000000000000000000001111111111100001101100110000110001110000111000000000000000000000000000000000000000
00000000000000000000000000000000000000000000000333333333330003300000330003330033300000330000000000000000000000000000000000000000
00000000000000000000000000000000000000000000000033333333333003300000333333300333300003330000000000000000000000000000000000000000
00000000000000000000000000000000000000000000000000022222222002200002222220002222200022220002200000000000000000000000000000000000
00000000000000000000000000000000000000000000000011111111111001110111111001111101100111111011100000000000000000000000000000000000
00000000000000000000000000000000000000000000003333333333330000333333333333330003333300333333300000000000000000000000000000000000
00000000000000000000000000000000000000000000333333333333300000033300033333000003330000033330000000000000000000000000000000000000
00000000000000000000000000000000000000000002222222222200000000000000000000000000000000000000000000000000000000000000000000000000
00000000000000000000000000000000011111100111111111110001111111111111111111111111111111111111111000000000000000000000000000000000
00000000000000000000000000000000033333003333333330000033333333333333333333333333333333333333333000000000000000000000000000000000
00000000000000000000000000000000000000033333333000000000000000000000000000000000000000000000000000000000000000000000000000000000
00000000000000000000000000000000000000222222000000000000000000000000000000000000000000000000000000000000000000000000000000000000
00000000000000000000000000000000000001111100000000000000000000000000000000000000000000000000000000000000000000000000000000000000
00000000000000000000000000000000000033330000000000000000000000000000000000000000000000000000000000000000000000000000000000000000
00000000000000000000000000000000000333300000000000000000000000000000000000000000000000000000000000000000000000000000000000000000
00000000000000000000000000000000002222000000000000000000000000000000000000000000000000000000000000000000000000000000000000000000
00000000000000000000000000000000001110000000000000000000000000000000000000000000000000000000000000000000000000000000000000000000
00000000000000000000000000000000000000000000000000000000000000000000000000000000000000000000000000000000000000000000000000000000
