00000000000000000000000000000000000000000000000000000000000000000000000000000000000000000000000000000000000000000000000000000000
00000000000000000000000000000011110000011100000001111111011111111110111111100001111111000111111111100000000000000000000000000000
00000000000000000000000000000011110000111110000011111111011111111110111111110011111111100111111111100000000000000000000000000000
00000000000000000000000000000011110001111111000111111111011111111110111111110111111111110111111111100000000000000000000000000000
00000000000000000000000000000013310001333331000133110111001331331000133113310133110113310111133111100000000000000000000000000000
00000000000000000000000000000013310001331331000133100000001331311000133113310133100013310000133100000000000000000000000000000000
00000000000000000000000000000013310011333331100133100000001333310000133333110133100013310000133100000000000000000000000000000000
00000000000000000000000000000013310013333333100133100000001331311000133111100133100013310000133100000000000000000000000000000000
00000000000000000000000000001113310013311133100133110111001331331100133100000133110113310000133100000000000000000000000000000000
00000000000000000000000000001313310113310133110113311131011331333110133100000113311133110000133100000000000000000000000000000000
00000000000000000000000000001333110133310133310011333331013333133310133100000011333331100000133100000000000000000000000000000000
00000000000000000000000000001111100111110111110001111111011111111110111100000001111111000000111100000000000000000000000000000000
00000000000000000000000000000000000000000000000000000000000000000000000000000000000000000000000000000000000000000000000000000000
00000000000000000000000000000000000000000000000000000000000000000000000000000000000000000000000000000000000000000000000000000000
00000000000000000000000000000000000000000000000000000000000000000000000000000000000000000000000000000000000000000000000000000000
00000000000000000000000000000000000000000000000000000000000000000000000000000000000000000000000000000000000000000000000000000000
00000000000000000000000000000000000000000000000000000000000000000000000000000000000000000000000000000000000000000000000000000000
00000000000000000000000000000000000000000000000000000000000000000000000000000000000000000000000000000000000000000000000000000000
00000000000000000000000000000000000000000000000000000000000000000000000000000000000000000000000000000000000000000000000000000000
00000000000000000000000000000000000000000000000000000000000000000000000000000000000000000000000000000000000000000000000000000000
00000000000000000000000000000000000000000000000000000000000000000000000000000000000000000000000000000000000000000000000000000000
00000000000000000000000000000000000000000000000000000000000000000000000000000000000000000000000000000000000000000000000000000000
00000000000000000000000000000000000000000000000000000000000000000000000000000000000000000000000000000000000000000000000000000000
00000000000000000000000000000000000000000000000000000000000000000000000000000000000000000000000000000000000000000000000000000000
00000000000000000000000000000000000000000000000000000000000000000000000000000000000000000000000000000000000000000000000000000000
00000000000000000000000000000000000000000000000000000000000000000000000000000000000000000000000000000000000000000000000000000000
00000000000000000000000000000000000000000000000000000000000000000000000000000000000000000000000000000000000000000000000000000000
00000000000000000000000000000000000000000000000000000000000000000000000000000000000000000000000000000000000000000000000000000000
00000000000000000000000000000000000000000000000000000000000000000000000000000000000000000000000000000000000000000000000000000000
00000000000000000000000000000000000000000000000000000000000000000000000000000000000000000000000000000000000000000000000000000000
00000000000000000000000000000000000000000000000000000000000000000000000000000000000000000000000000000000000000000000000000000000
00000000000000000000000000000000000000000000000000000000000000000000000000000000000000000000000000000000000000000000000000000000
