00000000000000000000000000000000000000000000000000000000000000000000000000000000000000000000000000000000000000000000000000000000
00000000000000000000000000000000000000000000000000000000000000000000000000000000000000000000000000000000000000000000000000000000
00000000000000000000000000000000000000000000000000000000000000000000000000000000000000000000000000000000000000000000000000000000
00000000000000000000000000000000000000000000000000000000000000000000000000000000000000000000000000000000000000000000000000000000
00000000000000000000000000000000000000000000000000000000000000033300000000000333330000000000000000000000000000000000000000000000
00000000000000000000000000000000000000000000000000000000000003333300000000033333333300000000000000000000000000000000000000000000
00000000000000000000000000000000000000000000000000000000000333333111000000333331111130000000000000000000000000000000000000000000
00000000000000000000000000000000000000000000000000000000003333311111000000333111111111000000000000000000000000000000000000000000
00000000000000000000000000000000000000000000000000000000003331111111000003331111131111100000000000000000000000000000000000000000
00000000000000000000000000000000000333333033333300000000000011111111000003331111033111110000000000000000000000000000000000000000
00000000000000000000000000000000000033333033333000000000000011111111000003311111033111110000000000000000000000000000000000000000
00000000000000000000000000000000000001111113111111000000000003311111000033311111033111110000000000000000000000000000000000000000
00000000000000000000000000000000000000111113111110000000000003311111000033311111033111110000000000000000000000000000000000000000
00000000000000000000000000000000000000311113111100000000000003311111000033111111033111111000000000000000000000000000000000000000
00000000000000000000000000000000000000031113111000000000000003311111000033111111033111111000000000000000000000000000000000000000
00000000000000000000000000000000000000031111111000000000000003311111000033111111033111111000000000000000000000000000000000000000
00000000000000000000000000000000000000033111110000000000000003311111000033111111033111111000000000000000000000000000000000000000
00000000000000000000000000000000000000333111110000000000000003311111000033111111033111111000000000000000000000000000000000000000
00000000000000000000000000000000000000333111110000000000000003311111000033111111033111111000000000000000000000000000000000000000
00000000000000000000000000000000000003331111111000000000000003311111000033111111033111111000000000000000000000000000000000000000
00000000000000000000000000000000000033331111111000000000000003311111000003111111033111111000000000000000000000000000000000000000
00000000000000000000000000000000000033311113111100000000000003311111000003111111033111111000000000000000000000000000000000000000
00000000000000000000000000000000000333111113111110000000000003311111000003311111033111110000000000000000000000000000000000000000
00000000000000000000000000000000000000111110111110000000000003311111000000311111033111110000000000000000000000000000000000000000
00000000000000000000000000000000000001111110111111000000000003311111000000311111333111110000000000000000000000000000000000000000
00000000000000000000000000000000000000000000000000000000003333311111300000031111333111100000000000000000000000000000000000000000
00000000000000000000000000000000000000000000000000000000003333311111100000001111131111100000000000000000000000000000000000000000
00000000000000000000000000000000000000000000000000000000000011111111111000000111111111000000000000000000000000000000000000000000
00000000000000000000000000000000000000000000000000000000000011111111111000000001111100000000000000000000000000000000000000000000
00000000000000000000000000000000000000000000000000000000000000000000000000000000000000000000000000000000000000000000000000000000
00000000000000000000000000000000000000000000000000000000000000000000000000000000000000000000000000000000000000000000000000000000
00000000000000000000000000000000000000000000000000000000000000000000000000000000000000000000000000000000000000000000000000000000
