00000000000000000000000000000000000000000000000000000000000000000000000000000000000000000000000000000000000000000000000000000000
00000000000000000000000000000000001111000011111110000111111100111111000011001111111100011111000000000000000000000000000000000000
00000000000000000000000000000000011111100011111111000111111110111111100011101111111110111111100000000000000000000000000000000000
00000000000000000000000000000000111111110011111111100111111110111111110011100111111110111111110000000000000000000000000000000000
00000000000000000000000000000000111100111011100011100111000000111000111011100001110000111000110000000000000000000000000000000000
00000000000000000000000000000000111000011011111111100111111100111000111011100001110000111111000000000000000000000000000000000000
00000000000000000000000000000000111000000011111111000111111110111000111011100001110000011111100000000000000000000000000000000000
00000000000000000000000000000000111000110011111110000111111110111000111011100001110000001111110000000000000000000000000000000000
00000000000000000000000000000000111001111011100111000111000000111001111011100001110000110001110000000000000000000000000000000000
00000000000000000000000000000000011111111011100111000111111100111111111011100001110000111111110000000000000000000000000000000000
00000000000000000000000000000000001111110011100011100111111110111111110011100001110000011111110000000000000000000000000000000000
00000000000000000000000000000000000111100001100001110011111110011111100001100000110000001111100000000000000000000000000000000000
00000000000000000000000000000000000000000000000000000000000000000000000000000000000000000000000000000000000000000000000000000000
00000000000000000000000000000000000000000000000000000000000000000000000000000000000000000000000000000000000000000000000000000000
00000000000000000000000000000000000000000000000000000000000000000000000000000000000000000000000000000000000000000000000000000000
00000000000000000000000000000000000000000000000000000000000000000000000000000000000000000000000000000000000000000000000000000000
00000000000000000000000000000000000000000000000000000000001111000011110000000000000000000000000000000000000000000000000000000000
00000000000000000000000000000000000000000000000000000000001111000011110000000000000000000000000000000000000000000000000000000000
00000000000000000000000000000000000000000000000000000000001001000011110000000000000000000000000000000000000000000000000000000000
00000000000000000000000000000000000000000000000000000000001001000010001000000000000000000000000000000000000000000000000000000000
00000000000000000000000000000000000000000000000000000000001001000010001000000000000000000000000000000000000000000000000000000000
00000000000000000000000000000000000000000000000000000000001001000000011000000000000000000000000000000000000000000000000000000000
00000000000000000000000000000000000000000000000000000000001001000000110000000000000000000000000000000000000000000000000000000000
00000000000000000000000000000000000000000000000000000000001001000000100000000000000000000000000000000000000000000000000000000000
00000000000000000000000000000000000000000000000000000000001001000001011000000000000000000000000000000000000000000000000000000000
00000000000000000000000000000000000000000000000000000000001001000011011000000000000000000000000000000000000000000000000000000000
00000000000000000000000000000000000000000000000000000000001001000011110000000000000000000000000000000000000000000000000000000000
00000000000000000000000000000000000000000000000000000000001111000011110000000000000000000000000000000000000000000000000000000000
00000000000000000000000000000000000000000000000000000000001111000011110000000000000000000000000000000000000000000000000000000000
00000000000000000000000000000000000000000000000000000000000000000000000000000000000000000000000000000000000000000000000000000000
00000000000000000000000000000000000000000000000000000000000000000000000000000000000000000000000000000000000000000000000000000000
00000000000000000000000000000000000000000000000000000000000000000000000000000000000000000000000000000000000000000000000000000000
