00000000000000000000000000000000000000000000000000000000000000000000000000000000000000000000000000000000000000000000000000000000
00033333000333330033333003333333330003333333330000000333333000033333333300003333303333303333333333300033333330000033333330000000
00033333000333330033333003333333330003333333333000003333333300033333333330003333303333303333333333300333333333000033333330000000
00033333000333330033333003303330330003333333333000033333333330033333333333003333303333303333000033300333000333000003333300000000
00003330000033300003330000003330000000333333333000033333333330003333333333000333000333000000000333303333000000000033303330000000
00003330000033330003330000003330000000333000333000033300003330003330003333000333000333000000003333003333000000000033303330000000
00003330000033333003330000003330000000333000333000033300003330003330000333000333000333000000033330003333000000000033000330000000
00003330000033333303330000003330000000333003330000033300003330003330000333000333000333000000333300003333000000000033000330000000
00003330000033333333330000003330000000333003300000033300003330003330000333000333000333000003333000003333000000000333333333000000
00003330000033303333330000003330000000333333300000033300003330003330000333000333000333000033330000003333000000000333333333000000
00003330000033300333330000003330000000333333330000033300003330003330000333000333333333000333300000003333000333000333000333000000
00003330000033300033330000003330000000333333330330033333333330003330003333000333333333003333000333303333000333000330000033000000
00003330000033300003330000003330000000333000333330033333333330003333333333000333333333003330000333300333333333003330000033300000
00033333000333330033333000033333000003333330333330003333333300033333333330000033333330003333333333300033333330033333000333330000
00033333000333330033333000033333000003333330333330000333333000033333333300000003333300003333333333300003333300033333000333330000
00000000000000000000000000000000000000000000000000000000000000000000000000000000000000000000000000000000000000000000000000000000
00000000000000003333330000333333000003333000003333300333330033333333330033333333300000003333333000000000000330000000000000000000
00000000000000003333330000333333000333333330003333300333330033333333330033333333330000003333333000000333333330000000000000000000
00000000000000003333330000333333003333333333003333300333330033333333330033333333333000000333330000003333333330000000000000000000
00000000000000000333300000033330003333333333000333000033300003330000330003330033333000003330333000003333333330000000000000000000
00000000000000000333330000333330003330000333000333300033300003330000000003330003333000003330333000003330000330000000000000000000
00000000000000000333333003333330003330000333000333330033300003330000000003330000333000003300033000003330000000000000000000000000
00000000000000000333333003333330003330000333000333333033300003333333000003330000333000003300033000003333333000000000000000000000
00000000000000000333033333303330003330000333000333333333300003333333000003330000333000033333333300000333333300000000000000000000
00000000000000000333033333303330003330000333000333033333300003330000000003330000333000033333333300000000333330000000000000000000
00000000000000000333003333003330003330000333000333003333300003330000000003330000333000033300033300003300003330000000000000000000
00000000000000000333003333003330003333333333000333000333300003330000000003330003333000033000003300003330003330000000000000000000
00000000000000000333003333003330003333333333000333000033300003330000330003333333333000333000003330003333333330000000000000000000
00000000000000003333303333033333000333333330003333300333330033333333330033333333330003333300033333003333333330000000000000000000
00000000000000003333300330033333000033333300003333300333330033333333330033333333300003333300033333003300333300000000000000000000
00000000000000000000000000000000000000000000000000000000000000000000000000000000000000000000000000000000000000000000000000000000
00000000000000000000000000000000000000000000000000000000000000000000000000000000000000000000000000000000000000000000000000000000
