00000000111100000001112333333222222222233333333333333333332222222221232232233333333333333333331000000000000000000000000000000000
00000000000100000000112233333222222222233333333333333333332222222222222332233333333333333333331000000000000000000000000000000000
00000000000000000001111223333222222222233233333333333333333222222222222222233333333333333333332000000000000000000000000000000000
00000000000000000000111223333322222222223333333333333333333222222222222222223333333333333333333000000000000000000000000000000000
00000000000000000000011223333332211212233333333333333333333332222222222223223333333333333333333100000000000000000000000000000000
00000000000000000000111122333332222222222333333333333333333322222222222333333333333333333333333200000000000000000000000000000000
00000000000000000000111122333332221222222233333333333333333332222222222223333233333333333333333200000000000000000000000000000000
00000000000000000000011122333332222222222233333333333333333332222222222233333333333333333333333300000000000000000000000000000000
00000000000000000000011112233333222222222333333333333333333332222222222232233333333333333333333310000000000000000000000000000000
00000000000000000000010112233333222112222233333333333333333332222222222222232333333333333333333310000000000000000000000000000000
00000000000000000000001112233333222222222233333333333333333333222222222222333233333333333333333310000000000000000000000000000000
00000000000000000000001112233333222222222233333333333333333333222222222222222333333333333333333320000000000000000000000000000000
00000000000000000000000111223333322222222232333333333333333333222222222222222333333333333333333320000000000000000000000000000000
00000000000000000000000111123333322121122233333333333333333333222222222222323333333333333333333320000000000000000000000000000000
00000000000000000000000011223333322111122233333333333333333333322222222222232333333333333333333320000000000000000000000000000000
00000000000000000000000011123333322111122223333333333333333333322222222222232233333333333333333320000000000000000000000000000000
00000000000000000000000001223333322212111223333333333333333333222222222222232333333333333333333320000000000000000000000000000000
00000000000000000000000001123333332211121223333333333333333333322222222222233333333333333333333320000000000000000000000000000000
00000000000000000000000001122333322111122123333333333333333333322222222222222333333333333333333320000000000000000000000000000000
00000000000000000000000000122333322111122222333333333333333333322221222222232333233333333333333320000000000000000000000000000000
00000000000000000000000001123333322211121122333333333333333333322222122222222333333333333333333310000000000000000000000000000000
00000000000000000000000001122333321211111222333333333333333333322222222222223333333333333333333310000000000000000000000000000000
00000000000000000000000000112333322211121222333333333333333333322222222222223333333333333333333300000000000000000000000000000000
00000000000000000000000000112333332211111122333333333333333333322222222222233333333333333333333200000000000000000000000000000000
00000000000000000000000000000000000000000022333333300033333333322222222222232233200000000000000000000000000000000000000000000000
00000000000033300300000330030003033330333002333333003033333333222222222222233322303330003300300003000000000030000000000000000000
00000000000030030300003003003030030000300302333333033033333333322222222222333333303003030030300003000000000330000000000000000000
00000000000030030300003003000300030000300302333333003033333333222222222222223233303330030030300003000000000030000000000000000000
00000000000033300300003333000300033300333002333333303033333333222222222222223333303003033330300003000000000030000000000000000000
00000000000030000300003003000300030000303003333333303033333332222222222221223333303003030030300003000000000030000000000000000000
00000000000030000333303003000300033330300303333333303033333332122221222221223323303330030030333303333000000030000000000000000000
00000000000000000000000000000000000000000003333333300033333321222221222222232233300000000000000000000000000000000000000000000000
