00000000000000000000000000000000000000000000000000000000000000000000000000000000000000000000000000000000000000000000000000000000
00333000030033303330000003000300030000000300030003000000000000000000000000000000000000000000000000100000000000000000000000000000
00333000330030003000000030003030303000003030303030300000000000000000000000000100000000000000000000000000000000000000000000000000
00033000030033003300000033003030303000003030303030300000010000000000000000001110000000000000000000000000000000000000000000000000
00033000030000300030000030303030303000003030303030300000000000000000001000000100000000000000000000000000000000000000000000000000
00033000030030303030000030303030303000003030303030300000000000000000000000000000000000010000000000000000000000000000000000000000
00033000030003000300030003000300030003000300030003000000000000001000000000000000000000000000000000000000000000000100000000001000
00033000000000000000000000000000000000000000000000000000000000000000000000000000100000000000000000000000000000000000000000011100
00000000000000000000010000000000000000001000000000000001000000000000000000000000000000000000000000000000000000000000000000001000
00000000000000000000000000000000000000000000000000000000000010000000000010000000000000000000000000000000000000000000000000000000
00000000000000000000000000000000000000000000000000000000000000000000000000000000000000000000001000000000000000000000000000000000
00000000000000000000000000000000000000000000000000000000000000000000000000000100000000000000000000000000000000000000000000000000
00000000000000000000000000000000010000000000000000000000100000000000000000000000000000000000000000000000000000000000000000000000
00000000100000000000000000000000000000000000000100000000000001000010010000000000000000010000000000000000000000000000000000000000
00000000000000000000000000000000000000000000000000000000000000000000000000000000000000000000000000000000000000000000000000000000
00000000000000000000000000000000000000000000000000000000000010000000000000000000100000000000000000000000000000000000000000000000
00000000000000000000010000000000000000000000000000000000000000000000000010000000000000000000000000000001000000000000000000100000
00000000000000000000000000000000000000000000100000010000000000000100010000000000000000000000000000000000000000000000000000000000
00000000000000000000000000000001000000000000000000000000001000100000000000000000000000000000000000000000000000000000000000000000
00000000000000000000000000000000000000000000000000000000000000000001000000001000000000000000000000000000000000000000000000000000
00000000000000000000000000000000000001000000000000000000000000100000000010000000000000000000000000000000000000000000000000000000
00000000000000000000000000000000000000000000000000000000100000000000000000000000000000000000000000000000000000000000000000000000
00000000000000000000000000000000000000000000000000010000000000000000010000000000000010000000000000000000000000000001000000000000
00000000001000000000000000000000000000000000000000000000000000000000000000000000000000000001000000000000000000000000000000000000
00000000000000000000000000000000000000000000000000000000000000000010000000000000100000000000000000000000000000000000000000000000
00000000000000330300300330003300333000330033300000003000000000000000000000000000000333000330030000033000000330000000000000000000
00000000000000030300303003030030300303003030030000033010000000100000000000000000000300303003030000300300003003000000000000000000
00000000000000030300303000030030300303003030030001003000000000000000000010000000000333003003030000300300000003000000000000000000
00000000000000030300303033033330300303003033330000003000000000000000000000000000000300303003030000333300000330000000000000000000
00000000000030030300303003030030300303003030300000003000000000000001000000000000000300303003030000300300003000000000000000000000
00000000000003300033000330030030333000330030030000003000000000000000000000000100000333000330033330300300003333000000000000000000
10000000000000000000000000000000000000000000000000000000100000010000000000000000000000000000000000000000000000000000000000000000
