00000000000000000000000000000011110000000000000000000000000000000000003022200333300000000000000000000000000000000000000000000000
00000000000000000000000000000233332100000000000000000000000000000000200003233323030000000000000000000000000000000000000000000000
00000000000000000000000000013333333321000000000000000000000000000000020310022002000300000000000000000000000000000000000000000000
00000000000000000000000000123333333332100000000000000000000000000000010013122302001100000000000000000000000000000000000000000000
00000000000000000000000000233333333333200000000000000000000000000000001031113032030300000000000000000000000000000000000000000000
00000000000000000000000001233333333333210000000000000000000000000000000000032030032000000000000000000000000000000000000000000000
00000000000000000000000001333333333333310000000000000000000000000000000020000200003000000000000000000000000000000000000000000000
00000000000000000000000002333333333333320000000000000000000000001020000130000212230210000000000000000000000000000111000000000000
00000000000000000000000002333333333333320000000000000000000000003121000210132030000230000000000000000000000000013333310000000000
00000000000000000000000002333333333333320000000000000000000000000310300333223100002100000000000000000000000000033333331000000000
00000000000000000000000001333333333333310000000000000000000000000002110301023100302000000000000000000000000000233333332000000000
33000000000000000000000001233333333333210000000000000000000000000021022330021101000000000000000000000000000000233333333000000000
22330003000000000000000000233333333333200000000000000000000000000003320123000001323000000000000000000000000000233333333000000000
22233333300000000000000000123333333332100000000000000000000000000000200100000011323000003000000000000000000000133333332000000000
22223233330000000000000000012233333221000000000000000000000030000000320000001103110000023000000000000000000000023333331000000000
22222233333030000000000000000112221100000000000000000000000000000000000210012000010000120000000000000000000000002333210000000000
22222222223233000000000000000000000000000000000000000000000303110000221211000000000003110000000000000000000000000111000000000000
22222222323233230000000000000000000000000000000000000000000010322000000301000110000000000000000000000000000000000000000000000000
22222222222222220000000000000000000000000002200000000000000030330300000302010002103310200000000000000000000000000000000000000000
22222222222222222230000033300000000000000222223000000000000032110100131231000000223302000000000000000000000000000000000000000000
22222222222222222333300332330000000000033222222223000000000000333102010000000010000010000000000000000000000000000000000000000000
22222222222222223333332233323300000003322222222222220000000000020130110100000111010200000000000000000000000000000000000000000000
22222222222222223322322222233333333332222222222222222000000003100013100001000000322033000000000000000000332300000000000000000000
22222222222222222323222222222223333332222222222222222233003333302000201100000000001123300000000000000022121112321000000000000000
22222222222222222222222222222222222222222222222222222222233333133120000100020000021103333000000000002221122111211100000000000000
22222222222222222222222222222222222223322222222222222221022333332230000000000000020112122121210000221221111111111110000000000000
22222222222222222222222222222222222222222222222222222222222222223331000010000002121112222222222222221221221211111111200000000000
21211222122222222222222222222222222222222222222222222220112222223230000000000000112122201221212111111222111111111111110000000000
11111111122122222222222222222222222222222222222222222222302222222221000000000000001211001122111111211121111111111111111200000000
11111111111112122222222222222222222222222222222222222222100122222222101000000000001120100211112122212111111111111111111121000000
11111111111111211212222222222222222222222222222222222222221011322221110000000000001110000222222111111111121111111111111111200000
11111111111111111222122122222222222222222222222222222222211102002222211000100000101010000222211111121111121111111111111111110000
