00000000000000000000000000000000000000000000000000000000000000000000000000000000000000000000000000000000000000000000000000000000
00000000000000000000000000033000000033333000000033333300000000033000000000003000000033330000000000003333000000033000000033333300
00000000000000000000000000333000000333333300000333333300000000333000000000033000000333333000000000033333300000333000000333333300
00000000000000000000000003333000003330003330000330000000000003333000000000033010003300003300000000333003330003333000000330000000
00000000000000000000000000033010003300000330000330000000000000033000000100333000033000000330000003300000033000033000000330000000
00000000000000000000000000033000003300000330000330000000000000033000000000333000033000000330000003300000033000033000000330000000
00000000000000000000000000033000000000000330003333333000000000033000000003333000033000000330000003300000033000033000003333333000
00000000000000000100000000033000000000000330003333333000000000033000000033033000033000000330000003300000033000033000003333333000
00000000000000000000000000033000000000003300003300003300000000033000000033033000033000000330000003330000333000033000003300003300
00000000000000000000000000033000000000003300000000000330000010033000000330033000033000000330000000333333330000033000000000000330
00000000000000000000000000033000000000033000000000000330000000033000003330033000033000000330000000033333330000033000000000000330
00000000000000000000000000033000000000330000000000000330000000033000033300033000033000000330000000000033300000033000000000000330
00000000000000000000000000033010000003300000000000000330101000033000033333333330033000000330000000000033000000033000000000000330
00010000000000000000000000033000000033000000003000003300000001033010033333333330033000000330000000000330000000033000003000003300
00000000000000000000000000033000000330000000033300033300000000033000000000033000003300003300000000003300000000033000033300033300
00000000000000000000000000033000003333333330003333333000033000033000001000033000000333333000033000033000000000033000003333333000
00000000000000000000000000033000033333333330000333330000033000033000000001033000010033330000033000330000000010033000000333330000
00000000000000000100000000000000000000000000000000000000000000000010000000000000000000000000000000000000000000000000000000000000
00000000000000000000000000000000000000000000000000000000000000100000001000000000000000000000000000000000000000000000000000000000
00000000000000000000000000001000000000000000000000000000001000000000100000000000000000000000000000000000000000000000000000000000
00000000000000000000000000000000000000000000000000000000000000000001000001000010000000000000000000000000000000000000000000000000
00000000000000000000000000000000000100000000000000000000000000100000000000000000000000000000000000000000000000000000000000000000
00000000000000000000000000000000000000000000000000010000010000000000001000000000000000000000000000000000000000000000000001000000
00000100000000000000000000000000000000000000000000000000000000000000000000000000000000000000001000000000000000000000000011100000
00001110000000000000000000000000000000000000000000000000000000000000000000000000000000000000000000000000000000000000000001000000
00000100000033300300000330030003033330333000000000003000000000000000000000000000003330003300300003000000000330000000000000000000
00000000000030030300003003003030030000300300000000033000000000000010000000000000003003030030300003000000003003000000000000000000
00000000000030030300003003000300030000300300000000003000000000000000000000000000003330030030300003000000000003000000000000000000
00000000000033300300003333000300033300333000000000003000000000100000000001000000003003033330300003000000000330000000000000000000
00000000000030000300003003000300030000303000000010003000000000000000000000000000003003030030300003000000003000000000000000000000
00000000000030000333303003000300033330300300000000003000000000000000000000000000003330030030333303333000003333000000000000000000
00000000000000000000000000000000000000000000000000000000000000000001000000000001000000000000000000000000000000000000000000000000
