00000000000000000000000000000000000000000000000000000000000000000000000000000000000000000000000000000000000000000000000000000000
00000000000000000000000000000000000000000000330000000000333330000003333330000000333333000000000033333300000033330000000033330000
00000000000000000000000000000000000000000003300000000003333333000033333333000003333333000000000333333300000333333000000333333000
00000000000000000000000000000000000000000033000000000033300033300033000033000003300000000000000330000000003300003300003330033300
00000000000000000000000000000000000000000330000000000033003003300330000003300003300000000000000330000000033000000330033000000330
00000000000000000000000000000000000000003300000000000000033303300330031003300003300000000000000330000000033000000330033000000330
00000000000000000000000000000000000000033333000000001333333003300333000033300033333330000000003333333000033000000330033000000330
00000000000000000000000000000000000000333333300000013333300033000033333333000033333330000000003333333000033000000330033000000330
00000000000000000000000000000000011000333003330000133333303333033003333330000033000033000000003300003300033000000330033300003330
00000000000000000000000000000001233303330000333000333333303333000033333333000000000003300000000000000330033000000330003333333300
00000000000000000000000000000002333303300000033001333333300033300333300333300000000003300000000000000330033000000330000333333300
00000000000000000000000000000003332203300000033002333333333003300333000033300000000003300000000000000330033000000330000000333000
00000000000000000000000000000002221103300000033003330000333303300330033003300000000003300000000000000330033000000330000000330000
00000000000000000000000000000002221103330000333023330330033003300330033003300030000033000000003000003300033000000330000003300000
00000000000000000000000000000001111100333003330000000333000033300333000033300333000333000000033300033300003300003300000033000000
00000000000000000000000000000000111120033333300103300033333333000033333333000033333330000330003333333000000333333000000330000000
00000000000000000000000000000000001220003333002203302000333330033003333330020003333300000330000333330000000033330000003300000000
00000000000000000000000001222111011120100000021200002220000000333300000000320000000000000000000000000000000000000000000000000000
00000000000000000000000012333321111121221111111223322333322333333223332333320000000000000000000000000000000000000000000000000000
00000000000000000000001232233221111111110100010233323333333333332233332233310000000000000000000000000000000000000000000000000000
00000000000000000000001211222211110000000000000232323333333333322333333133200000000000000000000000000000000000000000000000000000
00000000000000000000000110112110100000000100011122223333333233322233333133200000000000000000000000000000000000000000000000000000
00000000000000000000000210011100110001111111222122222333333233322333333233100000000000000000000000000000000000000000000000000000
00000000000000000000000110000000111111111222222222222333333233222233332233000000000000000000000000000000000000000000000000000000
00000000000000000000000000000000000000000011111111200022333233233233332231000000000000000000000000000000000000000000000000000000
00000000000033300300000330030003033330333000000000003032333322223233222320000000003330003300300003000000000030000000000000000000
00000000000030030300003003003030030000300300000000033022223222222322223310000000003003030030300003000000000330000000000000000000
00000000000030030300003003000300030000300300000000003022222222222222333200000000003330030030300003000000000030000000000000000000
00000000000033300300003333000300033300333000000000003022222222222222322000000000003003033330300003000000000030000000000000000000
00000000000030000300003003000300030000303000000000003022222222222222210000000000003003030030300003000000000030000000000000000000
00000000000030000333303003000300033330300300000000003001122222222222100000000000003330030030333303333000000030000000000000000000
00000000000000000000000000000000000000000000000000000000001122111000000000000000000000000000000000000000000000000000000000000000
