00000000000000000000000000000000000000000000000000000000000000000000000000000000000000000000000000000000000000000000000000000000
00000000000000000000000000000000000000000000000000000000000000000000000000000000000000000000000000000000000000000000000000000000
00000000000000000000000000000000000000000000000000000000000000000000000000000000000000000000000000000000000000000000000000000000
00333333333333333333333000003330000333333333000000033300000003333333300033300000333333303333330000033300000033333330003333333000
00311111113313311111113300033133000311111113300000331330000003111111330331330003311111333133130000031300000331111133033111113300
00333313333313313333331300031313000313333331300000313130000003133333130313130003133333133133130000031300003313333313331333331300
00000313000313313000031300031313000313000031300000313130000003130003130313130003130003133133130000031300003133000331331300031300
00000313000313313000031300331313300313000031300003313133000003130003133313133003133333333133130000031300000100000001001000000000
00000010000010010000001000010001000010000001000000100010000000100000100100010000011100000100100000001000000100000001000111000000
00000010000010011111110000010001000011111110000000100010000000111111000100010000000011000100100000001000000100000001000000110000
00000010000010010001000000111111100010001000000001111111000000100000001111111000000000100100100000001000000100000001000000001000
00000010000010010000100000100000100010000100000001000001000000100000001000001000100000100100100000001000000100000001001000001000
00000010000010010000010001000000010010000010000010000000100000100000010000000100100000100100100000001000000010000010001000001000
00000010000010010000001001000000010010000001000010000000100000100000010000000100011111000100111111001111110001111100000111110000
00000000000000000000000000000000000000000000000000000000000000000000000000000000000000000000000000000000000000000000000000000000
00000000000000000000000000000000000000000000000000000000000000000000000000000000000000000000000000000000000000000000000000000000
00000000000000000000000000000000000000000000000000000000000000000000000000000000000000000000000000000000000000000000000000000000
00000000000000000000000000000000000000000000000000000000000000000000000000000000000000000000000000000000000000000000000000000000
00000000000000000000000000000000000000000000000000000000000000000000000000000000000000000000000000000000000000000000000000000000
00000000000000000000001111100010000010011111100011111110011111110001000011111000011111110001111111000111110000000000000000000000
00000000000000000000010000010010000010010000010010000000010000001001000100000100010000001001000000001000001000000000000000000000
00000000000000000000010000010010000010010000010010000000010000001001001000000010010000001001000000001000001000000000000000000000
00000000000000000000010000000010000010010000010010000000010000001001001000000010010000001001000000001000000000000000000000000000
00000000000000000000001110000010000010010000010011111110010000001001001000000010010000001001111111000111000000000000000000000000
00000000000000000000000001100010000010011111100010000000011111110001001000000010011111110001000000000000110000000000000000000000
00000000000000000000000000010010000010010000000010000000010001000001001000000010010001000001000000000000001000000000000000000000
00000000000000000000010000010010000010010000000010000000010000100001001000000010010000100001000000001000001000000000000000000000
00000000000000000000010000010001000100010000000010000000010000010001000100000100010000010001000000001000001000000000000000000000
00000000000000000000001111100000111000010000000011111110010000001001000011111000010000001001111111000111110000000000000000000000
00000000000000000000000000000000000000000000000000000000000000000000000000000000000000000000000000000000000000000000000000000000
00000000000000000000000000000000000000000000000000000000000000000000000000000000000000000000000000000000000000000000000000000000
00000000000000000000000000000000000000000000000000000000000000000000000000000000000000000000000000000000000000000000000000000000
