00000000000000000000000000000000000000000000000000000000000000000000000000000000000000000000000000000000000000000000000000000000
00000000000000000000000000000000000000000000000000000000000000000000000000000000000000000000000000000000000000000000000000000000
00000000000000000000000000000000000000000000000000000000000000000000000000000000000000000000000000000000000000000000000000000000
00000000000000000000000000000000000000000000000000000000000000000000000000000000000000000000000000000000000000000000000000000000
00000000000000000000000000000000000000000000000000000000000000000000000000000000000000000000000000000000000000000000000000000000
00000000001111111110000000001111111111111111100000111111111111111000000111111111110111111111111111111111000000111111001111110000
00000000111111111111100000001111111111111111110000100000000000001110000100000000010100000000000000000001000011100001111000010000
00000011111111111111111000001111111111111111111000100000000000000011000100000000010100000000000000000001000110000000000000010000
00000111111111111111111100001111111111111111111100100000000000000001000100000000010100000000000000000001001100000000000000010000
00001111111111111111111110001111111111111111111100111000001111000001100111000001110100001110000011100001011000001111000000010000
00001111111100000111111110000011111110000111111100001000001001100000100001000001000100001010000010100001010000011001110000010000
00011111111000000011111111000011111110000111111100001000001000100000100001000001000100001010000010100001010000010000011000010000
00011111110000000001111111000011111110001111111100001000001000100001100001000001000100011010000010110001010000010000001111110000
00111111100000000000111111100011111111111111111000001000001001100001000001000001000111110010000010011111011000011100000000000000
00111111100000000000111111100011111111111111110000001000001111000111000001000001000000000010000010000000001000000111111100000000
00111111100000000000111111100011111111111111100000001000000000000100000001000001000000000010000010000000001110000000000111000000
00111111100000000000111111100011111111111111110000001000000000000110000001000001000000000010000010000000000011100000000001100000
00111111100000000000111111100011111111111111111000001000001111100011100001000001000000000010000010000000000000111111100000110000
00111111100000000000111111100011111110011111111000001000001000110000100001000001000000000010000010000000000000000000111000011000
00011111110000000001111111000011111110001111111000001000001000010000110001000001000000000010000010000000011111110000001000001000
00011111111000000011111111000011111110001111111000001000001000010000010001000001000000000010000010000000010000011000001000001000
00001111111100000111111110000011111110001111111000001000001000010000010001000001000000000010000010000000010000001100011000001000
00003333333333333333333330003333333333303333333330003000003000330000030333000003330000003330000033300000030000000333330000033000
00000333333333333333333300003333333333303333333330333000003333300000330300000000030000003000000000300000030000000000000000030000
00000033333333333333333000003333333333303333333330300000000000000003300300000000030000003000000000300000030000000000000003330000
00000000333333333333300000003333333333303333333330300000000000000333000300000000030000003000000000300000030000333300000033000000
00000000003333333330000000003333333333303333333330333333333333333300000333333333330000003333333333300000033333300333333330000000
00000000000000000000000000000000000000000000000000000000000000000000000000000000000000000000000000000000000000000000000000000000
00000000000000000000000000000000000000000000000000000000000000000000000000000000000000000000000000000000000000000000000000000000
00000000000000000000000000000000000000000000000000000000000000000000000000000000000000000000000000000000000000000000000000000000
00000000000000000000000000000000000000000000000000000000000000000000000000000000000000000000000000000000000000000000000000000000
00000000000000000000000000000000000000000000000000000000000000000000000000000000000000000000000000000000000000000000000000000000
