00000000000000000000000000000000000000000000000000000000000000000000000000000000000000000000000000000000000000000000000000000000
00000000000000000000000000000000000000000000000000000000000000000000000000000000000000000000000000000000000000000000000000000000
00000000000000000000000000000000000000000000000000000000000000000000000000000000000000000000000000000000000000000000000000000000
00000000000000000000000000000000000000000000000000000000000000000000000000000000000000000000000000000000000000000000000000000000
00000000000000000000000000000000000000000000000000000000000000000000000000000000000000000000000000000000000000000000000000000000
00000000000000000000000000000000000000000000000000000000000000000000000000000000000000000000000000000000000000000000000000000000
00000000000000000000000000000000000000000000000000000000000000000000000000000000000000000000000000000000000000000000000000000000
00000000000000000000000000000000000000000000000000000000000000000000000000000000000000000000000000000000000000333310003333100000
00000333310000003310000000000000000000033100000000000000000000000000000000000003333100033331000000000000000000333310003333100000
00000333310000000310000000000000000000033100000000000000000000000000000000000003333100003333000000000000000000333310003333100000
00000333310003000310000000000000000000333100000000000000000000000000000000000003333100003333100000000000000000333310003333100000
00000333310003100010000000000000000033333100000000000000000000000000000000000003333100003333100000000000000000333310003333100000
00000333310033100000033333303333300333333333003333300333000000333333000000000003333100033331100000333333000000333310003333100000
00000333310333100000003333110331110013333111100333313333300033011133300000000003333100333311000033011133300000333310003333100000
00000333333333100000000333300311000003333100000333330333310333100033330000000003333333333110000333100033330000333310003333100000
00000333311333100000000333313010000003333100000333311033110333300033331000000003333111333330000333300033331000333310003333100000
00000333310033100000000033330100000003333100000333310001100033110033331000000003333100013333000033110033331000333310003333100000
00000333310003100000000003333000000003333100000333310000000001103333331000000003333100003333300001103333331000333310003333100000
00000333310003100000000003333100000003333100000333310000000000330133331000000003333100003333310000330133331000333310003333100000
00000333310000100030000003333300000000003000000333310000000000011000000000000003333100003000000030000003300000033310003333100000
00000333310000000031000030333310033333300033330033310000003333000033330000333300333100000033330000333300003333003310003333100000
00000333310000000331000031033330033333300333333033310000033333300333333003333330333100030333333003333330033333303310003333100000
00000333310000033311003301033333033000000330033033310000033003300330033003300330333100330330033003300330033003303310003333100000
00033333333333333310033333033333033000000330033033330000033003300330033003300330333333330330033003300330033003303330033333300000
00001111111111111110001111101111033333000330033011111000033003300330033003300330111111110330033003300330033003301111001111110000
00000000000000000000000000000000033333300330033000000000033003300330033003300330000000000330033003300330033003300000000000000000
00000000000000000000000000000000000003300330033000000000033003300330033003300330000000000330033003300330033003300000000000000000
00000000000000000000000000000000033003300330033000000000033003300330033003300330000000000330033003300330033003300000000000000000
00000000000000000000000000000000033333300333333000033000033333300333333003333330000330000333333003333330033333300000000000000000
00000000000000000000000000000000003333000033330000033000003333000033330000333300000330000033330000333300003333000000000000000000
00000000000000000000000000000000000000000000000000000000000000000000000000000000000000000000000000000000000000000000000000000000
00000000000000000000000000000000000000000000000000000000000000000000000000000000000000000000000000000000000000000000000000000000
