00112211211111112321000000000000000000000000000000000000000000000000000000000000000000000000000000000000000000000000000000000000
00111112211111222332000000000000000000000000330000000000333330000000333300000000333330000000000033333000000333333000000000003300
00111111111112223332100000000000000000000003300000000003333333000003333330000003333333000000000333333300003333333300000000033000
00111111122123222322100000000000000000000033000000000033300033300033000033000033300033300111103330003330003300003300000000330000
00111111221122123222100000000000000000000330000000000033000003300330000003300033000003301111103300000330033000000330000003300000
00111111231122223323100000000000000000003300000000000033000003300330000003300000000003301122203300000330033000000330000033000000
00111111231122333222100000000000000000033333000001100000000003300330000003300000000003301233200000000330033300003330000333330000
00111112232233223331000000000000000000333333300001110000000003300330000003300000000033001222221000000330003333333300003333333000
00011112333331112332000000000000000000333003330011111100000033000330100003300000003333011122211000003300000333333000003330033300
00011113223221111232000000000000000003330000333011222100000033010330110003300000003333001122110000003300003333333300033300003330
00111112112222211232000000000000000003300000033011221111100330010330111103300000000033301221100000033000033330033330033000000330
00111011211222212232100000000000000003300000033011221112003300110330111103300000000003301111000000330000033300003330033000000330
00011001121123221223100000000000000003300000033011222120033001120330122103300000000003300000000003300000033000000330033000000330
00122100111222222223310000000000000003330000333011222200330011120330022003300330000003300000000033000000033000000330033300003330
00122100012222222223310000000000000000333003330000002003300000000033000033000333000033300000000330000000033300003330003330033300
00111110012222321123200000000000000000033333300003300033333333301003333330010033333333000330003333333330003333333300000333333000
00000000012223210011100000000000000000003333000003300333333333301300333300121000333330000330033333333330000333333000000033330000
00000000011222100000000000000000000000000000000000000000000000002220000002122210000000000000000000000000000000000000000000000000
00000000001222000000000000000000000000000000000000000001101111112222211123212210000000000000000000000000000000000000000000000000
00000000001110000000000000000000000000000000000000000001101110122222222222221110000000000000000000000000000000000000000000000000
00000000000000000000000000000000000000000000000000000001110111133333322222221000000000000000000000000000000000000000000000000000
00000000000000000000000000000000000000000000000000000011110101233233332222110000000000000000000000000000000000000000000000000000
00000000000000000000000000000000000000000000000000000001000111332233332222100000000000000000000000000000000000000000000000000000
00000000000000000000000000000000000000000000000000000000000011321232232111000000000000000000000000000000000000000000000000000000
00000000000000000000000000000000000000000000000000000000000001221132232110000000000000000000000000000000000000000000000000000000
00000000000000000000000000000000000000000000000000000000000100122132231000000000000000000000000000000000000000000000000000000000
00000000000000000000000000000000000000000000000000000000011111112123121000000000000000000000000000000000000000000000000000000000
00000000000000000000000000000000000000000000000000000000011111112223110000000000000000000000000000000000000000000000000000000000
00000000000000000000000000000000000000000000000000000000001111102332100000000000000000000000000000000000000000000000000000000000
00000000000000000000000000000000000000000000000000000000001111111332100000000000000000000000000000000000000000000000000000000000
00000000000000000000000000000000000000000000000000000000000111122221000000000000000000000000000000000000000000000000000000000000
00000000000000000000000000000000000000000000000000000000000001122221000000000000000000000000000000000000000000000000000000000000
