00000000000000000000000000000000000000000000000000000000000000000000000000000000000000000000000000000000000000000000000000000000
00000000000000000000000000000000000000000000000000000000000000000000000000000000000000000000000000000000000000000000000000000000
00000000000000000000000000000000000000000000000000000000000000000000000000000000000000000000000000000000000000000000000000000000
00000000000000000000000000000000000000000000000000000000000000000000000000000000000000000000000000000000000000000000000000000000
00000000000000000000000000000000000000000000000000000000000000000000000000000000000000000000000000000000000000000000000000000000
00000000000333333333000000003333333333333333300000333333333333333000000333333333330333333333333333333333000000333333003333330000
00000000033300000003330000003000000000000000330000300000000000003330000300000000030300000000000000000003000033300003333000030000
00000003330000000000033300003000000000000000033000300000000000000033000300000000030300000000000000000003000330000000000000030000
00000033000000000000000330003000000000000000003300300000000000000003000300000000030300000000000000000003003300000000000000030000
00000330000033333330000033003330000033333300000300333000003333000003300333000003330300003330000033300003033000003333000000030000
00000300000330000033000003000030000030000300000300003000003003300000300003000003000300003030000030300003030000033003330000030000
00003300003300000003300003300030000030000300000300003000003000300000300003000003000300003030000030300003030000030000033000030000
00003000033000000000330000300030000030003300003300003000003000300003300003000003000300033030000030330003030000030000003333330000
00033000030000000000030000330030000033333000033000003000003003300003000003000003000333330030000030033333033000033300000000000000
00030000030000000000030000030030000000000000330000003000003333000333000003000003000000000030000030000000003000000333333300000000
00030000030000000000030000030030000000000000300000003000000000000300000003000003000000000030000030000000003330000000000333000000
00030000030000000000030000030030000000000000330000003000000000000330000003000003000000000030000030000000000033300000000003300000
00030000030000000000030000030030000033330000033000003000003333300033300003000003000000000030000030000000000000333333300000330000
00033000030000000000030000330030000030033000003000003000003000330000300003000003000000000030000030000000000000000000333000033000
00003000033000000000330000300030000030003000003000003000003000030000330003000003000000000030000030000000033333330000003000003000
00003300003300000003300003300030000030003000003000003000003000030000030003000003000000000030000030000000030000033000003000003000
00000300000330000033000003000030000030003000003000003000003000030000030003000003000000000030000030000000030000003300033000003000
00000330000033333330000033003330000033303000003330003000003000330000030333000003330000003330000033300000030000000333330000033000
00000033000000000000000330003000000000303000000030333000003333300000330300000000030000003000000000300000030000000000000000030000
00000003330000000000033300003000000000303000000030300000000000000003300300000000030000003000000000300000030000000000000003330000
00000000033300000003330000003000000000303000000030300000000000000333000300000000030000003000000000300000030000333300000033000000
00000000000333333333000000003333333333303333333330333333333333333300000333333333330000003333333333300000033333300333333330000000
00000000000000000000000000000000000000000000000000000000000000000000000000000000000000000000000000000000000000000000000000000000
00000000000000000000000000000000000000000000000000000000000000000000000000000000000000000000000000000000000000000000000000000000
00000000000000000000000000000000000000000000000000000000000000000000000000000000000000000000000000000000000000000000000000000000
00000000000000000000000000000000000000000000000000000000000000000000000000000000000000000000000000000000000000000000000000000000
00000000000000000000000000000000000000000000000000000000000000000000000000000000000000000000000000000000000000000000000000000000
