00000000000000000000000000000000000000000000000000000000232232222223222233333333310000232333333333300000000000000000000000000000
00333000030003003330000033300300030000000300030033300000222222222222222223333333332000111333333333200000000000000000000000000000
00333000330030303000000030003300303000003300303000300000222222222232333222333333333210110233333332000000000000000000000000000000
00033000030000303300000033000300030000000300030003000000222222211111123323333333333332210123333320000000000000000000000000000000
00033000030003000030000000300300003000000300003003000000222222000000001233333333333333320002333200000000000000000000000000000000
00033000030030003030000030300300303000000300303030000000222220000000000023233333333333332001333100000000000000000000000000000000
00033000030033300300030003000300030003000300030030000000222200000000000002323323333333333201211100000000000000000000000000000000
00033000000000000000000000000000000000000000000000000000122000000000000001322322333333333322012100000000000000000000000000000000
00000000000000000000000000000000100000000000232332211122221000000000000000232332233333333332113111012100000000000001112221100000
00000000000000000000000000000000100000000000133333321111220000000000000000132231233333333333323222223321122210000122333333221000
00000000000000000000000000000000100000000000023333321111120000000000000000032232123333331112233322333332333332101233333333333100
00000000000000000000000000000001000000000000023233321111210000000000000000023132113333320010011311233333333333322333333333333200
00000000000000000000000000000000000000000000013223221111210000000000000000013133012333321000010100123333333333333233333333333200
00000000000000000000000000000000000000000000013223221111110000000000000000013133112333332001321001123333333333333123322333333200
00000000000000000000000000000001000000000000013222211111110000000000000000013133112333332002332001122333333333333112221233333200
00000000000000000000000000000000000000000000013222220111110000000000000000013133012233332002332000022223333333333211221123333200
00000000000000000000000000000000000000000000023222110011120000000000000000022132012223332002332000122222333333333323322112333200
00000000000000000000000000000000100000000000033222210111120000000000000000032231012223332001332000121222233223333323323211333200
00000000000000000000000000000000110000000000132222200111111000000000000000131220112223332102332000012222222333333212212111233200
00000000000000000000000000000000010000000000222222101111111000000000000000221310112223333323332210012222222233333212100001233200
00000000000000000000000000000000011000000001322221000111111100000000000002212200123223333333333310011212222233333221000001233200
00000000000000000000000000000000001100000023222210011111111110000000000013222101223333333333333311012222222223332221000001233200
00000000000000000000000000000000000121101222222100011111111111000000000222221012233323333333333211123222222233232232000001233200
00000000000000000000000000000000000001112111122111111111111111111111112221111222232223333333322111233332322333233323200001223100
00000000000000000000000000000000000000000000012211100011111111112222121111112232000000000000000000000000000000000000000012223200
00000000000033300300000330030003033330333000001221003011111111111111111111222233033303030333033000300000330003003000300012222100
00000000000030030300003003003030030000300300000122033011111111111111111112222333030003030030030303030000303030303000301112221200
00000000000030030300003003000300030000300300000012003011111111111111111123333223030000300030030303030000330030303000301111122100
00000000000033300300003333000300033300333000000001203022222222122121112233322333033000300030033003330000303033303000301111111100
00000000000030000300003003000300030000303000000000003023322332332222223333233333030003030030030303030000303030303000300011111000
00000000000030000333303003000300033330300300000000003022222233333322222323233333033303030030030303030000330030303330333011000000
00000000000000000000000000000000000000000000000000000001111112222222222232222221000000000000000000000000000000000000000000000000
