00000000000000000000000000000000000000000000000000000000333223333333333333333333331221111133322210000000000000000000000000000000
00333000000000000300000003003330030000000300030003000000333223333333333333333333333310012122111210000000000000000000000000000000
10333000000000003030000030003000303000003030303030300000333321223333333333333333333320022101112200000000000000000000000000000000
00033000000000000030000030303300003000000030030030300000333331122333333333333333333332113211112210000000000000000000000000000000
00033000000000000300000033300030030000000300003030300000333331112333333333333333333333323331222310000112100000000000000000000000
00033000000000003000000000303030300000003000303030300000333332011222333333332121122222333333222322222113321122221000000000000100
00033000000000003330030000300300333003003330030003000000333333111123333332220011100021223333222322333223333333333221000000012200
00033000000000000000000000000000000000000000000000000000233333111123233333220001100022122122222222223333333333333332100001123200
00000000000000222222222222210000000000000000000000013321233333101123333333321000010001000000013332112333333333333333321122333200
00000000000000222222222222120000000000000000000000013321233333101122333333332100001211110000012233111233333333333333333333333100
00000000000000222222222222120000000000000000000000013321233333101122233333332100003333221000123322111233333333333333333322233200
00000000000000222222222211111000000000000000000000003321233333101122333233332110003333332000133321101233333333333333333311133200
00000000000000222222222111111000000000000000000000113321233333101113333333332100003333332000022211001333333333333333333320122100
00000000000000222222222111111000000000000000000001123321233333011122223333332110003333332000011111002222333333333333333332122100
00000000000000222122221111111000000000000000000011123321233332001122322233332110003333332000011111001222223333322333333333333200
00000000000001222222222111102000000000000000000001123311333331001122322333332200002333332000011111001222223333332333333332233200
00000000000001222122221211102100000000000000000000133212333331011112222333332200002333332000011111101222222223322233333321123200
00000000000002222222222111001100000000000000000000133212333320011122222222333210003333332100011111101122222222223233333321122100
11000000000002221222222111001200000000000000000000233213333310011123222233333322123333332211011111000122222222223333333332222100
02000000000022221222222210001210000000000000000001332123333201111123223333333333333333333332011111000122222222222333333223321000
01100000000023211222222100000120000000000000000002332123332001110123223333333333333333333332011111100122222222322333333312321000
00100000000232212222221000000011000000000000000023321233321001111222333222333333333333333332011111110232222222222333223321232000
00021000002332122322211000000011100000000000000133212233210001012222333222233333333333332331011111111233222322223333212332223100
00001111123221123311221100010111220000000000001332212332101001223332222222233333333333233321111111112332233332322333322333323200
00000122322100000000000000000000000000000000003322100020001112322233222233333333333000000000000000000031130000311233321233212200
00000000111000330300300330003300333000330033300221003011001122322223222233333333330333000330030000033001100330011222211122111000
00000000000000030300303003030030300303003030030122033011112222223222233333333333330300303003030000300300103003000110000111111100
00000000000000030300303000030030300303003030030222003011123333233322233333333333330333003003030000300300000030000000000011111100
00000000000000030300303033033330300303003033330222203011223333233332333333333333330300303003030000333300000003000000000001111100
00000000000030030300303003030030300303003030300222203022333333323333333333333333320300303003030000300300003003000000000000011000
00000000000003300033000330030030333000330030030222203033222333333333333333333333210333000330033330300300000330000000000000000000
00000000000000000000000000000000000000000000002222200022223333333333333333333321000000000000000000000000000000000000000000000000
