00000000000000000000000000000000000000000010000000000000000000000000000000000000000000000000000000000000000000000000000000000000
00000000001000000001100000000000110000000000100000000000111100000000111100000000111100000000000011110000000011110000000011110000
00000000011100000011100000100001100100000001100000000001111110010001111110000001111110000000000111111000000111111000000111111000
00000000001000000111100000000011000000000001100000000011000011000011000011000011000011000000001100001100001100001100001100001100
00000000000000000001100000000110000000000011100000000110000001100110000001100110000001100001011000000110011000000110011000000110
00000000000000000001100000001100000000000011101000000110000001100110000001100110000001100000011000000110011000000110011000000110
00000000000000000001100000011111000000000111100000000110000001100110100001100110000001100000011000000110011000000110011000000110
00000000001000000001100000111111100000001101100000010110000001100110000001100110000001100000011000000110011000000110011000000110
00000000000000000001100000111001110000001101100000000110000001100110000001100110000001100000011000000110011000000110011000000110
00000000000000000001100001110000111000011001100000000110100001100110000001100110000001100000011000000110011000000110011000000110
00000000000000000001100001100000011000111001100000000110000001100110001001100110000001100000011000000110011000000110011000000110
00000000000000000001100001100000011001110001100000000110000001100110000001100110000001101000011000000110011000000110011000000110
00000000000000000001100001100000011001111111111000100110010001100110000001100110000001100000011000000110011000000110011000000110
00000000000000000001100001110000111001111111111000000110000001100110000001100110010001100000011000000110011000000110011001000110
00000000000000000001100000111001110000000001100000000011000011000011000011000011000011000000001100001100001100001100001100001100
00000000000000000001100000011111100000000001100001100001111110000001111110001001111110000110000111111000000111111000000111111000
00000000000000000001100000001111000000000001100001100100111100000000111100000000111100000110000011110000000011110000000011110000
00000000000000000000000000000000000001000000000000000000000000000000000000000000000000000000000000000000000000000000000000000000
00000000000000000000000000000000000000000010000000000000000000100000001001000000000000000000000000000000000000000000000000000001
00000000000000000000000000000000000000000000000000000000000000000000000000000000000000000000000000000000000000000000000000000000
00000000000000000000000000000000000000000000000000000100000000000000000000000000000001000000000000000000000000000000000000000000
00000000000000000000010000000000000000000000000000000000000000000000000000000100000000000000000000000000000000000000000000000000
00000000000000000000000000000000000000000000000100000000000000000100000000000000000000000000000000000000000000000000000000000000
00000000000000000000000000000000000000000000000000000000100000100000000000000000000000000000000000000000000000000000000000000000
00000000000000000000000000000000000000000000000000000001000000000000001000000000000000000000000000000000000000000000000000000000
00000000000000330300300330003300333000330033300000003000000000000000000000000000000333000330030000033000000330000000000000000000
00000000000000030300303003030030300303003030030000033000000000000100000000100000000300303003030000300300003003000000000000000000
00000000000000030300303000030030300303003030030000003000001000010000000000000000000333003003030000300300000003000000000000000000
00000000000000030300303033033330300303003033330100003000000000000000000000000000000300303003030000333300000330000000000000000000
00000000000030030300303003030030300303003030300000003000000000000000000000000000000300303003030000300300003000000000000000000000
01000000000003300033000330030030333000330030030000003000000000000000000100000000000333000330033330300300003333000000000000000000
11100000000000000000000000000000000000000000000000000000000000000000100000000000000000000000000000000000000000000000000000000000
