00000000000000000000000000000000000000000000000000000000000000000000000000000000000000000000000000000000000000000000000000000000
00000000000000000000000000000000000000000000000000000000000000000000000000000000000000000000000000000000000000000000000000000000
00000000000000000000000000000000000000000000000000000000000000000000000000000000000000000000000000000000000000000000000000000000
00000000000000000000000000000000000000000000000000000000000000000000000000000000000000000000000000000000000000000000000000000000
00000000000000000000000000000000000000000000000000000000000000000000000000000000000000000000000000000000000000000000000000000000
00000000000000000000000000000000000000000000000000000000000000000000000000000000000000000000000000000000000000000000000000000000
00000000000000000000000000000000000000000000000000000000000000000000000000000000000000000000000000000000000000000000000000000000
00000000000000000000033300000000000333330000033333003330033300000000033300000000000003333330000003330000003330000000000000000000
00000000000000000000031110000000000311111000031111103111031110000000031110000000000333111111300003111000003111000000000000000000
00000000000000000000331110000000000311111000031111103111031110000000031110000000000311111111110003111100003111000000000000000000
00000000000000000033311110000000000311111000331111103111031110000000031110000000003311111111110003111110003111000000000000000000
00000000000000000331111110000000000311131100311311103111031110000000031110000000033111100001111003111110003111000000000000000000
00000000000000000311111110000000000311131100311311103111031110000000031110000000031111000000111103111111003111000000000000000000
00000000000000000011131110000000000311131103311311103111031110000000031110000000031110000000311103111311003111000000000000000000
00000000000000000000031110000000000311131113111311103111031110000000031110000000031110000000311103111011103111000000000000000000
00000000000000000000031110000000000311101113111311103111031110000000031110000000031110000000311103111031103111000000000000000000
00000000000000000000031110000000000311103113110311103111031110000000031110000000031110000000311103111001113111000000000000000000
00000000000000000000031110000000000311103113110311103111031110000000031110000000031110000003311103111003113111000000000000000000
00000000000000000000031110000000000311103111110311103111031110000000031110000000001111000033111103111000111111000000000000000000
00000000000000000000031110000000000311100111110311103111031113333330031113333330000111133331111003111000311111000000000000000000
00000000000000000000031110000000000311100311100311103111031111111111031111111111000311111111110003111000011111000000000000000000
00000000000000000000031110000000000311100311100311103111031111111111031111111111000011111111110003111000001111000000000000000000
00000000000000000000001110000000000011100011100011100111001111111111001111111111000000111111000000111000000111000000000000000000
00000000000000000000000000000000000000000000000000000000000000000000000000000000000000000000000000000000000000000000000000000000
00000000000000000000000000000000000000000000000000000000000000000000000000000000000000000000000000000000000000000000000000000000
00000000000000330300300330003300333000330033300000003000000000000000000000000000033000300300003000033303030333033000300000000000
00000000000000030300303003030030300303003030030000033000000000000000000000000000030303030300030300030003030030030303030000000000
00000000000000030300303000030030300303003030030000003000000000000000000000000000033003030300030300030000300030030303030000000000
00000000000000030300303033033330300303003033330000003000000000000000000000000000030303030300033300033000300030033303330000000000
00000000000030030300303003030030300303003030300000003000000000000000000000000000030303030300030300030003030030033003030000000000
00000000000003300033000330030030333000330030030000003000000000000000000000000000033300300333030300033303030030030303030000000000
00000000000000000000000000000000000000000000000000000000000000000000000000000000000000000000000000000000000000000000000000000000
