00000000000000000000000000000000000000000000000000000000322222222222222200000003000000000000000000000000000000000000000000000000
00333000000000000000000000000000000000000300000000000000222222222222221003333300000000000000000000000000000000000300000000000000
00333000000000000000000000000000000000003030000000000000222222222222100033333330000000000000000000000000000000003030000000000000
00033000000000000000000000000000000000003030000000000000222222222221000033003330000000000000000000000000000000003030000000000000
00033000000000000000000000000000000000003030000000000000222222222210000000033300000000000000000000000000000000003030000000000000
00033000000000000000000000000000000000003030000000000000222222222200000003333000000000000000000000000000000000003030000000000000
00033000000000000000000000000000000000000300000000000000222222222100000033333330000000000000000000000000000000000300000000000000
00033000000000000000000000000000000000000000000000000000321122222000000033333330000000000000000000000000000000000000000000000000
00000000000000000000000000000000000001000000000000133333221111112000000000000000000032233112332333322211233322333333223332210000
00000000000000000000000000000000000000000000000000033223222111111000000000000000000023133112333333200110122321233323333333332100
00000000000000000000000000000000000010000000000000023222222111121000000000000000000023133211232333200100110110123333333333333200
00000000000000000000000000000000000000000000000000000000222111121000000000000000000000000000000000000000000000000000000000000000
03333300000000000000000000000000000000000300000000000000221111111000000000333300000000000000000000000000000000000300000000000000
03333330000000000000000000000000000000003030000000000000222111111000000003333300000000000000000000000000000000003030000000000000
00003330000000000000000000000000000000003030000000000000221001111000000033303300000000000000000000000000000000003030000000000000
00033300000000000000000000000000000000003030000000000000221001111000000033033330000000000000000000000000000000003030000000000000
33000330000000000000000000000000000000003030000000000000221011111000000033333330000000000000000000000000000000003030000000000000
33333330000000000000000000000000000000000300000000000000211011111100000000003300000000000000000000000000000000000300000000000000
03333300000000000000000000000000000000000000000000000000210111111100000000003300000000000000000000000000000000000000000000000000
00000000000000000000000000000000000000100000000001322222100011111210000000000000002322310011223333333333331100022222222223333100
00000000000000000000000000000000100000000023223321100111111110000000000000002322320001123223333333333333320100222122222233333100
00000000000000000000000000000000120000000232223210001111111111000000000000023212310012332323333333333333311111221122222233333100
00000000000000000000000000000000012100122222232200001111111111100000000000232222100122333333333333333333211111332222222223223200
00000000000000000000000000000000000112222111123210001111111111121100000112222211011232223332333333333322111112322333222233222200
00000000000000000000000000000000000000000000002321100011111111112221122221212111100000000000000000033321111000211333321233212200
00000000000033300300000330030003033330333000001232003011111111111122221111111111203330003300300003033310010030001322111222112100
00000000000030030300003003003030030000300300000023033011111111111111111111111122303003030030300003033200000330001110000000011100
00000000000030030300003003000300030000300300000002003011111111111111112111122233303330030030300003021100000030000000000000001100
00000000000033300300003333000300033300333000000000203011111111111111121121122333303003033330300003000000000030000000000000000000
00000000000030000300003003000300030000303000000000003033322222222222222111223222303003030030300003000000000030000000000000000000
00000000000030000333303003000300033330300300000000003033333333333332222222222333303330030030333303333000000030000000000000000000
00000000000000000000000000000000000000000000000000000023333333333323233322222233300000000000000000000000000000000000000000000000
