22222222333333333333333222222221123333222223333333333333333333333333333333332222222211111223322222222222222222221000000000010112
22222223333333333333333322222221123333222223333333333333333333333333333333332222222222111122322222222222222222221000000000011122
22222223333333333333333332222211122322221123333333333333333333333333333333333222222222210122322222222222222222221000000000001122
22222223333333333333333333222222222222221123333333333333333333333333333333333222222222210122322222222222222222221000000000001122
22222233333333333333333333322222222222221123333333333333333333333333333333333222222222110122322222222222222222221000000000001122
22222233333333333333333333333222222222222222233333333333333333333333333333333222222222110123322222222222222222221000000000000012
22222233333333333333333333333222222222222222233333333333333333333333333333333222222222110123322222222222222222221000000000000012
22222233333333333333333333333222222222222222233333333333333333333333333333333222222222110123322222222222222222221000000000000012
22222233333333322222111223333332222222222222233333333333333333333333333333333222222222210123332222222222222222221000000000001122
22222333333332222221000112333333222222222222333333333333333333333333333333333222222222211122332222222222222222321000000000001222
22222333333332221110000001233333333322222222333333333333333333333333333333333322222222221112233222222222222223321000000000001222
22222333333322211100000000123333333333333333333333333333333333333333333333333322222222222111233322222222222223221000000000011222
22222333333322111000000000012333333333333333333333333333333333333333333333333322222222222101233332222222222223221000000000012222
22222333333222110000100000001333333333333333333333333333333333333333333333333332222222222111223332222222222222210000000000012222
22222333333222100011110000001233333333333333333333333333333333333333333333333332222222222211222333222222222222110000000000012222
22223333333222100122211000001233333333333333333333333333333333333333333333333333222222222222112333322222222222100000000000112222
22223333333222111123221111001233333333333333333333333333333333333333333333333333322222212222112333333222222221000000000000122322
22223333333222211123332111001233333333333333333333333333333333333333333333333333332222211222111333333333322110000000000001222322
22223333333222211123332111001233333333333333333333333333333333333333333333333333332222211222122322222222211100000000000011222322
22223333333222211123331110001233333333333333333333333333333333333333333333333333333222221122222220111110000000000000000012233322
22223333333222111123321100001233333333333333333333333333333333333333333333333333333322222222222210111100000000000000011222233322
22223333332222111123321100001333333333333333333333333333333333333333333333333333333333222222111111111000000000000000112233333322
22223333333222111122331100012333333333333333333333333333333333333333333333333333333333322222211111111000000000000011223333333322
22223333333222111222221101123333333333333333333333333333333333333333333333333333333333332222222111111100001111111112233333333322
22223333333222122222211111233333333333333333333333333333333333333333333333333333333333333332222222211111111112222222333333333322
22223333333322222222110112333333333333333333333333333333333333333333333333333333333333333333322222222222222222222233333333333322
22222333333322222222100123333333333333333333222222223333333333333333333333333333333333333333333322222222222223333333333333333222
22222333333332222222111233333333333333332222111111122222333333333333333333333333333333333333333333322222233333333333333333333222
22222333333333322222222233333333333333322211111111111122333333333333333333333333333333333333333333333333333333333333333333333222
22222333333333333222222233333333333333322111111111111222333333333333333333333333333333333333333333333333333333333333333333333222
22222333333333333332222333333333333333221111111111111122233333333333333333333333333333333333333333333333333333333333333333333222
22222333333333333333333333333333333332211011111111111112233333333333333333333333333333333333333333333333333333333333333333333222
