00000000000000000000000000000000000000000000000000000000000000000000000000000000000000000000000000000000000000000000000000000000
00000000000000000000000000000000000000000000330000000000333300000333333333300003333330000000000333333000000333333000000033333000
00000000000000000000000000000000000000000003300000000003333330000333333333300033333333000000003333333300003333333300000333333300
00000000000000000000000000000000000000000033000000000033300333000000000033000033000033000000003300003300003300003300003330003330
00000000000000000000000000000000000000000330000000000330000003300000000033000330000003300000033000000330033000000330003300000330
00000000000000000000000000000000000000003300000000000330000003300000000330000330000003300000033000000330033000000330000000000330
00003333000000333333000033033003333300033333003300030330333303300330000330330333000033303000033300003330033300003333333333000330
00003333000000333333000033333003333330333333300300030330033003303330003300330033333333003300003333333300003333333333333330003300
00003111100000311111100331131103111100333003330010030333000033301311003301111003333330011130300333333001100333333131111110333300
00003111100000311111100331111103111103330000333010030033333333001111033001110033333333001110003333333300003333333331111110333300
00003111100000311111100311111103111103300030033010031003333333011110033011110333300333301111033330033330033330033331111110003330
00000111100000011111100311111100111103300001033010001100003330011110330011110333000033301111033300003330033300003331111111100330
00000111100000011111100311111100111103300000033010001111003300111100330111110330000003301111033001100330033000101331000011100330
00000311000000331111000311001100311003330000333000003110033003110003300110010330000003300311033003100330033000301331033001100330
00000311000000331011000311331100311300333003330000003100330003113003303113010333000033300000033300003330033300003331033300003330
00000311000000311331000311333300311300033333300103303003300103110033003113000033333333000330003333333300003333333300003333333300
00000311033000311331100311011110311111003333003103303033001103110333003111100003333330000330000333333001100333333000000033333000
00000311033000311111100311011110311110000000011100003000011103110000003111130000000000100000030000000031110000001000031000000000
00000311031103311111100311031100311031000331111110003110111103110311003110330000000031100311031103100031100310311000031100000000
00003311331133310033130311331103311031303331003313033110111103113311033113311000000031133311331103130331133313311000331100000000
00003311331133110033110311331103311031303311003311033110311103113311033113311000000031133311331103130331133313311000331100000000
00003111111131111031111311111103111131113111103111131111011103111111031111111000000031111111311113111311111113111100311110000000
00003111111131111031111011111103111131113111103111131111011100111111031111111000000001111111311113111311111113111100311110000000
00003111111131111031111011111103111131113111103111131111031100111111031111111000000001111111311113111311111113111100311110000000
00000111111000000000000000000000000000000011100111100011001100011111001111111000000000000000000000011011111000111100011110000000
00000111111033300300000330030003033330333001100111003011001100011111001111111000003330003300300003011011110030111100011110000000
00000000000030030300003003003030030000300300000000033000000000000000000000000000003003030030300003000000000330000000000000000000
00000000000030030300003003000300030000300300000000003000000000000000000000000000003330030030300003000000000030000000000000000000
00000000000033300300003333000300033300333000000000003000000000000000000000000000003003033330300003000000000030000000000000000000
00000000000030000300003003000300030000303000000000003000000000000000000000000000003003030030300003000000000030000000000000000000
00000000000030000333303003000300033330300300000000003000000000000000000000000000003330030030333303333000000030000000000000000000
00000000000000000000000000000000000000000000000000000000000000000000000000000000000000000000000000000000000000000000000000000000
