00000000000000000000000000000000000000000000000000000000000000000000000000000000000000000000000000000000000000000000000000000000
00000000001000000001100000001111100000001111000000000000000010000000111100000000111100000000000011110000000011110000000011110000
00000000011100000011100000011111110000011111100000000000000110010001111110000001111110000000000111111000000111111000000111111000
00000000001000000111100000111000111000110000110000000100000110000011000011000011000011000000001100001100001100001100001100001100
00000000000000000001100000110000011001100000011000000000001110000110000001100110000001100001011000000110011000000110011000000110
00000000000000000001100000000000011001100000011000000000001110000110000001100110000001100000011000000110011000000110011000000110
00000000000000000001100000000000011001100000011000000000011110000110100001100110000001100000011000000110011000000110011000000110
00000000001000000001100000000000110001100000011000010000110110000110000001100110000001100000011000000110011000000110011000000110
00000000000000000001100000000011110001100000011000000000110110000110000001100110000001100000011000000110011000000110011000000110
00000000000000000001100000000011110001100000011000000001100110000110000001100110000001100000011000000110011000000110011000000110
00000000000000000001100000000000111001100000011000000011100110000110001001100110000001100000011000000110011000000110011000000110
00000000000000000001100000000000011001100000011000000111000110000110000001100110000001101000011000000110011000000110011000000110
00000000000000000001100000000000011001100000011000100111111111100110000001100110000001100000011000000110011000000110011000000110
00000000000000000001100001100000011001100000011000000111111111100110000001100110010001100000011000000110011000000110011001000110
00000000000000000001100001110000111000110000110000000000000110000011000011000011000011000000001100001100001100001100001100001100
00000000000000000001100000111111110000011111100001100000000110000001111110001001111110000110000111111000000111111000000111111000
00000000000000000001100000001111100000001111000001100100000110000000111100000000111100000110000011110000000011110000000011110000
00000000000000000000000000000000000001000000000000000000000000000000000000000000000000000000000000000000000000000000000000000000
00000000000000000000000000000000000000000010000000000000000000100000001001000000000000000000000000000000000000000000000000000001
00000000000000000000000000000000000000000000000000000000000000000000000000000000000000000000000000000000000000000000000000000000
00000000000000000000000000000000000000000000000000000100000000000000000000000000000001000000000000000000000000000000000000000000
00000000000000000000010000000000000000000000000000000000000000000000000000000100000000000000000000000000000000000000000000000000
00000000000000000000000000000000000000000000000100000000000000000100000000000000000000000000000000000000000000000000000000000000
00000000000000000000000000000000000000000000000000000000100000100000000000000000000000000000000000000000000000000000000000000000
00000000000000000000000000000000000000000000000000000001000000000000001000000000000000000000000000000000000000000000000000000000
00000000000000330300300330003300333000330033300000003000000000000000000000000000033000300300003000033303030333033000300000000000
00000000000000030300303003030030300303003030030000033000000000000100000000100000030303030300030300030003030030030303030000000000
00000000000000030300303000030030300303003030030000003000001000010000000000000000033003030300030300030000300030030303030000000000
00000000000000030300303033033330300303003033330100003000000000000000000000000000030303030300033300033000300030033303330000000000
00000000000030030300303003030030300303003030300000003000000000000000000000000000030303030300030300030003030030033003030000000000
01000000000003300033000330030030333000330030030000003000000000000000000100000000033300300333030300033303030030030303030000000000
11100000000000000000000000000000000000000000000000000000000000000000100000000000000000000000000000000000000000000000000000000000
