00000000000000000000000000000000000000000000000000000000000000000000000000000000000000000000000000000000000000000000000000000000
00000000000000000000000000000000000000000000000000000000000000000000000000000000000000000000000000000000000000000000000000000000
00000000000000000033333300033000033003300003303333333303300003300003330000003333000033000033333000033000033000000000000000000000
00000000000000000031111110031100031103110003113111111113110003110003111000033111100031100331111100031100031100000000000000000000
00000000000000000031111111031100031103111003110111111113110003110033111000331111110031103311111110031110031100000000000000000000
00000000000000000031100311031100031103111103110003110003110003110031131100311100111031103111000111031111031100000000000000000000
00000000000000000031133311031100031103111103110003110003110003110031131100311000010031103110000311031111031100000000000000000000
00000000000000000031111111031100031103113113110003110003110003110331101100311000000031103110000311031131131100000000000000000000
00000000000000000031111110031100031103110113110003110003110003110311333110311000300031103110000311031101131100000000000000000000
00000000000000000031100000031100331103110311110003110003110033110311111110311003310031103110003311031103111100000000000000000000
00000000000000000031100000001113311103110011110003110000111331113311111110011133111031100111333111031100111100000000000000000000
00000000000000000031100000000111111003110001110003110000011111103110000311001111110031100011111110031100011100000000000000000000
00000000000000000001100000000011110000110000110000110000001111000110000011000111100001100001111100001100001100000000000000000000
00000000000000000000000000000000000000000000000000000000000000000000000000000000000000000000000000000000000000000000000000000000
00000000000000000000000000000000000000000000333330000000000333333000000330000000333330000000000033333000000033333000033333333330
00000000000000000000000000000000000000000003333333000000003333333300003330000003333333000000000333333300000333333300033333333330
00000000000000000000000000000000000000000033300033300000003300003300033330000033300033300000003330003330003330003330000000003300
00000000000000000000000000000000000000000033000003300000033000000330000330000033000003300000003300000330003300000330000000003300
00000000000000000000000000000000000000000000000003300000033000000330000330000033000003300000003300000330000000000330000000033000
00000000000000000000000000000000000000000000000003300000033300003330000330000000000003300000000000000330000000000330000000033000
00000000000000000000000000000000000000000000000033000000003333333300000330000000000003300000000000000330000000003300000000330000
00000000000000000000000000000000000000000000003333000000000333333000000330000000000033000000000000003300000000333300000000330000
00000000000000000000000000000000000000000000003333000000003333333300000330000000000033000000000000003300000000333300000003300000
00000000000000000000000000000000000000000000000033300000033330033330000330000000000330000000000000033000000000003330000003300000
00000000000000000000000000000000000000000000000003300000033300003330000330000000003300000000000000330000000000000330000033000000
00000000000000000000000000000000000000000000000003300000033000000330000330000000033000000000000003300000000000000330000033000000
00000000000000000000000000000000000000000330000003300000033000000330000330000000330000000000000033000000033000000330000330000000
00000000000000000000000000000000000000000333000033300000033300003330000330000003300000000000000330000000033300003330000330000000
00000000000000000000000000000000000000000033333333000330003333333300000330000033333333300330003333333330003333333300003300000000
00000000000000000000000000000000000000000000333330000330000333333000000330000333333333300330033333333330000033333000033300000000
00000000000000000000000000000000000000000000000000000000000000000000000000000000000000000000000000000000000000000000000000000000
00000000000000000000000000000000000000000000000000000000000000000000000000000000000000000000000000000000000000000000000000000000
