13322222122222222223233333333333333333333222122222222222222222222233333333333333333320000000000000000000000000000000000000000000
13332212111112122222233333333333333333333222222222222222222222222233333333333333333320000000000000000000000000000000000000000000
13332211111111122222233333333333333333333322211222222222222222222333333333333333333331000000000000000000000000000000000000000000
13333221111111222222233333333333333333333222222222222222222222223333333333333333333331000000000000000000000000000000000000000000
13333222111111222222333333333333333333333222222222222222222222223233333333333333333332000000000000000000000000000000000000000000
13333211111111112222333333333333333333333222222222221222222222222333333333333333333332000000000000000000000000000000000000000000
13333211111111112222333333333333333333333332222222222222222222222233333333333333333333000000000000000000000000000000000000000000
13333321111111112222233333333333333333333332222122222222222222222333333333333333333333100000000000000000000000000000000000000000
13333321111111112222233333333333333333333333222122222222222222223333333333333333333333100000000000000000000000000000000000000000
13333331111111112122222333333333333333333333221111222222222222222333333333333333333333200000000000000000000000000000000000000000
13333331111111111122223333333333333333333333222222222222222222222233333333333333333333100000000000000000000000000000000000000000
13333331111111111122223333333333333333333333222222212222222222222233333333333333333333200000000000000000000000000000000000000000
13333332111111112122223333333333333333333333222222122222222222322233333333333333333333200000000000000000000000000000000000000000
13333332111111111122223333333333333333333333222222212222222222223233333333333333333333200000000000000000000000000000000000000000
13333332111111111122223333333333333333333333222211222222222222222233333333333333333333200000000000000000000000000000000000000000
13333332111111111112222333333333333333333333322212222222222222222333333333333333333333200000000000000000000000000000000000000000
12333332111111111112222333333333333333333333222212212222222222223333333333333333333333200000000000000000000000000000000000000000
12333333111111111112222233333333333333333333322211122222222222222322333333333333333333200000000000000000000000000000000000000000
12333333111111111112223333333333333333333333222111111222222222222322333333333333333333200000000000000000000000000000000000000000
02333333111111111112223333333333333333333333322111111122222222222223333333333333333333200000000000000000000000000000000000000000
02333333211111111121222333333333333333333333322111221122222222222222333333333333333333200000000000000000000000000000000000000000
02333333211101111112222333333333333333333333322211121122222222222223233333333333333333100000000000000000000000000000000000000000
02333333211111111112222333333333333333333333321111111122222222222322233333333333333333100000000000000000000000000000000000000000
01333333211111111111122333333333333333333333322111111222222222223232333333333333333333100000000000000000000000000000000000000000
01333333211101111112222233333333333333333333322111111222222222222222333333333333333333000000000000000000000000000000000000000000
01333333211101111111222233333333333333333333322111111112222122222222333333333333333332000000000000000000000000000000000000000000
01333333211111111111222233333333333333333333332111112112222222222222333333333333333331000000000000000000000000000000000000000000
01333333211101111111222233333333333333333333322111111222222222222222333333333333333331000000000000000000000000000000000000000000
01333333211100111111222233333333333333333333322111111111222222222223333333333333333320000000000000000000000000000000000000000000
01333333211011111112222333333333333333333333321111112121222222222223333333333333333320000000000000000000000000000000000000000000
01333333211000111111222233333333333333333333321111111121222222222222333333333333333310000000000000000000000000000000000000000000
01333333211000111112222333333333333333333333221111111111222222222222333333333333333300000000000000000000000000000000000000000000
