00000000000000000000000000000000000000000000000000000000000000000000000000000000000000000000000000000000000000000000000000000000
00000000000000000000000000000000000000000000000000000000000000000000000000000000000000000000000000000000000000000000000000000000
00000000000000000000000000000000000003000000000000000000000000000000000000000000000000000000000000000000000000000000000000000000
00000000000000000000000000000000000003000000000000000000000000000000000000000000000000000000000000000000000000000000000000000000
00000000000000000000000000000000000003000000000000000000000000000000000000000000000000000000000000000000000000000000000000000000
00000000000000000000000000000000000000000000000000000000000000000000000000000000000000000000000000000000000000000000000000000000
00000000000000000000000000000000000003000000000000000000000000000000000000000000000000000000000000000000000000000000000000000000
00000000000000000000000000000000000003000000000000000000000000000000000000000000000000000000000000000000000000000000000000000000
00000000000000000000000000000000000003000000000000000000000000000000000000000000000000000000000000000000000000000000000000000000
00000000000000000000000000000000000000000000000000000000000000000000000000000000000000000000000000000000000000000000000000000000
00000000000000000000000000000000000000000000000000000000000000000000000000000000000000000000000000000000000000000000000000000000
00000000000000000000000000000000000000000000000000000000000000000000000000000000000000000000000000000000000000000000000000000000
00000000000000000000000000000000000000000000000000000000000000000000000000000000000000000000000000000000000000000000000000000000
00000000000000000000000000000000000000000000000330000000000033330000000033333000033333333330000000003333330003333333333000033000
00000000000000000000000000000000000000000000003330000000000333333000000333333300033333333330000000033333330003333333333000333000
00000000000000000000000000000000000000000000033330000000003300003300003330003330000000003300000000033000000000000000330003333000
00000000000000000000000000000000000000000000000330000000033000000330003300000330000000003300000000033000000000000000330000033000
00000000000000000000000000000000000000000000000330000000033000000330003300000330000000033000000000033000000000000003300000033000
00000000000000000000000000000000000000000000000330000000033000000330000000000330000000033000000000333333300000000003300000033000
00000000000000000000000000000000000000000000000330000000033000000330000000000330000000330000000000333333300000000033000000033000
00000000000000000000000000000000000000000000000330000000033000000330000000003300000000330000000000330000330000000033000000033000
00000000000000000000000000000000000000000000000330000000033000000330000000003300000003300000000000000000033000000330000000033000
00000000000000000000000000000000000000000000000330000000033000000330000000033000000003300000000000000000033000000330000000033000
00000000000000000000000000000000000000000000000330000000033000000330000000330000000033000000000000000000033000003300000000033000
00000000000000000000000000000000000000000000000330000000033000000330000003300000000033000000000000000000033000003300000000033000
00000000000000000000000000000000000000000000000330000000033000000330000033000000000330000000000000300000330000033000000000033000
00000000000000000000000000000000000000000000000330000000003300003300000330000000000330000000000003330003330000033000000000033000
00000000000000000000000000000000000000000000000330000330000333333000003333333330003300000000033000333333300000330000000000033000
00000000000000000000000000000000000000000000000330000330000033330000033333333330033300000000033000033333000003330000000000033000
00000000000000000000000000000000000000000000000000000000000000000000000000000000000000000000000000000000000000000000000000000000
00000000000000000000000000000000000000000000000000000000000000000000000000000000000000000000000000000000000000000000000000000000
00000000000000000000000000000000000000000000000000000000000000000000000000000000000000000000000000000000000000000000000000000000
