00000000000000000000000000000000000000000000000000000000000000000000000000000000000000000000000000000000000000000000000000000000
00000111111101111001111011111110011111111101111111100000111100000111000000011111110111111111101111111000011111110001111111111000
00001111111101111001111011111111011111111101111111110000111100001111100000111111110111111111101111111100111111111001111111111000
00001111111101111001111011111111011111111101111111110000111100011111110001111111110111111111101111111101111111111101111111111000
00001111100001111001111011111111001111000000111111110000111100011111110001111101110011111110001111111101111101111101111111111000
00001111110001111001111011111111001111111000111111110000111100013313310001331000000013313110001331133101331000133100001331000000
00001133311101331001331013333311001333331000133331100000133100113333311001331000000013333100001333331101331000133100001331000000
00000111333101331001331013311110001331111000133133110000133100133333331001331000000013313110001331111001331000133100001331000000
00000001133101331001331013310000001331000000133133310011133100133111331001331101110013313311001331000001331101133100001331000000
00001111133101331111331013310000011331111101133113311013133101133101331101133111310113313331101331000001133111331100001331000000
00001333331101133333311013310000013333333101333113331013331101333101333100113333310133331333101331000000113333311000001331000000
00001111111000111111110011110000011111111101111111111011111001111101111100011111110111111111101111000000011111110000001111000000
00000000000000000000000000000000000000000000000000000000000000000000000000000000000000000000000000000000000000000000000000000000
00000000000000000000000000000000000000000000000000000000000000000000000000000000000000000000000000000000000000000000000000000000
00000000000000000000000000000000000000000000000000000000000000000000000000000000000000000000000000000000000000000000000000000000
00000000000000000000000000000000000000000000000000000000000000000000000000000000000000000000000000000000000000000000000000000000
00000000000000000000000000000000000000000000000000000000000000000000000000000000000000000000000000000000000000000000000000000000
00000000000000000000000000000000000000000000000000000000000000000000000000000000000000000000000000000000000000000000000000000000
00000000000000000000000000000000000000000000000000000000000000000000000000000000000000000000000000000000000000000000000000000000
00000000000000000000000000000000000000000000000000000000000000000000000000000000000000000000000000000000000000000000000000000000
00000000000000000000000000000000000000000000000000000000000000000000000000000000000000000000000000000000000000000000000000000000
00000000000000000000000000000000000000000000000000000000000000000000000000000000000000000000000000000000000000000000000000000000
00000000000000000000000000000000000000000000000000000000000000000000000000000000000000000000000000000000000000000000000000000000
00000000000000000000000000000000000000000000000000000000000000000000000000000000000000000000000000000000000000000000000000000000
00000000000000000000000000000000000000000000000000000000000000000000000000000000000000000000000000000000000000000000000000000000
00000000000000000000000000000000000000000000000000000000000000000000000000000000000000000000000000000000000000000000000000000000
00000000000000000000000000000000000000000000000000000000000000000000000000000000000000000000000000000000000000000000000000000000
00000000000000000000000000000000000000000000000000000000000000000000000000000000000000000000000000000000000000000000000000000000
00000000000000000000000000000000000000000000000000000000000000000000000000000000000000000000000000000000000000000000000000000000
00000000000000000000000000000000000000000000000000000000000000000000000000000000000000000000000000000000000000000000000000000000
00000000000000000000000000000000000000000000000000000000000000000000000000000000000000000000000000000000000000000000000000000000
00000000000000000000000000000000000000000000000000000000000000000000000000000000000000000000000000000000000000000000000000000000
