00000000000000000000000011222212211100000000000000000110000001112100000000000000000000000000000000000000000000000000000000000000
00000000000000000000000111122222222100000000330000001100333300112111100030000333333333300000033333333330033333333330000033330000
00000000000000000000011111222211222100000003300001111003333330012223210330000333333333300000033333333330033333333330100333333000
00000000000000000000011111222211222100000033000111110033300333002223100330000000000033000000000000003300000000003300003300003300
00000000000000000000111111112112221100000330011111110330000003302232103330000000000033000000000000003301222111003301033000000330
00000000000000000000111111112112310000003300012111110330111103302223003330000000000330000000000000033001211111033001033000000330
00000000000000000000111111111122210000033333002101110330121103302110033330000000000330000000000000033011111110033011033000000330
00000000000000000000001111111123100000333333300000110330021003301110330330000000003300000000000000330000000110330000033000000330
00000000000000000000011121111212100000333003330000010333000033302200330330000000003300000000000000330000000000330000033000000330
00000000000000000000011111112321100003330000333000010033333333003003300330000000033000000000000003300000000003300000033000000330
00000000000000000000001111122210000003300110033000011003333333020033300330000000033000000000000003300000000003300000033000000330
00000000000000000000000011122110000103301112033001111100003330020333000330000000330000000000000033000000000033000000033000000330
00000000000000000000000012121000001103300110033011111112003300230333333333300000330000000000000033000000000033000000033000000330
00000000000000000000000001110000001103330000333021111110033002320333333333300003300000000000000330000000000330000000033000000330
00000000000000000000000000000000001100333003330000001100330011330000000330000003300000000000000330000000000330000000003300003300
00000000000000000000000000000000001110033333300103301003300211223333220330000033000000000330003300000000003300000000000333333000
00000000000000000000000000000000010111003333001103301033002221222223220330000333000000000330033300000000033300000000000033330000
00000000000000000000000000000000111111100000010100001000011112222233210000000000000000000000000000000000000000000000000000000000
00000000000000000000000000000000111110111111110111111111111111223233211211000000000000000000000000000000000000000000000000000000
00000000000000000000000000000000111100111111111100000001111111222233212221000000000000000000000000000000000000000000000000000000
00000000000000000000000000000000011001111111011100000011111222321122221110000000000000000000000000000000000000000000000000000000
00000000000000000000000000000000001101111110012110011111111122221111221100000000000000000000000000000000000000000000000000000000
00000000000000000000000000000000001100000111111110111111111111121122222100000000000000000000000000000000000000000000000000000000
00000000000000000000000000000000000000000111100110011011111011112222122100000000000000000000000000000000000000000000000000000000
00000000000000000000000000000000000010000110111110010011000011122221111000000000000000000000000000000000000000000000000000000000
00000000000000000000000000000000000111000010111110110011000011111232111100000000000000000000000000000000000000000000000000000000
00000000000000000000000000000000000010000000111110110011110111111122212110000000000000000000000000000000000000000000000000000000
00000000000000000000000000000000000000000000110110000011100110001122211110000000000000000000000000000000000000000000000000000000
00000000000000000000000000000000000000001001110000000011100011001232222100000000000000000000000000000000000000000000000000000000
00000000000000000000000000000000000000000001100000000000011111112333322100000000000000000000000000000000000000000000000000000000
00000000000000000000000000000000000000000000000000011110011111122333322100000000000000000000000000000000000000000000000000000000
00000000000000000000000000000000000000111000100000011221121112232233221000000000000000000000000000000000000000000000000000000000
