00000000000000000000000000111000111110000111111011000110011111000111111011000110111111101100011001111110000000000000000000000000
00000000000000000000000001111100111111000111111011000110111111100111111011101110111111101110011001111110000000000000000000000000
00000000000000000000000011101110110011100000011011000110111000000001100011111110110000001111011000011000000000000000000000000000
00000000000000000000000011000110110001100000011011000110011111000001100011111110111110001111111000011000000000000000000000000000
00000000011111000000000011111110110011101100111011101110000011100001100011010110110000001101111000011000000000000111110000000000
00000000000000000000000011000110111111001111111011111110111111100001100011000110111111101100111000011000000000000000000000000000
00000000000000000000000011000110111110000111110001111100011111000001100011000110111111101100011000011000000000000000000000000000
00000000000000000000000000000000000000000000000000000000000000000000000000000000000000000000000000000000000000000000000000000000
01111100011111001100011011000110111110000000001011000110001111001111100011111110011111000000000000000000000000000000000000000000
11111110111111101100011011100110111111000000010011000110001111001111110011111110111111100000000000000000000000000000000000000000
11100000110001101100011011110110110011100000100011000110000110001100111011000000110001100000000000000000000000000000000000000000
01111100110001101100011011111110110001100001000011101110000110001100011011111000110001100000000000000000000000000000000000000000
00001110110001101110111011011110110011100010000001111100000110001100111011000000110001100000000000000000000000000000000000000000
11111110111111101111111011001110111111000100000000111000001111001111110011111110111111100000000000000000000000000000000000000000
01111100011111000111110011000110111110001000000000010000001111001111100011111110011111000000000000000000000000000000000000000000
00000000000000000000000000000000000000000000000000000000000000000000000000000000000000000000000000000000000000000000000000000000
00111110001110001100011011111110000000000000000000000000000000000000000000000000000000000000000000000000000000000000000000000000
01111110011111001110111011111110000000000000000000000000000000000000000000000000000000000000000000000000000000000000000000000000
11100000111011101111111011000000000000000000000000000000000000000000000000000000000000000000000000000000000000000000000000000000
11001110110001101111111011111000000000000000000000000000000000000000000000000000000000000000000000000000000000000000000000000000
11100110111111101101011011000000000000000000000000000000000000000000000000000000000000000000000000000000000000000000000000000000
01111110110001101100011011111110000000000000000000000000000000000000000000000000000000000000000000000000000000000000000000000000
00111110110001101100011011111110000000000000000000000000000000000000000000000000000000000000000000000000000000000000000000000000
00000000000000000000000000000000000000000000000000000000000000000000000000000000000000000000000000000000000000000000000000000000
03333330333333300033330033000330330003300033330000333300003330003300000000000000000000000000000000000000000000000000000000000000
03333330333333300333333033000330333003300033330003333330033333003300000000000000000000000000000000000000000000000000000000000000
00033000330000003300033033000330333303300003300033000330333033303300000000000000000000000000000000000000000000000000000000000000
00033000333330003300000033333330333333300003300033000000330003303300000000000000000000000000000000000000000000000000000000000000
00033000330000003330033033333330330333300003300033300330333333303300000000000000000000000000000000000000000000000000000000000000
00033000333333300333333033000330330033300033330003333330330003303333330000000000000000000000000000000000000000000000000000000000
00033000333333300033330033000330330003300033330000333300330003303333330000000000000000000000000000000000000000000000000000000000
00000000000000000000000000000000000000000000000000000000000000000000000000000000000000000000000000000000000000000000000000000000
