00000000000000000000000000000000000000000000000000000000000000000000000000000000000000000000000000000000000000000000000000000000
00000000000000000000000000000000000000000000000000000000000000000000000000000000000000000000000000000000000000000000000000000000
00000000000000000000000000000000000000000000000000000000000000000000000000000000000000000000000000000000000000000000000000000000
00000000000000000000000000000000000000000000000000000000000000000000000000000000000000000000000000000000000000000000000000000000
00000000000000000000000000000000000000000000000000000000000000000000000000000000000000000000000000000000000000000000000000000000
00000000003333333330000000003333333333333333300000333333333333333000000333333333330333333333333333333333000000333333003333330000
00000000333333333333300000003333333333333333330000333333333333333330000300000000030300000000000000000003000033300003333000030000
00000033333333333333333000003333333333333333333000333333333333333333000300000000030300000000000000000003000330000000000000030000
00000333333333333333333300003333333333333333333300333333333333333333000300000000030300000000000000000003003300000000000000030000
00003333333333333333333330003333333333333333333300333333333333333333300333000003330300003330000033300003033000003333000000030000
00003333333300000333333330000033333330000333333300003333333003333333300003000003000300003030000030300003030000033003330000030000
00033333333000000033333333000033333330000333333300003333333000333333300003000003000300003030000030300003030000030000033000030000
00033333330000000003333333000033333330003333333300003333333000333333300003000003000300033030000030330003030000030000003333330000
00333333300000000000333333300033333333333333333000003333333003333333000003000003000333330030000030033333033000033300000000000000
00333333300000000000333333300033333333333333330000003333333333333333000003000003000000000030000030000000003000000333333300000000
00333333300000000000333333300033333333333333300000003333333333333300000003000003000000000030000030000000003330000000000333000000
00333333300000000000333333300033333333333333330000003333333333333330000003000003000000000030000030000000000033300000000003300000
00333333300000000000333333300033333333333333333000003333333333333333300003000003000000000030000030000000000000333333300000330000
00333333300000000000333333300033333330033333333000003333333000333333300003000003000000000030000030000000000000000000333000033000
00033333330000000003333333000033333330003333333000003333333000033333330003000003000000000030000030000000033333330000003000003000
00033333333000000033333333000033333330003333333000003333333000033333330003000003000000000030000030000000030000033000003000003000
00003333333300000333333330000033333330003333333000003333333000033333330003000003000000000030000030000000030000003300033000003000
00003333333333333333333330003333333333303333333330003333333000333333330333000003330000003330000033300000030000000333330000033000
00000333333333333333333300003333333333303333333330333333333333333333330300000000030000003000000000300000030000000000000000030000
00000033333333333333333000003333333333303333333330333333333333333333300300000000030000003000000000300000030000000000000003330000
00000000333333333333300000003333333333303333333330333333333333333333000300000000030000003000000000300000030000333300000033000000
00000000003333333330000000003333333333303333333330333333333333333300000333333333330000003333333333300000033333300333333330000000
00000000000000000000000000000000000000000000000000000000000000000000000000000000000000000000000000000000000000000000000000000000
00000000000000000000000000000000000000000000000000000000000000000000000000000000000000000000000000000000000000000000000000000000
00000000000000000000000000000000000000000000000000000000000000000000000000000000000000000000000000000000000000000000000000000000
00000000000000000000000000000000000000000000000000000000000000000000000000000000000000000000000000000000000000000000000000000000
00000000000000000000000000000000000000000000000000000000000000000000000000000000000000000000000000000000000000000000000000000000
