21111111111111111111111111111111111111111111111111111111111111012000001110000011111111112000001110000011100000111000001111111100
11111111111111111111111111111111111111111111111111111111111110123033300100333011000100010033300100333001003330011033300111111110
11111111111111111111111111111111111111111111111111111111111111333000030003000011030103010300030103000301030003011000030111111110
11111111112221111111111111111111111111111111111111111111111102333322030203011111030103010300030103000301030003011111030111111111
11111111111121111111111111111111111111111111111111111111111103333000030303000011030003010300030103000301030003011111030111111111
11111111100022111111111111111111111111111111111111111111111113322033300200333002003330010033300100333001000000011111000111111111
11111111000012111111111111111111111111111111111111111111110023322000030220000301100003011000030103000301030003011111030111111111
11111111100002111111111111111111111111111111111111111111101123322333030223330301111103011111030103000300030003011111030111111111
11111111100001111111111111111111111111111111111111111111011123322000030220000301111103011111030103000300030003011111030111111111
11111111111011111111100111111111111111111111111111111111001113321033300020333001111100011111000000333001003330011111000111111111
11111111111111111111100111111111111111111111111111111111000112312000003020000001111111111111103010000011200000111111111111111111
11111111111111111111111111111111111111111111111111111112000002322233300033233311111111111111100011111111000000000000000000000000
00000000000000000000000000000000000000000100000000010000010000000000000000000000000000000000000000000000000000000000000000000000
00000000000000000000000100000000000000000000000000000000000001001001000000000001000000000000000000000000000000000010000000000000
00000000000000000000000000000000000000000000000000000000000000000000000000100000000000000000000000000000000000000000000000000000
00000000000000000000000000000000100000000000000000000010000100000000010000000000000000000001000000000000010000000000000000000000
00000000000000001000000000000000000000000000000000000000000000000000000000000000000000000000000000000000000000000000000000000000
00000000000010000000000000000000000000010000000000000000000000000100000010000000000000000000000000000000000000000000000000000000
00000000000000000000000000000000000000000000000000000000000001000000000000000000000000000000000000000000000000000000000000000000
00000000000000000000000000000000000000000000000000000010000000000010000000000000000000000000000000000000000000000000000000000000
00000000000000000000000010000000000000000000000000000000000000000000000000000000000000000000000000000000000000000000000000000000
00001000000000000000000000000000000000000000000010000000000000001000000000000000000000000000000000000000000000000000000000000000
00000000000000000000000000000000000000000001000000000000100001000000000000000000000000000000000000000000000000000000000000000000
00000000000000000000000000000000001000000000000000001000000000000000010000000000000000000100000000000000000000000000100000000000
00000000000000000000000000000000000000000000000000000000000000000100000000000000000000000000000000000000000000000000000000000000
00000000000033300300000330030003033330333000000000003000000000100000000000000000003330003300300003000000000030000000000000000000
00000000000030030300003003003030030000300300000000033000001000000000000000000000003003030030300003000000000330000000000000000000
00000000000030030300003003000300030000300300000010003000000000000000000000000000003330030030300003000000000030000000000000000000
00000000100033300300003333000300033300333000000000003000000000000000001000000100003003033330300003000000000030000000000000000000
00000000000030000300003003000300030000303000100000003001000000000001000000000000003003030030300003000000000030000010000000000100
00000000000030000333303003000300033330300300000000003000000000000000000000000000003330030030333303333000000030000000000000000000
00000000000000000000000000000000000000000000000000000000000000000000000000000000000000000000000000000000000000000000000000000000
