00000000000000000000000000000000000000000000000000000000000000000000000000000000000000000000000000000000000000000000000000000000
00000000000000000000000000000000000000000000000000000000000000000000000000000000000000000000000000000000000000000000000000000000
00000000000000000000000000000000000000000000000000000000000000000000000000000000000000000000000000000000000000000000000000000000
00000000000000000000000000000000000000000000000000000000000000000000000000000000000000000000000000000000000000000000000000000000
00000000000000000000000000000000000000000000000000000000000000000000000000000000000000000000000000000000000000000000000000000000
00000000000000000000000000000000000000000000000000000000000000000000000000000000000000000000000000000000000000000000000000000000
00000000000000000000000000000000000000000000000000000000000000000000000000000000000000000000000000000000000000000000000000000000
00000000000000000000000000000000000000000000000000000000000000000000000000000000000000000000000000000000000000000000000000000000
00000000000000000000000000000000000000000000000000000000000000000000000000000000000000000000000000000000000000000000000000000000
00000000000000000000000000000000000000000000000000000000000000000000000000000000000000000000000000000000000000000000000000000000
00000000000000000000000000000000000000000000000000000000000000000000000000000000000000000000000000000000000000000000000000000000
00000000000000000000000000000000000000000000000000000000000000000000000000000000000000000000000000000000000000000000000000000000
00000000000000000000000000000000000000000000000000000000000000000000000000000000000000000000000000000000000000000000000000000000
00000000000000000000000000000000000000000000000000000000000000000000000000000000000000000000000000000000000000000000000000000000
00000000000000000000000000000000000000000000000000000000000000000000000000000000000000000000000000000000000000000000000000000000
00000000000000000000000000000000000000000000000000000000000000000000000000000000000000000000000000000000000000000000000000000000
00000000000000000000000000000000000000000000000000000000000000000000000000000000000000000000000000000000000000000000000000000000
00000000000000000000000000000000000000000000000000000000000000000000000000000000000000000000000000000000000000000000000000000000
00000000000000000000000000000000000000000000000000000000000000000000000000000000000000000000000000000000000000000000000000000000
00000000000000000000000000000000000000000000000000000000000000000000000000000000000000000000000000000000000000000001001000000000
00000002002030010200202122011220200200020020000000000030020000002002030030200100200102003020030133301002000000222102001000000000
00000002003020310330301022020020202200023030000000000030030000002002022010200200220303002023010302303002000000200201021000000000
00000002002212100011222120020022222000002223313200000030030000003003002331300330032222002002112322003002000000200221220000000000
00000002212131000002311200031222220000000211122200000022120000002233000222123230002222002000322210003321000000222221200000000000
00000000000000000000000000000000000000000000000000000000000000000000000000000000000002002000000000000000000000000000000000000000
00000000000000000000000000000000000000000000000000000000000000000000000000000000000002003000000000000000000000000000000000000000
00000000000000000000000000000000000000000000000000000000000000000000000000000000233202002000000000000000000000000000000000000000
00000000000000000000000000000000000000000000000000000000000000000000000000000000300301002000000000000000000000000000000000000000
00000000000000000000000000000000000000000000000000000000000000000000000000000000300203023000000000000000000000000000000000000000
00000000000000000000000000000000000000000000000000000000000000000000000000000000200332320000000000000000000000000000000000000000
00000000000000000000000000000000000000000000000000000000000000000000000000000000322331300000000000000000000000000000000000000000
00000000000000000000000000000000000000000000000000000000000000000000000000000000000000000000000000000000000000000000000000000000
