00000000000000000000000000000000000000000000000000000000000000000000000000000000000000000000000000000000000000000000000000000000
00000000000000000000000000000000000000000000011111111110000000001111100000000000110000011000000000011000000011111000000000001100
00000000000000000000000000000000000000000000011111111110000000011111110000000001100000111000000000111000000111111100000000011000
00000000000000000000000000000000000000000000000000001100000000111000111000000011000001111000000001111000001110001110000000110000
00000000000000000000000000000000000000000000000000001100000000110000011000000110000000011000000000011000001100000110000001100000
00000000000000000000000000000000000000000000000000011003221000000000011000001100000000011000000000011000001100000110000011000000
00000000000000000000000000000000000000000000000010011033333210000000011000011111000000011000000000011000000000000110000111110000
00000000000000000000000000000000000000000000000230110033333332000000110000111111100000011000000000011000000000000110001111111000
00000000000000000000000000000000000000000000002300110333333333310011110000111001110000011000000000011000000000001100001110011100
00000000000000000000000000000000000000000000033301100333333333331011110001110000111000011000000000011000000000001100011100001110
00000000000000000000000000000013332000000000233001103333333333333000111001100000011000011000000000011000000000011000011000000110
00000000000000000000000000000033333200000001333011000111111112233100011001100000011000011000000000011000000000110000011000000110
00000000000000000000000000000133223310000002330011021211111000001210011001100000011000011000000000011000000001100000011000000110
00000000000000000000000000000122212310000003330110033333333301100220011001110000111000011000000000011000000011000000011100001110
00000000000000000000000000000122111210000013300110333333000001110000111000111001110000011000000000011000000110000000001110011100
00000000000000000000000000000011111200012123003300333333033000333333330000033333300000033000033000033000003333333330000333333000
00000000000000000000000000000000111111013123033303333333033030003333300000003333000000033000033000033000033333333330000033330000
00000000000000000000000000000000111121122233000003333333000033300000000000000000000000000000000000000000000000000000000000000000
00000000000000000000000012322111111122122223322333333333333323333330000000000000000000000000000000000000000000000000000000000000
00000000000000000000001223333212121111110133323333333333323332333320000000000000000000000000000000000000000000000000000000000000
00000000000000000000002212222111000000100033233333333333233333233310000000000000000000000000000000000000000000000000000000000000
00000000000000000000001111221001000000000123233333333332333333233310000000000000000000000000000000000000000000000000000000000000
00000000000000000000001100111000000001111222233333333332333333233200000000000000000000000000000000000000000000000000000000000000
00000000000000000000001100000001111111122212223333333332333332233100000000000000000000000000000000000000000000000000000000000000
00000000000000000000000000000000000000000011222333300033333332233100000000000000000000000000000000000000000000000000000000000000
00000000000033300300000330030003033330333000232333003033222322332000000000000000003330003300300003000000000030000000000000000000
00000000000030030300003003003030030000300300023333033022323222321000000000000000003003030030300003000000000330000000000000000000
00000000000030030300003003000300030000300300012222003022222222210000000000000000003330030030300003000000000030000000000000000000
00000000000033300300003333000300033300333000001221203022222222100000000000000000003003033330300003000000000030000000000000000000
00000000000030000300003003000300030000303000000012203022222221000000000000000000003003030030300003000000000030000000000000000000
00000000000030000333303003000300033330300300000001203022211100000000000000000000003330030030333303333000000030000000000000000000
00000000000000000000000000000000000000000000000000000000000000000000000000000000000000000000000000000000000000000000000000000000
