00000000000000000000000000000000000000000010000000000000000000000000000000000000000000000000000000000000000000000000000000000000
00000000001000000000000000000000000000000000000000000000333300000000333333000000333300000000000033330000000033330000000033333300
00000000011100000000000000100000000100000000000000000003333330010003333333000003333330000000000333333000000333333000000333333300
00000000001000000000000000000000000000000000000000000033300333000003300000000033000033000000003300003300003300003300000330000000
00000000000000000000000000000000000000000000000000000330000003300003300000000330000003300001033000000330033000000330000330000000
00000000000000000000000000000000000000000000001000000330000003300003300000000330000003300000033000000330033000000330000330000000
00000000000000000000000000000000000000000000000000000330000003300033333330000330000003300000033000000330033000000330003333333000
00000000001000000000000000000000000000000000000000010330000003301033333330000330000003300000033000000330033000000330003333333000
00000000000000000000000000000000000000000000000000000333000033300033000033000330000003300000033000000330033000000330003300003300
00000000000000000000000000000100000000000000010000000033333333000000000003300330000003300000033000000330033000000330000000000330
00000000000000000000000000000000000000000000000000000003333333000000001003300330000003300000033000000330033000000330000000000330
00000000000000000000000000000000000000000000000000000000003330000000000003300330000003301000033000000330033000000330000000000330
00000000000000000000000000000000000000000000000000100000003300000000000003300330000003300000033000000330033000000330000000000330
00000000000000000001000000000000000000000000000000000000033001000030000033000330010003300000033000000330033000000330003001003300
00000000000000000000000000000000000000000000000000000000330000000333000333000033000033000000003300003300003300003300033300033300
00000000000000000000000000000000000000000000000000000003300000000033333330001003333330000330000333333000000333333000003333333000
00000000000000000000000000000100000000000000000010000033000100000003333300000000333300000330000033330000000033330000000333330000
00000000000000000000000000000000000001000000000000000000000000000000000000000000000000000000000000000000000000000000000000000000
00000000000000000000000000000000000000000010000000000000000000100000001001000000000000000000000000000000000000000000000000000001
00000000000000000000000000000000000000000000000000000000000000000000000000000000000000000000000000000000000000000000000000000000
00000000000000000000000000000000000000000000000000000100000000000000000000000000000001000000000000000000000000000000000000000000
00000000000000000000010000000000000000000000000000000000000000000000000000000100000000000000000000000000000000000000000000000000
00000000000000000000000000000000000000000000000100000000000000000100000000000000000000000000000000000000000000000000000000000000
00000000000000000000000000000000000000000000000000000000100000100000000000000000000000000000000000000000000000000000000000000000
00000000000000000000000000000000000000000000000000000001000000000000001000000000000000000000000000000000000000000000000000000000
00000000000033300300000330030003033330333000000000003000000000000000000000000000003330003300300003000000000330000000000000000000
00000000000030030300003003003030030000300300000000033000000000000100000000100000003003030030300003000000003003000000000000000000
00000000000030030300003003000300030000300300000000003000001000010000000000000000003330030030300003000000000030000000000000000000
00000000000033300300003333000300033300333000000100003000000000000000000000000000003003033330300003000000000003000000000000000000
00000000000030000300003003000300030000303000000000003000000000000000000000000000003003030030300003000000003003000000000000000000
01000000000030000333303003000300033330300300000000003000000000000000000100000000003330030030333303333000000330000000000000000000
11100000000000000000000000000000000000000000000000000000000000000000100000000000000000000000000000000000000000000000000000000000
