00000000000000000000000000000000000000000000000000000000000000000000000000000000000000000000000000011110000000000000000000000000
00000000000000000000000000000000000000000000000000000000000000000000000000000000000000000000000000112211000000000000000000000000
00000000000000000000000000000000000000000000000000000000000000000000000000000000000000000000111111112221100000000000000000000000
00000000000000000000000000000000000000000000000000000000000000000000000000000000000000000000111211112222100000000000000000000000
00000000000000000000000000000000000000000000000000000000000000000000000000000000000000000000111111222222111000000000000000000000
00000000000000000000000000000000000000000000000000000000000000000000000000000000000000000000111122222222211000000000000000000000
00000000000000000000000000000000000000000000000000000000000000000000000000000000000000000000121122222222211000000000000000000000
00000000000000000000000000000000000000000000000000000000000000000000000000000000000000000000121122222222210000000000000000000000
00000000000000000000000000000000000000000000000000000000000000000000000000000000111111100000112112222222210000000000000000000000
00000000000000000000000000000000000000000000000000000000110000000000000000000111121122110000111112221221110000000000000000000000
00000000000000000000000000000000000000000000000000001111111111110000000000011111111122210000011111121111000000000000000000000000
00000000000000000000000000000000000000000000000000011111112112221000000000011111111122210000001111111110000000000000000000000000
00000000000000000000000000000000000000000000000000011111122112320000000000111111111222210000001111111100000000000000000000000000
00000000000000000000000000000000000000000000000000012111222111220000000000111111111223210000000011211000000000000000000000000000
00000000000000000000000000000000000000000000000000111111233211210000000000111111111122100000000011111000000000000000000000000000
00000000000000000000000000000000000000000000000000111111222211210000000000111111111222110000000001110000000000000000000000000000
00000000000000000000000000000000000000000000000000111111221211121000000000111111111122110000000000000000000000000000000000000000
00000000000000000000000000000000000000000000000000111112211111121000000000010111111112110000000000000000000000000000000000000000
00000000000000000000000000000000000000000000000000111112211211121000000000001110111123210000000000000000000000000000000000000000
00000000000000000000000000000000000000000000000000011111212222221000000000001110122222100000000000000000000000000000000000000000
00000000000000000000000000000000000000000000000000011111212223211000000000000111222222100000000000000000000000000000000000000000
00000000000000000000000000000000000000000000000000011111222222100000000000000011222221100000000000000000000000000000000000000000
00000000000000000000000000000000000000000000000000011222212221100000000000000011111110000000000000000000000000000000000000000000
00000000000000000000000000000000000000000000000000011111111110000000000000000000000000000000000000000000000000000000000000000000
00000000000000000000000000000000000000000000000000001100000000000000000000000000000000000000000000000000000000000000000000000000
00000000000000000000000000000000000000000000000000000000000000000000000000000000000000000000000000000000000000000000000000000000
00000000000000000000000000000000000000000000000000000000000000000000000000000000000000000000000000000000000000000000000000000000
00000000000000000000000000000000000000000000000000000000000000000000000000000000000000000000000000000000000000000000000000000000
00000000000000000000000000000000000000000000000000000000000000000000000000000000000000000000000000000000000000000000000000000000
00000000000000000000000000000000000000000000000000000000000000000000000000000000000000000000000000000000000000000000000000000000
00000000000000000000000000000000000000000000000000000000000000000000000000000000000000000000000000000000000000000000000000000000
00000000000000000000000000000000000000000000000000000000000000000000000000000000000000000000000000000000000000000000000000000000
