00000000000000000000000000000000000000000000000000000000000000000000000000000000000000000000000000000000000000000000000000000000
00000000000000000000000000000000000000000000000000000000000000011000000000000000000000000000000000000000000000000000000000000000
00000000000000000000000000000000000000000000000000000000000000003000000000000000000000000000000000000000000000000000000000000000
00000000000000000000000000000000000000000000000000000000000000000000000000000000000000000000000000000000000000000000000000000000
00000000000000000000000000000000000000000000000000000000003000000000033000002000000000000000000000000000000000000000000000000000
00000000000000000000000000000000000000000000000000000000033300000000033000003000000000000000000000000000000000000000000000000000
00000000000000000000000000000000000000000000000000000000033301100111000011103000000001100000000000000110000000000110000001111000
00000000000000000000000000000000000000000000110000000002333001100011111111003332000001100000000000000110000000001100000011011000
00000000000000000000000000000000002321000011110000000013333011002001111110023333000011000000000000001100000000111100000011011000
00000000000000000000000000000000133333200011110000000023330011030011111111000112100011000000000000001100000000111100000110011000
00000000000000000000000000000000133333320000111000000033300110030111100111102100100110000000000000011000000000001110001110011000
00000000000000000000000000000000233223330000011000000233001100330111000011103332001100000000000000110000000000000110011100011000
00000000000000000000000000000000222200000000011000111330011003330110033001103330011000000000000001100000000000000110011111111110
00000000000000000000000000000000122101100000011001223300110033330110033001103300110000000000000011000000011000000110011111111110
00000000000000000000000000000000011101110000111000003001100000000111000011103001100000000000000110000000011100001110000000011000
00000000000000000000000000000000001100111111110001100011111111100011111111000011111111100110001111111110001111111100000000011000
00000000000000000000000000000000000110001111100201100111111111103001111110020111111111100110011111111110000011111000000000011000
00000000000000000000000000122221111011200000002200000000000000003300000000330000000000000000000000000000000000000000000000000000
00000000000000000000000002223332102122211112101011023233223333333333333333333233330000000000000000000000000000000000000000000000
00000000000000000000000122123322201111000000100001023232233333332233333333333223320000000000000000000000000000000000000000000000
00000000000000000000000121122221001100000001000001022222233333333233332333333223310000000000000000000000000000000000000000000000
00000000000000000000000121011211001000000001101121112222223333333233332333333223300000000000000000000000000000000000000000000000
00000000000000000000000121001111001100011111111222222222223333333233332333333223200000000000000000000000000000000000000000000000
00000000000000000000000111000001001111121122212221221222222333333333333333333233000000000000000000000000000000000000000000000000
00000000000000000000000000000000000000000000001110100022222223333333333233332232000000000000000000000000000000000000000000000000
00000000000000110100100110001100111000110011100000001012222323333333333233322330000111000110010000011000000110000000000000000000
00000000000000010100101001010010100101001010010000011001222323233333323333233320000100101001010000100100001001000000000000000000
00000000000000010100101000010010100101001010010000001000122332233323222233333310000111001001010000100100000010000000000000000000
00000000000000010100101011011110100101001011110000001000012222133232232333332100000100101001010000111100000001000000000000000000
00000000000010010100101001010010100101001010100000001000000222222222222233320000000100101001010000100100001001000000000000000000
00000000000001100011000110010010111000110010010000001000000012222222222222100000000111000110011110100100000110000000000000000000
00000000000000000000000000000000000000000000000000000000000000012222221100000000000000000000000000000000000000000000000000000000
