00000000000000000000000000000000000000000000000000000000000000000000000000000000000000000000000000000000000000000000000000000000
00000000001000000000000033333000000330000003300000000000000033000000333300000000333300000000000033330000000033330000000033330000
00000000011100000000000333333300003330000033300000000000000330010003333330000003333330000000000333333000000333333000000333333000
00000000001000000000003330003330033330000333300000000100003300000033000033000033000033000000003300003300003300003300003300003300
00000000000000000000003300000330000330000003300000000000033000000330000003300330000003300001033000000330033000000330033000000330
00000000000000000000003300000330000330000003301000000000330000000330000003300330000003300000033000000330033000000330033000000330
00000000000000000000000000000330000330000003300000000003333300000330100003300330000003300000033000000330033000000330033000000330
00000000001000000000000000000330000330000003300000010033333330000330000003300330000003300000033000000330033000000330033000000330
00000000000000000000000000003300000330000003300000000033300333000330000003300330000003300000033000000330033000000330033000000330
00000000000000000000000000003300000330000003300000000333000033300330000003300330000003300000033000000330033000000330033000000330
00000000000000000000000000033000000330000003300000000330000003300330001003300330000003300000033000000330033000000330033000000330
00000000000000000000000000330000000330000003300000000330000003300330000003300330000003301000033000000330033000000330033000000330
00000000000000000000000003300000000330000003300000100330010003300330000003300330000003300000033000000330033000000330033000000330
00000000000000000001000033000000000330000003300000000333000033300330000003300330010003300000033000000330033000000330033001000330
00000000000000000000000330000000000330000003300000000033300333000033000033000033000033000000003300003300003300003300003300003300
00000000000000000000003333333330000330000003300003300003333330000003333330001003333330000330000333333000000333333000000333333000
00000000000000000000033333333330000330000003300003300100333300000000333300000000333300000330000033330000000033330000000033330000
00000000000000000000000000000000000000000000000000000000000000000000000000000000000000000000000000000000000000000000000000000000
00000000000000000000000000000000000000000010000000000000000000100000001001000000000000000000000000000000000000000000000000000001
00000000000000000000000000000000000000000000000000000000000000000000000000000000000000000000000000000000000000000000000000000000
00000000000000000000000000000000000000000000000000000100000000000000000000000000000001000000000000000000000000000000000000000000
00000000000000000000010000000000000000000000000000000000000000000000000000000100000000000000000000000000000000000000000000000000
00000000000000000000000000000000000000000000000100000000000000000100000000000000000000000000000000000000000000000000000000000000
00000000000000000000000000000000000000000000000000000000100000100000000000000000000000000000000000000000000000000000000000000000
00000000000000000000000000000000000000000000000000000001000000000000001000000000000000000000000000000000000000000000000000000000
00000000000033300300000330030003033330333000000000003000000000000000000000000000003330003300300003000000000330000000000000000000
00000000000030030300003003003030030000300300000000033000000000000100000000100000003003030030300003000000003003000000000000000000
00000000000030030300003003000300030000300300000000003000001000010000000000000000003330030030300003000000000003000000000000000000
00000000000033300300003333000300033300333000000100003000000000000000000000000000003003033330300003000000000330000000000000000000
00000000000030000300003003000300030000303000000000003000000000000000000000000000003003030030300003000000003000000000000000000000
01000000000030000333303003000300033330300300000000003000000000000000000100000000003330030030333303333000003333000000000000000000
11100000000000000000000000000000000000000000000000000000000000000000100000000000000000000000000000000000000000000000000000000000
