00000000000000000000000000000000000000000000000000000000000000000000000000000000000000000000000000000000000000000000000000000000
00000000000000000000000000000000000000010000000000000000333330000000333300000000333300000000000033330000000033330000000033330000
00000000000000000000000000000000000000000000000000000003333333000003333330000003333330000000100333333000000333333000000333333000
00000000000000000000000000010000000000000000001000000033300033300033000033000033000033000001003300003300003300003300003300003300
00000000000000000000000000000000000000000000011100000033000003300330000003300330000003300000033000000330033000000330033000000330
00000000000000000000000000000000000000000000001000000033000003300330000003300330000003300000033000000330033000000330033000000330
00000000000000000000000000000000000000000000000000000000000003300330000003300330000003300000033000000330033000000330033000000330
00000000000001000000000000000000000001000000000000000010000003300330000003300330000003300000033000000330033000000330033000000330
00000000000000000000000000000000000000000000000000000000000033000330000003300330000003300000033000000330033000000330033000000330
00000000000000000000000000000000000000000000000000000000000033000330000003300330000003300000033000000330033000000330033000000330
00000000000000000000000000000000000000000000000000000000000330000330000003300330000003300000033000000330033000000330033000000330
00000000000000000000000000010000000000000000000000000000003300000330000003300330100003300000033000000330033000000330033000000330
00000000000000000000000000000000000000000000100000000000033000100330000003300330010003300000033000000330033000000330033000000330
00000000000000000000000000000000000000000000010000000000330001000330000003300330000003300000033000000330033000000330033000000330
00000000000000000000000000000000000000000000000000000003300000000033000033000033000033000000003300003300003300003300003300003300
00000000000000000000000000000000000000000000000000000033333333300003333330000003333330000330000333333000000333333000000333333000
00000000000000000000000000000000000000000000000000000333333333300000333300000000333300000330000033330000000033330000000033330000
00000000000001000000000000000000000000000100000000100000000000000000000000100000000000000000000000000000000000000110000000000000
00000000000010000000000000000000000000001000000001000000001000000010000100000000000000000000000000000000000000000100000000000000
00000000000000000000000000000000000000000000000000000000000000100000000000000000000000000000000000000000000000000000000000000000
00000000000000000000000010000000000000000000000000000000001000000000000000000000000000000000000000000000000000000000000000000000
00000000000000000000000000000000100000000000000000000000000000000000100000100001000000000000000000000000000000000000000000000000
00000000000000000000000000000000000000000000000000000000000000100000000000000000000000000000000000000000000000000000000000000000
00000000000000000000000000000000000000000000000000000000100000000000000100000000000000000000000000000000000000000000000000000000
10000000000000000000000000000000000000000000000000100000000000000000000000000000000000000000000000000000000000000000000000000000
11000000000033300300000330030003033330333000000000003000000000000000000000000000003330003300300003000000000030000000000000000001
10000000000030030300003003003030030000300300000000033000000000000000000000000000003003030030300003000000000330000000000000000000
00000000000030030300003003000300030000300300000000003000000000000010000000000000003330030030300003000000000030000000000000000000
00000000000033300300003333000300033300333000000000003000000000000000000000000000003003033330300003000000000030000000000000000000
00000000000030000300003003000300030000303000000000003000000000010000000000000000003003030030300003000000000030100000000000000000
00000000000030000333303003000300033330300300000100003000000000000000000000010000003330030030333303333000000030000000000000000000
00000000000000000000000000000000000000000000000000000000000000000000000000100000000000000000000000000000000000000000000000000000
