00000000000000000000000000000000000000000000000000000000000000000000000000000000000000000000000000000000000000000000000000000000
00000000000000000000000000000000000000000000000000000000000000000000000000000000000000000000000000000000000000000000000000000000
00000000000000000000000000000000000000000000000000000000000000000000000000000000000000000000000000000000000000000000000000000000
00000000000000000000000000000000000000000000000000000000000000000000000000000000000000000000000000000000000000000000000000000000
00000333333333333330000000000000000000000000000000000000000000000000000000000333000000000000033333330000000000000000000000000000
00000003333331113333300000000000000000000000000000000000000000000030000000003333310000000000000333331100000000000000000000000000
00000000333331100333331000000000000000000000000000000000000000000030100000003333311000000000000333331100000000000000000000000000
00000000333331100033331100000000000000000000000000000000000000000330100000003333311000000000000333331100000000000000000000000000
00000000333331100033333100000000000000000000000000000000000000003331100000000333111000000000000333331100000000000000000000000000
00000000333331100033333110000000000000000000000000000000000000033331100000000001110000000000000333331100000000000000000000000000
00000000333331100033333110000000000000000000000000000000000000333331100000000000000000000000000333331100000000000000000000000000
00000000333331100033333110000333333000000003333333000333000003333333330000333333300000000033300333331100000003333330000000000000
00000000333331100033331110033001333330000000033333133333310033333333331100003333311000003333133333331100000330013333300000000000
00000000333331100333331100333110033333100000033333310333311000333331111100003333311000033331113333331100003331100333331000000000
00000000333331103333311103333110033333110000033333311333311000333331100000003333311000033331100333331100033331100333331100000000
00000000333333333331111003333110033333110000033333111033111000333331100000003333311000333331100333331100033331100333331100000000
00000000333331111111100000333110033333110000033333110000110000333331100000003333311000333331100333331100003331100333331100000000
00000000333331100000000000001113333333110000033333110000000000333331100000003333311000333331100333331100000011133333331100000000
00000000333331100000000000000330033333110000033333110000000000333331100000003333311000333331100333331100000003300333331100000000
00000000333331100000000000033301100000010000000330000000000000333000000000000003300000033331100330000000000000011000000100000000
00000000333331100000000000333311003333000033330000333300000000330033330000333300003333003331100300333300003333000033330000000000
00000000333331100000000003333311033333300333333003333330000000330333333003333330033333303331100303333330033333300333333000000000
00000000333331100000000003333311033003300330033003300330000000330330033003300330033003303333100303300330033003300330033000000000
00000000333331100000000003333311000033300330033003300330000000330330033003300330033003303333113303300330033003300330033000000000
00000003333333100000000003333333030333000330033003300330000000030330033003300330033003303333330303300330033003300330033000000000
00000333333333330000000000333311110033300330033003300330000000000330033003300330033003300333311303300330033003300330033011000000
00000001111111111100000000001111000003300330033003300330000000000330033003300330033003300001111003300330033003300330033000000000
00000000000000000000000000000000033003300330033003300330000000000330033003300330033003300000000003300330033003300330033000000000
00000000000000000000000000000000033333300333333003333330000330000333333003333330033333300003300003333330033333300333333000000000
00000000000000000000000000000000003333000033330000333300000330000033330000333300003333000003300000333300003333000033330000000000
00000000000000000000000000000000000000000000000000000000000000000000000000000000000000000000000000000000000000000000000000000000
00000000000000000000000000000000000000000000000000000000000000000000000000000000000000000000000000000000000000000000000000000000
