00010000000000001000000000000000000000000100000000000000000000000000000000000000000000000000000000000001000000000000000000000000
00000000000000011100000330000000333330000000000030000000000330010000333300000000333330000000000033333000000033333000000000003300
00000000000000001000003330000003333333000000000330000000003330000003333330000003333333000000000333333300000333333300000000033000
00000000000000000000033330000033300033300000000330000000033330000033000033000033300033300000003330003330003330003330000000330000
00000000000000000000000330000033000003300000003330000000000330000330000003300033000003300000003300000330003300000330000003300000
00000000000000000000000330000033000003300000003330000000000330000330000003300033000003300000003300000330000000000330000033000000
00000000000000000000000330000000000003300000033330000000000330000330010003300000000103300000000000000330000000000330000333330000
00000010000000000000000330000000000003300000330330100000000330000330000003300000000003300000000000000330010000003300003333333000
00000000000000000000000330010000000033000000330330000000100330000330000003300100000033000000000000003300000000333301003330033300
00000000000000000000000330000000000033000003300330000000000330000330000003300000000033000000000000003300000000333300033300003330
00000000000000000000000330000000000330000033300330000000000330000330001003300000000330000100000000033000000000003330033000000330
00000000000000000000000330000000003300000333000330000000000330000330000003300000003300000000000000330000000000000330033000000330
00000000000000000000000330000000033001000333333333300000000330000330000003300000033000000000000003300000000000000330033000000330
00000000000000001000000330000000330000000333333333300000000330000330000003300000330000000000000033000000033000000330033300003330
00000000000000000000000330000003300000000000000330000000000330000033000033000003300000000000000330000000033300003330003330033300
00000000000000000000000330000033333333300000000330000330000330000003333330000033333333300330003333333330003333333300000333333000
00000000000000000000000330010333333333300000000330000330000330000000333300000333333333300330033333333330000033333000000033330000
00000000100000000000000000000000000000000000000000000000000000000010000000000000000000000000000000000000000000000000000000000000
00010000000000000000000000000000000000000000000000000000000000100000001000100000000000000000000000000000000000000000000000000000
00000000000000000000000000000000000000000100000000000000000000000000000000000000000000000000000000000000000000000000000000000000
00000000000000000000000000000000000000000000000000000100010000000000100000000000000000000000000000000000000000000000000000000000
00000000000000000000000000000000000000000000000000000000000000000000000000000000010000100000000000000000000100000000000000000000
00000000000000000010000000000000000000000000010000000000000000000000000000000100000000000000000000000000000000000000000000000000
00000000000000000000000000000000000000000000000000000000000000000100000000000000000000000000000000000000000000000000000000000000
00000000000000000000000000000000000000000000000000000001000000100000000000000000000000000000000000000000000000000000000000000000
00000000000033300300000330030003033330333000000000003000000000000000001000000000033303030333033000300000330003003000300000000010
00000000000030030300003003003030030000300300000000033000000000000000000000000000030003030030030303030000303030303000300000000000
00000000000030030300003003000300030000300300000000003000000000000010000000010000030000300030030303030000330030303000300000000000
00000000100033300300003333000300033300333000000000003000010000100000000000000000033000300030033003330000303033303000300000000000
00000000000030000300003003000300030000303000000000003000000000000000000000000000030003030030030303030000303030303000300000000000
00000000000030000333303003000300033330300300001000003000000000000000000000000000033303030030030303030000330030303330333000000000
00000000000000000000000000000000000000000000000000000000000000000000000100000000000000000000000000000000000000000000000000000000
