00000000000000000000000000000000000000000000000000000000000000000000000000000000000000000000000000000000000000000000000000000000
00000000000000000000000000000000000000000000000000000000000000000000000000000000000000000000000000000000000000000000000000000000
00000000000000000000000000000000000000000000000000000000000000000000000000000000000000000000000000000000000000000000000000000000
00000000000000000000000000000000000000000000000000000000000000000000000000000000000000000000000000000000000000000000000000000000
00000000000000000000000000000000000000000000000000000000000000000000000000000000000000000000000000000000000000000000000000000000
00000000000000000000000000000000000000000000000000000000000000000000000000000000000000000000000000000000000000000000000000000000
00000000000000000000000000000000000000000000000000000000000000000000000000000000000000000000000000000000000000000000000000000000
03333333333330000000000000000000033333000000000000000000003333333333333330000000000000000000000000000000000000000000000000000000
00133331113333300000000000000000003333100000000000000000000133331111113331000000000000000000000300000000000000000000000000000000
00033331000333310000000000000000003333100000000000000000000033331000000331000000000000000000003310000000000000000000000000000000
00033331000033330000000000000000003333100000000000000000000033331000000031000000000000000000003310000000000000000000000000000000
00033331000033331000000000000000003333100000000000000000000033331000300031000000000000000000033310000000000000000000000000000000
00033331000033331000000000000000003333100000000000000000000033331000310001000000000000000003333310000000000000000000000000000000
00033331000333311000003333330000003333100000333333000000000033331003310000003333330333330033333333300333330033300000033333300000
00033331003333110000033311333000003333100033011133300000000033331033310000000333311033111001333311110033331333330003301113330000
00033333333331100000333110033300003333100333100033330000000033333333310000000033330031100000333310000033333033331033310003333000
00033331113333300000333100033310003333100333300033331000000033331133310000000033331301000000333310000033331103311033330003333100
00033331000133330003333100033330003333100033110033331000000033331003310000000003333010000000333310000033331000110003311003333100
00033331000033333003333100033331003333100001103333331000000033331000310000000000333300000000333310000033331000000000110333333100
00033331000033333103333100033331003333100000330133331000000033331000310000000000000000000000000310000033300000000000000013333100
00033331000033333103333100033331003333100033311033331000000033331000010003000000033333300033330010000033003333000033330003333100
00033331000033333100333100033331003333100333310033331000000033331000000003100003033333300333333010000033033333300333333003333100
00033331000333331100333100033311003333100333310333331000000033331000000033100003033000000330033010300033033003300330033033333100
00033331003333311000033300333110003333100333333033333000000033331000003331100330033000000330033033010033033003300330033003333300
03333333333331110000003333331100033333300033331103331100003333333333333331003333033333000330033031100333033003300330033010333110
00111111111111000000000111111000001111110001111000111000000111111111111111000111033333300330033011000011033003300330033000011100
00000000000000000000000000000000000000000000000000000000000000000000000000000000000003300330033000000000033003300330033000000000
00000000000000000000000000000000000000000000000000000000000000000000000000000000033003300330033000000000033003300330033000000000
00000000000000000000000000000000000000000000000000000000000000000000000000000000033333300333333000033000033333300333333000000000
00000000000000000000000000000000000000000000000000000000000000000000000000000000003333000033330000033000003333000033330000000000
00000000000000000000000000000000000000000000000000000000000000000000000000000000000000000000000000000000000000000000000000000000
00000000000000000000000000000000000000000000000000000000000000000000000000000000000000000000000000000000000000000000000000000000
