00000000000000000000000000000000000000000000000000000000000000000000000000000000000000000000000000000000000000000000000000000000
00000000000000000000000000000000000000000000000000000000000000000000000000000000000000000000000000000000000000000000000000000000
00000000000000000000000000000000000000000000000000000000000000000000000000000000000000000000000000000000000000000000000000000000
00000000000000000000000000000000000000000000000000000000000000000000000000000000000000000000000000000000000000000000000000000000
00000000000000000000000000000000000000000000000000000000000000000000000000000000000000000000000000000000000000000000000000000000
00000000000000000000000000000000000000000000000000000000000000000000000000000000000000000000000000000000000000000000000000000000
00000000000000000000000000000000000000000000000000000000000000000000000000000000000000000000000000000000000000000000000000000000
03333333333330000000000000000000033333000000000000000000003333333333333330000000000000000000000000000000000000000000000000000000
00133331113333300000000000000000003333100000000000000000000133331111113331000000000000000000000300000000000000000000000000000000
00033331000333310000000000000000003333100000000000000000000033331000000331000000000000000000003310000000000000000000000000000000
00033331000033330000000000000000003333100000000000000000000033331000000031000000000000000000003310000000000000000000000000000000
00033331000033331000000000000000003333100000000000000000000033331000300031000000000000000000033310000000000000000000000000000000
00033331000033331000000000000000003333100000000000000000000033331000310001000000000000000003333310000000000000000000000000000000
00033331000333311000003333330000003333100000333333000000000033331003310000003333330333330033333333300333330033300000033333300000
00033331003333110000033311333000003333100033011133300000000033331033310000000333311033111001333311110033331333330003301113330000
00033333333331100000333110033300003333100333100033330000000033333333310000000033330031100000333310000033333033331033310003333000
00033331113333300000333100033310003333100333300033331000000033331133310000000033331301000000333310000033331103311033330003333100
00033331000133330003333100033330003333100033110033331000000033331003310000000003333010000000333310000033331000110003311003333100
00033331000033333003333100033331003333100001103333331000000033331000310000000000333300000000333310000033331000000000110333333100
00033331000033333103333100033331003333100000330133331000000033330000000000000000333310000000000310000003300000000000033013333100
00033331000033333103333100033331003333100033311033331000000033330333333000333300333330000033330000333300003333000003331103333100
00033331000033333100333100033331003333100333310033331000000033330333333003333330033331000333333003333330033333300033331003333100
00033331000333331100333100033311003333100333310333331000000033330330000003300330103333000330033003300330033003300033331033333100
00033331003333311000033300333110003333100333333033333000000033330330000003300330103333300330033003300330033003300033333303333300
03333333333331110000003333331100033333300033331103331100003333330333330003300330303333330330033003300330033003300003333110333110
00111111111111000000000111111000001111110001111000111000000111110333333003300330110111110330033003300330033003300000111100011100
00000000000000000000000000000000000000000000000000000000000000000000033003300330000000000330033003300330033003300000000000000000
00000000000000000000000000000000000000000000000000000000000000000330033003300330000000000330033003300330033003300000000000000000
00000000000000000000000000000000000000000000000000000000000000000333333003333330000330000333333003333330033333300003300000000000
00000000000000000000000000000000000000000000000000000000000000000033330000333300000330000033330000333300003333000003300000000000
00000000000000000000000000000000000000000000000000000000000000000000000000000000000000000000000000000000000000000000000000000000
00000000000000000000000000000000000000000000000000000000000000000000000000000000000000000000000000000000000000000000000000000000
