00000000000000000000000000000000000000000000000000000000000000000000000000000000000000000000000000000000000000000000000000000000
00000000000000000000000000000000000000000000000000000000000000000000000000000000000000000000000000000000000000000000000000000000
00000000000000000000000000000000000001111111000001111100001100001100110000110001111100000000000000000000000000000000000000000000
00000000000000000000000000000000000001333333300011333330001330001330133000133011333330000000000000000000000000000000000000000000
00000000000000000000000000000000000001333333330113333333001333001330133000133013333333000000000000000000000000000000000000000000
00000000000000000000000000000000000001330001330133300033301333301330133000133013300033000000000000000000000000000000000000000000
00000000000000000000000000000000000001331111330133000013301333301330133000133013311100000000000000000000000000000000000000000000
00000000000000000000000000000000000001333333300133000013301331331330133000133003333330000000000000000000000000000000000000000000
00000000000000000000000000000000000001333333330133000013301330331330133000133000333333000000000000000000000000000000000000000000
00000000000000000000000000000000000001330001330133000113301330133330133001133011000133000000000000000000000000000000000000000000
00000000000000000000000000000000000001331111330033311133301330033330033311333013311133000000000000000000000000000000000000000000
00000000000000000000000000000000000001333333330003333333001330003330003333330003333333000000000000000000000000000000000000000000
00000000000000000000000000000000000000333333300000333330000330000330000333300000333330000000000000000000000000000000000000000000
00000000000000000000000000000000000000000000000000000000000000000000000000000000000000000000000000000000000000000000000000000000
00000000000000000000000000000000000000000000000000000000000000000000000000000000000000000000000000000000000000000000000000000000
00000000000000000000011111111111000001111100000011111111100000000011111000000111111111110011111111111000000000000000000000000000
00000000000000000000013333333333300001333330000013333333330000001113333310000133333333333013333333333300000000000000000000000000
00000000000000000000013333333333300001333330000013333333333000011333333333300133333333333013333333333300000000000000000000000000
00000000000000000000003333333333300011333330000013333333333300113333333333330133333333333003333333333300000000000000000000000000
00000000000000000000000001333000000013331333000013330000133300133330000033330133300000000000001333000000000000000000000000000000
00000000000000000000000001333000000013331333000013330000133000000000000000000000300000000000000033000000000000000000000000000000
00000000000000000000000001333000000013330333000013331111133000000000000000000000311100000000000033000000000000000000000000000000
00000000000000000000000001333000000113300133300013333333330000030000111100000000333300000000000033000000000000000000000000000000
00000000000000000000000001333000000133300133300013333333300000030000133300000000333300000000000033000000000000000000000000000000
00000000000000000000000001333000000133311133300013333333000000330000133300000000333300000000000033000000000000000000000000000000
00000000000000000000000001333000001133333333300013330030000000330000033300000000300000000000000033000000000000000000000000000000
00000000000000000000000001333000001333333333330013330000000000130000000000000000000000000000000003000000000000000000000000000000
00000000000000000000000001333000001333333333330013330000000000000000000000000000000000000000000000000000000000000000000000000000
00000000000000000000000001333000011333000003330013330000000000003000000000030000000000030000000000000000000000000000000000000000
00000000000000000000000001333000013330000001333013330000000000000300000000300100000000330000000000000000000000000000000000000000
00000000000000000000000000333000003330000000333003330000000000000000000000000030000003330000000000000000000000000000000000000000
00000000000000000000000000000000000000000000000000000000000000000000000000000000000000000000000000000000000000000000000000000000
