33333333333333333333333333333333333333333333333333333333333333333333333333333333333333333333333333333333333333333333333333333333
33333333333333333333333333333333333333333333333333333333333333333333333333333333333333333333333333333333333333333333333333333333
33333333333333333333333333333333333333333333333333333333333333333333333333333333333333333333333333333333333333333333333333333333
33333333333333333333333333333333333333333333333333333333333333333333333333333333333333333333333333333333333333333333333333333333
33333333333333333333333333333333333333333333333333333333333333333333333333333333333333333333333333333333333333333333333333333333
33333333333333333333333333333333333333333333333333333333333333333333333333333333333333333333333333333333333333333333333333333333
33333333333333333333333333333333333333333333333333333333333333333333333333333333333333333333333333333333333333333333333333333333
30000000000003333333333333333333300000333333333333333333330000000000000003333333333333333333333333333333333333333333333333333333
33100001110000033333333333333333330000133333333333333333333100001111110001333333333333333333333033333333333333333333333333333333
33300001333000013333333333333333330000133333333333333333333300001333333001333333333333333333330013333333333333333333333333333333
33300001333300003333333333333333330000133333333333333333333300001333333301333333333333333333330013333333333333333333333333333333
33300001333300001333333333333333330000133333333333333333333300001333033301333333333333333333300013333333333333333333333333333333
33300001333300001333333333333333330000133333333333333333333300001333013331333333333333333330000013333333333333333333333333333333
33300001333000011333330000003333330000133333000000333333333300001330013333330000003000003300000000033000003300033333300000033333
33300001330000113333300011000333330000133300311100033333333300001300013333333000011300111331000011113300001000003330031110003333
33300000000001133333000113300033330000133000133300003333333300000000013333333300003301133333000013333300222122221033310003333000
00033331113333300000333100033310003333100333300033331000000033331133310000000033331301000000333310000033331103311033330003333100
00033331000133330003333100033330003333100033110033331000000033331003310000000003333010000000333310000033331000110003311003333100
00033331000033333003333100033331003333100001103333331000000033331000310000000000333300000000333310000033331000000000110333333100
00033331000033333103333100033331003333100000330133331000000033331000310000000000333310000000333310000033331000000000033013333100
00033331000033333103333100033331003333100033311033331000000033331000010003000000333330000000333310000033331000000003331103333100
00033331000033333100333100033331003333100333310033331000000033331000000003100003033331000000333310000033331000000033331003333100
00033331000333331100333100033311003333100333310333331000000033331000000033100003103333000000333310300033331000000033331033333100
00033331003333311000033300333110003333100333333033333000000033331000003331100330103333300000333333010033331000000033333303333300
03333333333331110000003333331100033333300033331103331100003333333333333331003333303333330000013331100333333000000003333110333110
00111111111111000000000111111000001111110001111000111000000111111111111111000111110111111000000111000011111100000000111100011100
00000000000000000000000000000000000000000000000000000000000000000000000000000000000000000000000000000000000000000000000000000000
00000000000000000000000000000000000000000000000000000000000000000000000000000000000000000000000000000000000000000000000000000000
00000000000000000000000000000000000000000000000000000000000000000000000000000000000000000000000000000000000000000000000000000000
00000000000000000000000000000000000000000000000000000000000000000000000000000000000000000000000000000000000000000000000000000000
00000000000000000000000000000000000000000000000000000000000000000000000000000000000000000000000000000000000000000000000000000000
00000000000000000000000000000000000000000000000000000000000000000000000000000000000000000000000000000000000000000000000000000000
