10000021000000000000000000000000000000000000000000000000333333332111100111233333333322210000000000000000000001122333333333322100
10333011000000000300000003003330030000000300030003000000333333333200110111133332233333310000000000000000000012233333333333333100
10333011000000003030000030003000303000003030303030300000333333333201111011123221022212332211122000000000001223333333333333333200
10033011000000000030000030303300003000000030030030300000333333333300200011112221000101232211233322110000012333333333333333333200
12033001000000000300000033300030030000000300003030300000333333333320121211112322000000210112233333332100122333333333333333333200
11033001000000003000000000303030300000003000303030300000333333333331232321111232211010100211133211233211333333333333333333333200
01033000000000003330030000300300333003003330030003000000333333333333333333211123332110001211123200111211333333222233333333333200
01033000000000000000000000000000000000000000000000000000333333333333333333332111233221111221112210000111232232211222333333333200
00000000011101111100122223333223323332333333333333333333333333333333333333333300112333333332112221001011131111111111233333333200
01100000000011111000122222232322323222223233333333333333333333333333333333333310111333333333332222111001122111001111123323333200
00000000000011101100122222222332222222222332333333333333333333333333323222333310001233333333333212222212222221100000112332333200
00001000000011101100112222222232222222223222233333333333333333333333323222333310001233333322333321113333333222221100011232233200
00001000000000010000112222222222222222223222333333333333333333333333112221222111111233333332323211113333333312333221011233233300
01101000000000111000122222222222222222222222323333333333333333333333011111111111112233222222332111113333223321333332110123223200
00000000000000010000112112222222222122222222223333333333333333333332222222222222112333211111111111222332222222333332210123223200
00000000000000000010111121222222222122222222233333333333333333333333333333333333323333322221112222322222122232221121100113223300
00000000000000000000111111222222222222222222233333333333333333333333333333333333333333333332223333332322222331000000001113323300
00100000000000000000012112112222222222222222223333333333333333333333333333333333333333333333333333333333333331000000000113323300
01000000000000000000011112111212222222222222223333333333333333333333333333333333333333333333333333323333333210000000000113323200
01100000000000000000011222222212222222222222223333333333333333333321222233333333333321111233333333211233333100000000000113223200
01000000000000000000001222222222222222222222232333333333332333333200010123333333333331000123333333210123333210000000000123223200
00000000000000000000001122122221222222212222233333333333332333333200000013333333333333100013333333331023333320000000000122223200
00100000000000000000000122222222222222222222233233333333323333333321000001333333333333210002333333332012333332000000000122123200
01100000000000100000000112222222122222222222333333333333323333333332110010233333333333321001233333333211333332100000001222233200
01100000000000000000000000000000000000000000003233300033233333333333210000133333333000000000000000000020130000200000001222233200
01100000001000330300300330003300333000330033300333003032233333333333321100013333330333000330030000033001100330000000012222333200
01101000000000030300303003030030300303003030030233033022333333333333331001112333330300303003030000300301103003000000122223322100
01111000010000030300303000030030300303003030030333003023333333333333332100111233330333003003030000300300100003011011222223322200
01111101000000030300303033033330300303003033330333303033333333333333333200011233330300303003030000333300100330011112222222222100
01111101110030030300303003030030300303003030300333303033333333333333333200011233330300303003030000300300003000022122222222222100
11111101111003300033000330030030333000330030030332203033333333333333332000001222110333000330033330300300003333011222222222222100
01111111111100000000000000000000000000000000002221100033333333333333220000000000000000000000000000000000000000011122222222222200
