00000000000000000000000000000000000000000000000000000000000000000000000000000000000000000000000000000000000000000000000000000000
00000000000000000000000000000000000000000000333330000000000330011100333300000000333330000000000033333000000033333000000000003000
00000000000000000000000000000000000000000003333333000000003330333003333330000003333333000000000333333300000333333300000000033000
00000000000000000000000000000000000000000033300033300000033330330033300333000033300033300000003330003330003330003330000000033000
00000000000000000000000000000000000000000033000003300000000330330330000003300033000003300000003300000330003300000330000000333000
00000000000000000000000000000000000000000033000003300001330330330330333303300033000003300000003300000330003300000330000000333000
00000000000000000000000000000000000000000000000003300003330330330330333303302000000003300000000000000330000000000330000003333000
00000000000000000000000000000000000000000000000003300023330330330330033003303100000003300000000000000330000000000330000033033000
00000000000000000000000000000000012210000000000033000233330330310333000033303200000033000000000000003300000000003300000033033000
00000000000000000000000000000000133333100000000033000333330330300033333333001320000033000000000000003300000000003300000330033000
00000000000000000000000000000000233333200000000330001333330330322003333333000020000330000000000000033000000000033000003330033000
00000000000000000000000000000001332223310000003300003333330330333300003330022221003300000000000000330000000000330000033300033000
00000000000000000000000000000001222112320000033000123333330330333333003300333330033000000000000003300000000003300000033333333330
00000000000000000000000000000000221112310000330012233333330330333330033003333300330000000000000033000000000033000000033333333330
00000000000000000000000000000000111122210003300000000000330330333300330033333003300000000000000330000000000330000000000000033000
00000000000000000000000000000000000112210033333333300330320330333003300333330033333333300330003333333330003333333330000000033000
00000000000000000000000000000000000122100333333333300330220330333033003332330333333333300330033333333330033333333330000000033000
00000000000000000000000000122221110112110000000000000000230000233000033332230000000000000000000000000000000000000000000000000000
00000000000000000000000012223332111122111111110110322222333333233333333333313332000000000000000000000000000000000000000000000000
00000000000000000000000122123322111111000001000010222322333333323333223333322332000000000000000000000000000000000000000000000000
00000000000000000000000221122221010000000000000000222222333333323333233333322331000000000000000000000000000000000000000000000000
00000000000000000000000120012211010000000001001211122222333333323333233333322330000000000000000000000000000000000000000000000000
00000000000000000000000110001110011000111122112221122222333333323333233333322310000000000000000000000000000000000000000000000000
00000000000000000000000110000000011111211211122222212222233333323323333333323300000000000000000000000000000000000000000000000000
00000000000000000000000000000000000000000000001010100022223333332223323333223200000000000000000000000000000000000000000000000000
00000000000000330300300330003300333000330033300000003022232233332222323332233000000333000330030000033000000030000000000000000000
00000000000000030300303003030030300303003030030000033012222332222222233322332000000300303003030000300300000330000000000000000000
00000000000000030300303000030030300303003030030000003001222222222222233333330000000333003003030000300300000030000000000000000000
00000000000000030300303033033330300303003033330000003000122212222222223333210000000300303003030000333300000030000000000000000000
00000000000030030300303003030030300303003030300000003000012212222222222221000000000300303003030000300300000030000000000000000000
00000000000003300033000330030030333000330030030000003000001122222222222210000000000333000330033330300300000030000000000000000000
00000000000000000000000000000000000000000000000000000000000001122211110000000000000000000000000000000000000000000000000000000000
