00000000000000000000000000000000000000000000000000000000000000000000000000000000000000000000000000000000000000000000000000000000
00000000000000000000000000000000000000000000000000000000000000000000000000000000000000000000000000000000000000000000000000000000
00000000000000000000000000000000000000000000000000000000000000000000000000000000000000000000000000000000000000000000000000000000
00000000000000000000000000000000000000000000000000000000000000000000000000000000000000000000000000000000000000000000000000000000
00000000000000000000000000000000000000000000000000000000000000000000000000000000000000000000000000000000000000000000000000000000
00000000000000000000000000000000000000000000000000000000000000000000000000000000000000000000000000000000000000000000000000000000
00000000000000000000000000000000000000000000000000000000000000000000000000000000000000000000000000000000000000000000000000000000
00000033333333333003333330000000003333330033333300333333000000000000033333330000000000000000003333330000000003333330000000000000
00000331111111113003111130000000003111130031111300311113000000000003331111133300000000000000003111130000000003111130000000000000
00003313333311113003311130000000003111130033111300331113000000000033111111111330000000000000003311130000000003111130000000000000
00033113000331113000311130000000003333330003111300031113000000000331113333311133000000000000000311130000000003333330003333300000
00031113000033333000311130000000000000000003111300031113000000003311333000333113300000000000000311130000000000000000003111300000
00031113300000000000311130000000000000000003111300031113000000003113300000003311300000000000000311130000000000000000003111300000
00031111333333000000311130333333303333330003111300031113000000033113000000000311330333333033300311133333300003333330033111330000
00033111111113330000311130311111303111130003111300031113000000031113000000000311130311113331330311111111333003111130031111130000
00003311111111133000311130331133303311130003111300031113000000031113000000000311130331111111130311113331331221132203300222003333
33333000222222220033022203302003333022203330222033302220333333302220333333333022203302220002003022200300220033022203330222033333
33333330000002222033022200002033333022203330222033302220333333300220333333333022003302220300033022203330222033022203330222033333
33333333333300222033022222222033333022203330222033302220333333330220033333330022033302220333333022203330222033022203330222033333
33300000033330222033022200002003333022203330222033302220333333330022000333000220033302220333333022203330222033022203330222033333
33302222003330220033022203302200333022203330222033302220333333333002220000022200333302220333333022200300220033022203330222033333
33302222200000200330022203002220030022200300222003002220033333333300222222222003333002220033330022220002200330022200330222000333
33302220222222003330222203022222030222220302222203022222033333333330002222200033333022222033330222222222003330222220330022220333
33300000000000033330000003000000030000000300000003000000033333333333300000003333333000000033330000000000033330000000333000000333
33333333333333333333333333333333333333333333333333333333333333333333333333333333333333333333333333333333333333333333333333333333
33333333333333333333333333333333333333333333333333333333333333333333333333333333333333333333333333333333333333333333333333333333
33333333333333333333333333333333333333333333333333333333333333333333333333333333333333333333333333333333333333333333333333333333
33333333333333333333333333333333333333333333333333333333333333333333333333333333333333333333333333333333333333333333333333333333
33333333333333333333333333333333333333333333333333333333333333333333333333333333333333333333333333333333333333333333333333333333
33333333333333333333333333333333333333333333333333333333333333333333333333333333333333333333333333333333333333333333333333333333
33333333333333333333333333333333333333333333333333333333333333333333333333333333333333333333333333333333333333333333333333333333
33333333333333333333333333333333333333333333333333333333333333333333333333333333333333333333333333333333333333333333333333333333
