00000000000000000000000000000000000000000000000000000000000000000000000000000000000000000000000000000000000000000000000000000000
00000000000000000000000000000111100001111111000011111110011111100001100111111110000111110000011111000000000000000000000000000000
00000000000000000000000000001111110001111111100011111111011111110001110111111111001111111000111111100000000000000000000000000000
00000000000000000000000000011111111001111111110011111111011111111001110011111111011111111100111111110000000000000000000000000000
00000000000000000000000000011110011101110001110011100000011100011101110000111000011110001110111000110000000000000000000000000000
00000000000000000000000000011100001101111111110011111110011100011101110000111000011100001110111111000000000000000000000000000000
00000000000000000000000000011100000001111111100011111111011100011101110000111000011100001110011111100000000000000000000000000000
00000000000000000000000000011100011001111111000011111111011100011101110000111000011100001110001111110000000000000000000000000000
00000000000000000000000000011100111101110011100011100000011100111101110000111000011100011110110001110000000000000000000000000000
00000000000000000000000000001111111101110011100011111110011111111101110000111000001111111110111111110000000000000000000000000000
00000000000000000000000000000111111001110001110011111111011111111001110000111000000111111100011111110000000000000000000000000000
00000000000000000000000000000011110000110000111001111111001111110000110000011000000011111000001111100000000000000000000000000000
00000000000000000000000000000000000000000000000000000000000000000000000000000000000000000000000000000000000000000000000000000000
00000000000000000000000000000000000000000000000000000000000000000000000000000000000000000000000000000000000000000000000000000000
00000000000000000000000000000000000000000000000000000000000000000000000000000000000000000000000000000000000000000000000000000000
00000000000000000000000000000000000000000000000000000000000000000000000000000000000000000000000000000000000000000000000000000000
00000000000000000000000000000000000000000000000000000000000111000011110000000000000000000000000000000000000000000000000000000000
00000000000000000000000000000000000000000000000000000000000111000011110000000000000000000000000000000000000000000000000000000000
00000000000000000000000000000000000000000000000000000000000001000010010000000000000000000000000000000000000000000000000000000000
00000000000000000000000000000000000000000000000000000000000001000010010000000000000000000000000000000000000000000000000000000000
00000000000000000000000000000000000000000000000000000000000001000010010000000000000000000000000000000000000000000000000000000000
00000000000000000000000000000000000000000000000000000000000001000010010000000000000000000000000000000000000000000000000000000000
00000000000000000000000000000000000000000000000000000000000001000010010000000000000000000000000000000000000000000000000000000000
00000000000000000000000000000000000000000000000000000000000001000010010000000000000000000000000000000000000000000000000000000000
00000000000000000000000000000000000000000000000000000000000001000010010000000000000000000000000000000000000000000000000000000000
00000000000000000000000000000000000000000000000000000000000001000010010000000000000000000000000000000000000000000000000000000000
00000000000000000000000000000000000000000000000000000000000001000010010000000000000000000000000000000000000000000000000000000000
00000000000000000000000000000000000000000000000000000000000110000011110000000000000000000000000000000000000000000000000000000000
00000000000000000000000000000000000000000000000000000000000110000011110000000000000000000000000000000000000000000000000000000000
00000000000000000000000000000000000000000000000000000000000000000000000000000000000000000000000000000000000000000000000000000000
00000000000000000000000000000000000000000000000000000000000000000000000000000000000000000000000000000000000000000000000000000000
00000000000000000000000000000000000000000000000000000000000000000000000000000000000000000000000000000000000000000000000000000000
