00000000000000000000000000000001112222233333333333333333333332212212232221000000000000000012111000000000000000000000000000000000
01000000000000000000000000000011122222333333222223333333333333222222332221100001111000000012211000000000000000000000000000000000
00000000000010000000001000000011222223333332211123333333333333333333322221111112222100000001211100000000000000000000000000000000
00000000000000000000000000000111222223333332211123333333333333333333322221132222222100000001221100000000000000000000000000000000
00000011000000000000000000000111222233333332211221112333333333333333322211132222222210000001221100000000000000100000000000000000
00000000000000000000000000001112222233333332211232111333333333333333222211332222222221000010121110000000000000000000000000000000
00000000000000000000000000001112222233333332222232222333333333333333222211232222222221000010122110000000000000000000000000000000
00000000000000000000000000001122222333333332221133212333333333333333222221122222222221000001222110000000000000000000001000000000
00000000000000010000000000011122222333333333222222213333333333333333222221022222222221000001222111100000001000000000000000000100
00000000000000000000000000011122222333333333332222222333333333333333222221122222222222000000122211100000000000000000000000000000
00000000000000000000000000011122223333333223332222222333333333333333222221132222222222000000222211100000000000000000000000000000
00000000000000000000000000011122223333221001233322222333333333333333322221123222222232000001222211100000000000000000000000000000
00000000000000000000000000011122223332210000123333333333333333333333322222113322222221000002222211100000000000000000000000000000
00000000000000000000000100011222223332101100023333333333333333333333332222212332222220000002222211100000000000000010000000000000
00000000000000000000000000011222223332112211013333333333333333333333332221221333222210000012222211100000000000000000000000000000
00000000000000000000000000011222223332112321013333333333333333333333333222221322221100000122222211100000010000000000000000000000
00000000000000001000000000011222223332112310013333333333333333333333333322222211100000001223222211100000000000000000000000000000
00000000000010000000000000011222223332112310123333333333333333333333333332221111000000012333222211100000000000000000000000000000
00000000000000000000000000011222223332122211233333333333333333333333333333322211111121223333222211100000000000000000000000000000
00000000000000000000000000011222223332222112333333333222333333333333333333333222222233333333222211101000000000000000000000000000
00000000000000000000000010011222223333322223333333221111112333333333333333333333333333333333222211100000000000000000000000000000
00001000000000000000000000011122223333333223333333211111112333333333333333333333333333333333222211100000000000000000000000000000
00000000000000000000000000011122223333333333333332101111112333333333333333333333333333333333222211100000000000000000000000000000
00000000000000000000000000011122223333333333333332211222222233333333333333333333333333333332222211100000000000000000100000000000
00000000000000000000000000001122222333333333333332211122322223333333333333333222223333333332222110000000000000000000000000000000
00000000000000000000000000001112222333333333333333221122222222333333333333332222112233333332222110000000000000000000000000000000
00000000000000000000000000001112222233333333333333222221222223333333333333322211112223333322222110000000000000000000000000000000
00000000000000000000000000000112222233333333333333322222222333333333333333322101122223333322222100000000000100000000000000000000
00000000100000000000000000000111222233333333333333333222233333333333333333321001221122333222221100000000000000000000000000000000
00000000000000000000000000000111222223333333333333333333333333333333333333221112321122333222221100000000000000000010000000000100
00000000000000000000000000000011222223333333333333322211223333333333333333221112211223332222211000000000001000000000000000000000
00000000000000000000000100000011122222333333333333322100001333333332222333211011211223332222211000000000000000000000000000000000
