00010000000000001000000000000000000000000100000000000000000000000000000000000000000000000000000000000000000000000000000000000000
00000000000000011100000010000000000000000000000000003333300000010000000030000000000030000003300000000003300000033000000000003300
00000000000000001000000000000000010000000000000000033333330000000000000330000000000330000033300000000033300000333000000000033000
00000000000000000000000000000000000000000000000000333000333000000000000330000000000330000333300000000333300003333000000000330000
00000000000000000000000000000000000000000000010000330000033000000000003330000000003330000003300000000003300000033000000003300000
00000000000000000000000000000000000000000000000000330000033000000000003330100000003330000003300000000003300000033000000033000000
00000000000000000000000000000000000001000000000000000000033000000000033330000000033330000003300000000003300000033000000333330000
00000010000000000000000000000000000000000000000000100000033000001000330330000000330330000003300000000003300000033000003333333000
00000000000000000000000000010000000000000000000000000000330000000000330330000100330330000003300000000003300000033001003330033300
00000000000000000000000000000000000000000000000000000000330010000003300330000003300330000003300000000003300000033000033300003330
00000000000000000000000000000000000000000000000000000003300000000033300330000033300330000103300000000003300000033000033000000330
00000000000000000000000000000000000000000000000000000033000000000333000330000333000330000003300000000003300000033000033000000330
00000000000000000000000000000000000001000000000000000330001000000333333333300333333333300003300000000003300000033000033000000330
00000000000000001000000000000000000000000000000001003300000001000333333333300333333333300003300000000003300000033000033300003330
00000000000000000000000000000000000000000000000000033000000000000000000330000000000330000003300000000003300000033000003330033300
00000000000000000000000000000000000000000000000000333333333003300000000330000100000330000003300003300003300000033000000333333000
00000000000000000000000000010000000000000000001003333333333003300000000330000000000330000003300003300003300000033000000033330000
00000000100000000000000000000000000100000000000000000000000000000010000000000000000000000000000000000000000000000000000000000000
00010000000000000000000000000000000000000000000000000000000000100000001000100000000000000000000000000000000000000000000000000000
00000000000000000000000000000000000000000100000000000000000000000000000000000000000000000000000000000000000000000000000000000000
00000000000000000000000000000000000000000000000000000100010000000000100000000000000000000000000000000000000000000000000000000000
00000000000000000000000000000000000000000000000000000000000000000000000000000000010000100000000000000000000100000000000000000000
00000000000000000010000000000000000000000000010000000000000000000000000000000100000000000000000000000000000000000000000000000000
00000000000000000000000000000000000000000000000000000000000000000100000000000000000000000000000000000000000000000000000000000000
00000000000000000000000000000000000000000000000000000001000000100000000000000000000000000000000000000000000000000000000000000000
00000000000033300300000330030003033330333000000000003000000000000000001000000000003330003300300003000000000030000000000000000010
00000000000030030300003003003030030000300300000000033000000000000000000000000000003003030030300003000000000330000000000000000000
00000000000030030300003003000300030000300300000000003000000000000010000000010000003330030030300003000000000030000000000000000000
00000000100033300300003333000300033300333000000000003000010000100000000000000000003003033330300003000000000030000000000000000000
00000000000030000300003003000300030000303000000000003000000000000000000000000000003003030030300003000000000030000000100000000000
00000000000030000333303003000300033330300300001000003000000000000000000000000000003330030030333303333001100030000001110000000000
00000000000000000000000000000000000000000000000000000000000000000000000100000000000000000000000000000000000000000000100000000000
