00000000000000000000000000000000000000000000000000000000000000000000000000000000000000000000000000000000000000000000000000000000
00000000000000000000000000000000000000000000000000000000000000000000000000000000000000000000000000000000000000000000000000000000
00000000000000000000000000000000000000000000000000000000000000000000000000000000000000000000000000000000000000000000000000000000
00000003333333300033333330033300000000333000000000033333333303333333333333333333333333333330003333333333333300000033300000000000
00000003111111330331111133031300000003313300000000031111111333111111133111111133111111133133003133133111111330000331330000000000
00000003133333133313333313331300000003131300000000031333333133133333333333133333133333333113303133133133333133000313130000000000
00000003130003133133000331331300000003131300000000031300003133130000000003130003130000003131303133133130003313000313130000000000
00000003133333133130000031331300000033131330000000031300003133133333330003130003133333333131333133133130000313003313133000000000
00000003111111333130000031331300000031333130000000031333333133111111130003130003111111133133133133133130000313003133313000000000
00000003133333133130000031331300000331333133000000031111111333133333330003130003133333333133133133133130000313033133313300000000
00000003130003133130000031331300000311111113000000031333133303130000000003130003130000003133313133133130000313031111111300000000
00000003130003133133000331331300003313333313300000031303313303130000000003130003130000003130313133133130003313331333331330000000
00000003133333133313333313331333333133000331300000031300331333133333330003130003133333333130331133133133333133313300033130000000
00000003111111330331111133031111113130000031300000031300033133111111130003130003111111133130033133133111111330313000003130000000
00000003333333300033333330033333333330000033300000033300003333333333330003330003333333333330003333333333333300333000003330000000
00000000000000000000000000000000000000000000000000000000000000000000000000000000000000000000000000000000000000000000000000000000
00000000000000000000000000000000000000000000000000000000000000000000000000000000000000000000000000000000000000000000000000000000
00000000000000000000000000000000000000000000000000000000000000000000000000000000000000000000000000000000000000000000000000000000
00000003333333300033300003333333330000033300000000033300000333333000333333003333333333333333333300000333000033300000333000000000
00000003111111330331330003111111133000331330000000031330003313313000313313003111111133133111111330003313300031300000313000000000
00000003133333130313130003133333313000313130000000031130003113313000313313003333133333133133333130003131300031300000313000000000
00000003130003130313130003130000313000313130000000031133033113313000313313000003130003133130003130003131300031300000313000000000
00000003130003133313133003130000313003313133000000031313031313313000313313000003130003133133333130033131330031300000313000000000
00000003133333133133313003133333313003133313000000031313331313313000313313000003130003133111111330031333130031300000313000000000
00000003111111333133313303111111133033133313300000031331313313313000313313000003130003133133333130331333133031300000313000000000
00000003133333331111111303133313330031111111300000031331313313313000313313000003130003133130003130311111113031300000313000000000
00000003130000331333331333130331330331333331330000031331313313313303313313000003130003133130003133313333313331300000313000000000
00000003130000313300033133130033133313300033130000031333133313331333133313333333130003133133333133133000331331333333313333330000
00000003130000313000003133130003313313000003130000031303130313033111330311111133130003133111111333130000031331111113311111130000
00000003330000333000003333330000333333000003330000033303330333003333300333333333330003333333333303330000033333333333333333330000
00000000000000000000000000000000000000000000000000000000000000000000000000000000000000000000000000000000000000000000000000000000
00000000000000000000000000000000000000000000000000000000000000000000000000000000000000000000000000000000000000000000000000000000
