00000000000000000000000000000000000000000000000000000000000000000000000000010000100000000000000000000000111100000000000000000000
00000000000000010000000000000000000000000100000000000000000000000000000000000000000000000000000000000000011000000000000000000000
00000000000000010000000000000000000000000000000000000000000001000000000000000000000000000000000000000000000000000000000000000000
00000000000000111000000000000000001000000000000000001000000000000000000000000000000000000100000000000000000000000000000000000000
00000000000000010000000000000000000000000000000000000000000000000000000000000000000000000000000000000000000000000000000000000000
00000000000000010000000000000000000000000000010000000000100000000000000010000000000000000000000000000000000000000000000000000000
00000000000000000000000000000000000000000000000000000000000000000001000000000000100000000000000000000000000000000000000000000000
00000000000000000000000000000000000001000000000000100000000000100000000000000000000000000000000000000100000000000000000000000000
00000000000000000000000000000000000000000000000000000000000000000000000000010000000000000000000000000000000000000000000000000000
00000000000000000000000000001000000000000000000000000001000000000000000000000000000000000000000000000000000000000000000000000000
00000000000000000000000000000000000000000000000000000000000000000000100000000000000000000000000000000000000000000000000000000000
00000000000000000000000000000000000000000000000000000000000000000000000000000000000000100000000000000000000000000000000000000000
00000000000000000000000000000000000001000000000000000000100000000000000000000000000000000000000000000000000000000000000000000000
00000000000000000010000000000000000000000000000000000000000000001010000000000000000000000000000000000000000000000000000000000000
00000000000000000000000000000000000000000000000000000000000000000000000000000000000000000000000000000000000000000000000000100000
00000000000000000000000000001000000000000000000000000000000000000000100000000000000000000000000000000000000000000000000000000000
00000000000000000000000000000000000000000000000000000000000000000000000000000000000000000000000000000000000000000000000000000000
00000000000000000000000000000000000010000000000000000000000000000000000000000000000000000000000000000000000000000000000000000000
00000000000000000000000000000000000000000100000000000000000000001000100010000000000000000000000000000000000000000000000000000000
00000000000000000000000000000000000000000000000000000000000010000010000000000000000000000000000000000000000000000000000000000000
00000000000000000000000000000000000000000000000000001000000000000000000000000010000100000000000000000001000000000000000000000000
00000000000000000000000000000000000000000000010000000000000000000000000000010000000000000000000000000000000000000000000000000000
00000000000000000000000000000000000000000000000000000000000000010000000000000000000000000000000000000000000000000000000000000000
00000000000000000000000000000000000000001000000000000010000010000000000000000000000000000000000000000000000000000000000000000000
00000000000000000000000000000010000000000000000000100000000000000000100000000000000000000001000000000000000000000000000000000000
00000000000000000000000000000000000000000000000000000000000000000000000000000000000100000000000000000000000000000000000000000000
00000000000000000000000000000000000000000000000000000000000000001000000010000000003003030030300003000000003003000000000000000000
00000000000030030300003003000300030000300300000000003000100001000000000000000000003330030030300003000000000030000000000000000000
00000000000033300300003333000300033300333000001000003000000000000000000000000000003003033330300003000000000003000000000000000000
00000000000030000300003003000300030000303000000000003000000000000000010000000000003003030030300003000000003003000000000000000000
00000000000030000333303003000300033330300300000000003000000000000000000000000010003330030030333303333000000330000000000000000000
00000000000000000000000000000000000000000000000000000000000100000000000000000111000000000000000000000000000000000000000000000000
