00000000000000000000000000000000000000000000000000000000000000000000000000000000000000000000000000000000000000000000000000000000
00000333333303333003333033333330033333333303333333300000333300000333000000033333330333333333303333333000033333330003333333333000
00003311111303113003113031111133031111111303111111330000311300003313300000331111130311113111303111113300331111133003111111113000
00003113333303113003113031133113033113333303311331130000311300033111330003311333130331133133303113311303311333113303133113313000
00003113300003113003113031133113003113000000311331130000311300031111130003113303330031131130003113311303113303311303333113333000
00003111330003113003113031133113003113333000311111330000311300031131130003113000000031131330003113311303113000311300003113000000
00003311133303113003113031111133003111113000311113300000311300331111133003113000000031111300003111113303113000311300003113000000
00000333111303113003113031133330003113333000311311330000311300311111113003113000000031131330003113333003113000311300003113000000
00000003311303113003113031130000003113000000311311130033311300311333113003113303330031131133003113000003113303311300003113000000
00003333311303113333113031130000033113333303311331133031311303311303113303311333130331131113303113000003311333113300003113000000
00003111113303311111133031130000031111111303111331113031113303111303111300331111130311113111303113000000331111133000003113000000
00003333333000333333330033330000033333333303333333333033333003333303333300033333330333333333303333000000033333330000003333000000
00000000000000000000000000000000000000000000000000000000000000000000000000000000000000000000000000000000000000000000000000000000
00000000000000000000000000000000000000000000000000000000000000000000000000000000000000000000000000000000000000000000000000000000
00000000000000000000000000033333300000003333000000000000333300000000333300000000333300000000000033330000000033330000000033330000
00000000000000000000000000333333330000033333300000000003333330000003333330000003333330000000000333333000000333333000000333333000
00000000000000000000000000330000330000330000330000000033000033000033000033000033000033000000003300003300003300003300003300003300
00000000000000000000000003300000033003300000033000000330000003300330000003300330000003300000033000000330033000000330033000000330
00000000000000000000000003300000033003300000033000000330000003300330000003300330000003300000033000000330033000000330033000000330
00000000000000000000000003330000333003300000033000000330000003300330000003300330000003300000033000000330033000000330033000000330
00000000000000000000000000333333330003300000033000000330000003300330000003300330000003300000033000000330033000000330033000000330
00000000000000000000000000033333300003300000033000000330000003300330000003300330000003300000033000000330033000000330033000000330
00000000000000000000000000333333330003300000033000000330000003300330000003300330000003300000033000000330033000000330033000000330
00000000000000000000000003333003333003300000033000000330000003300330000003300330000003300000033000000330033000000330033000000330
00000000000000000000000003330000333003300000033000000330000003300330000003300330000003300000033000000330033000000330033000000330
00000000000000000000000003300000033003300000033000000330000003300330000003300330000003300000033000000330033000000330033000000330
00000000000000000000000003300000033003300000033000000330000003300330000003300330000003300000033000000330033000000330033000000330
00000000000000000000000003330000333000330000330000000033000033000033000033000033000033000000003300003300003300003300003300003300
00000000000000000000000000333333330000033333300003300003333330000003333330000003333330000330000333333000000333333000000333333000
00000000000000000000000000033333300000003333000003300000333300000000333300000000333300000330000033330000000033330000000033330000
00000000000000000000000000000000000000000000000000000000000000000000000000000000000000000000000000000000000000000000000000000000
00000000000000000000000000000000000000000000000000000000000000000000000000000000000000000000000000000000000000000000000000000000
