12222221000000000000000000000133322233333332111222333333333333333333333332101223332000001221000000000000000000000000000000000000
12222221000000000000000000000133322233333333111222233223333333333333333333311233332000111221000000000000000000000000000000000000
12222220000000000000000000000023321233333333101122223323333233333333333333333333322101111221000000000000000000000000000000000000
12222120000000000000000000000023322233333333200111222222333332111111111222233333333111111221011000121000000000000000000000000000
12222120000000000000000000000023332223333333200111122233333332000121000121123233333122222331123221233222222221000000000000000000
12221110000000000000000000000013332123333333200111122232223332000110000121123111122232222222233332233333333332210000000000111100
12211210000000000000000000000013332123333333310011122222223332100000000010012000001133322222212333323333333333331000000001222100
12111210000000000000000000000013332123333333310011122322223222210000011111011000000223332222111233333333333333333100000122222100
12111110000000000000000000000013332123333333310001122322222223210000023222211000001221122332110133333333333333333311222223333200
11111110000000000000000000000013331113333333310001122222222233211000033333333210001333333222110123333333333333333332333222332200
11111120000000000000000000000013332123333333310000122233332233211000033333333210000233333211100122333333333333333333321122332100
12111120000000000000000000000013332123333333310001122232222233221000033333333310000122223211100222333333333333333333221012322100
11111120000000000000000000000023331123333333300010122222223223221000133333333220000111111111100222222333232333333333322111222100
01111120000000000000000000000023321123333333200000122212233333221000033333333220000111011111101222222222232233333333333222222100
11111120000000000000000000000023321123333333100001112222333323321000023333333220000111011111100112222223223323333333333223333200
11111111000000000000000000000133321133333332000001122222222223221000023333333310000111011111101112222222222222333333222123333200
01111111000000000000000000000133321233333331000001122222233223221000023333333220000110010111100112222222222223333333112112221100
11111111000000000000000000000233211233333331000001122222232333222100133333333221000111000111000111222222222223333333222211221000
01111111100000000000000000001332211333333320000011122222233333332222333333333222110000011101100111222212222223333333333322210000
12111100100000000000000000002332112333333200000001222222223323333333333333333333331000001111000012222212222223333333332232210000
12111100110000000000000000012322112333332100000011222222222323333333333333333333331000000111110012222222222223333223322232200000
12221000021000000000000000023321123333331000000012222222222333333333333333333333331000011111111122222222222223333113332223210000
12221000012000000000000000133311123333310000001122222222222223333333333333333333331001111111111133222222222233333212333222321000
01012100001100000000000001333211233332100000001222222222222223333333333333333332222111111111111233212222222222333322233322331000
00001210000100000000000000000000000000000000002222200022222333333333333333322322232000000000000000000033323000333332133322222000
00000121000000330300300330003300333000330033300222003022223333333333333333333223330333000330030000033003330030233221122221111000
00000021100000030300303003030030300303003030030222033022233333333333333333333333330300303003030000300302220330111100011111110000
00000002100000030300303000030030300303003030030222003023333333333333333333333333330333003003030000300301110030000000001111111100
00000000210000030300303033033330300303003033330222203033333333333333333323333333330300303003030000333300000030000000000111111000
00000000121030030300303003030030300303003030300222203033333333333333333322222211110300303003030000300300000030000000000000110000
00000000012003300033000330030030333000330030030222203033333333333333333210000000000333000330033330300300000030000000000000000000
00000000001200000000000000000000000000000000002223300033333333333333331000000000000000000000000000000000000000000000000000000000
