00000000000000000000000000000000000000000000000000000000000000000000000000000000000000000000000000000000000000000000000000000000
00000000001000000000000330000000333300000003300000000000333330000000333300000000333300000000000033330000000033330000000033330000
00000000011100000000003330100003333330000033300000000003333333000003333330000003333330000000000333333000000333333000000333333000
00000000001000000000033330000033300333000333300000000033300033300033000033000033000033000000003300003300003300003300003300003300
00000000000000000000000330000330000003300003300000000033000003300330000003300330000003300001033000000330033000000330033000000330
00000000000000000000000330000330000003300003301000000033000003300330000003300330000003300000033000000330033000000330033000000330
00000000000000000000000330000330000003300003300000000000000003300330100003300330000003300000033000000330033000000330033000000330
00000000001000000000000330000330000003300003300000010000000003300330000003300330000003300000033000000330033000000330033000000330
00000000000000000000000330000333000033300003300000000000000033000330000003300330000003300000033000000330033000000330033000000330
00000000000000000000000330000033333333000003300000000000100033000330000003300330000003300000033000000330033000000330033000000330
00000000000000000000000330000003333333000003300000000000000330000330001003300330000003300000033000000330033000000330033000000330
00000000000000000000000330000000003330000003300000000000003300000330000003300330000003301000033000000330033000000330033000000330
00000000000000000000000330000000003300000003300000100000033000000330000003300330000003300000033000000330033000000330033000000330
00000000000000000001000330000000033000000003300000000000330001000330000003300330010003300000033000000330033000000330033001000330
00000000000000000000000330000000330000000003300000000003300000000033000033000033000033000000003300003300003300003300003300003300
00000000000000000000000330000003300000000003300003300033333333300003333330001003333330000330000333333000000333333000000333333000
00000000000000000000000330000033000000000003300003300333333333300000333300000000333300000330000033330000000033330000000033330000
00000000000000000000000000000000000001000000000000000000000000000000000000000000000000000000000000000000000000000000000000000000
00000000000000000000000000000000000000000010000000000000000000100000001001000000000000000000000000000000000000000000000000000001
00000000000000000000000000000000000000000000000000000000000000000000000000000000000000000000000000000000000000000000000000000000
00000000000000000000000000000000000000000000000000000100000000000000000000000000000001000000000000000000000000000000000000000000
00000000000000000000010000000000000000000000000000000000000000000000000000000100000000000000000000000000000000000000000000000000
00000000000000000000000000000000000000000000000100000000000000000100000000000000000000000000000000000000000000000000000000000000
00000000000000000000000000000000000000000000000000000000100000100000000000000000000000000000000000000000000000000000000000000000
00000000000000000000000000000000000000000000000000000001000000000000001000000000000000000000000000000000000000000000000000000000
00000000000033300300000330030003033330333000000000003000000000000000000000000000003330003300300003000000000330000000000000000000
00000000000030030300003003003030030000300300000000033000000000000100000000100000003003030030300003000000003003000000000000000000
00000000000030030300003003000300030000300300000000003000001000010000000000000000003330030030300003000000000003000000000000000000
00000000000033300300003333000300033300333000000100003000000000000000000000000000003003033330300003000000000330000000000000000000
00000000000030000300003003000300030000303000000000003000000000000000000000000000003003030030300003000000003000000000000000000000
01000000000030000333303003000300033330300300000000003000000000000000000100000000003330030030333303333000003333000000000000000000
11100000000000000000000000000000000000000000000000000000000000000000100000000000000000000000000000000000000000000000000000000000
