00000000000000000000000000000000000000000000000000000000000000000000000000000000000000000000000000000000000000000000000000000000
00000000000000000000000000000000000000000000000000000000000000000000000000000000000000000000000000000000000000000000000000000000
00000000000000000000000000000000000000000000000000000000000000000000000000000000000000000000000000000000000000000000000000000000
00003333333333000000000333333333333333330000000003333333000300000000033333330000000033333333333000000000333333333330000000000000
00000333333333333300000003333333333333330000000333311113333310000003331111333300000003333333333333000000033333333333330000000000
00000133333111333330000001333331111133331000003331111001333310000033331100133330000001333331111333330000013333311111333300000000
00000033333100033333000000333311000011331000033331100000133310000333311000003333000000033331100133330000000333310000333300000000
00000033333100033333000000333311000000331000333331000000033310000333110000003333000000033331000033333000000333310000033330000000
00000033333100003333100000333311000000031000333311000000003310003333110000000333300000033331000033333100000333310000033333000000
00000033333100003333100000333311000300031000333310000000003310003333100000000333310000033331000033333100000333310000003333100000
00000033333100003333100000333311000300031003333310000000000310033333100000000333330000033331000033333100000333310000003333300000
00000033333100033333100000333311000310001003333310000000000010033333100000000333331000033331000033333100000333310000003333310000
00000033333100033333100000333311003310000003333310000000000010033333100000000333331000033331000033333100000333310000003333310000
00000033333100033331100000333311003310000003333310000000000000033333100000000333331000033331000333331100000333310000003333310000
00000033333100333331100000333311033310000033333110000000000000333331100000000333331000033331000333311000000333310000003333310000
00000033333333333111000000333333333310000033333110000000000000333331100000000333331000033333333333111000000333310000003333310000
00000033333333331110000000333311133310000033333110000000000000333331000000000333331000033333333331110000000333310000003333310000
00000033333133333000000000333311013310000033333310000000000000333333000000000333331000033331333331000000000333310000003333310000
00000033333133333100000000333311003310000003333310000000000000033333100000000333331000033331033333000000000333310000003333310000
00000033333133333300000000333311000310000003333310000000000000033333100000000333331000033331033333100000000333310000003333310000
00000033333103333310000000333311000310003003333310000000000000033333100000000333331000033331003333300000000333310000003333310000
00000033333100333330000000333311000310003003333310000000000000033333100000000333311000033331003333330000000333310000003333310000
00000033333100333331000000333311000010033100333310000000000300003333100000000333310000033331000333330000000333310000033333110000
00000033333100333333000000333311000000031100333330000000000300003333100000003333310000033331000333331000000333310000033333100000
00000033333100033333300000333311000000331100033331000000003110000333300000003333110000033331000033333100000333310000033331100000
00000033333100003333300000333311000003331000003333000000333110000033310000033331100000333331000033333300003333310000333311100000
00000333333100003333330003333331003333331000001333330003331100000013330000033311000000333333000003333310003333330033333111000000
00003333333330000333333303333333333333331000000133333333111000000001333333333110000033333333330003333333033333333333311110000000
00000011111110000011111000111111111111111000000011333311110000000000013333111100000000111111100000111111000111111111111000000000
00000111111111000011111101111111111111111000000000111111000000000000001111110000000001111111111000011111110111111111100000000000
00000000000000000000000000000000000000000000000000000000000000000000000000000000000000000000000000000000000000000000000000000000
00000000000000000000000000000000000000000000000000000000000000000000000000000000000000000000000000000000000000000000000000000000
