00000000000000000000000000000000000000000000000000000000000000000000000000000000000000000000000000000000000000000000000000000000
00000000000000000000000000000000000000000000000000000000000000000000000000000000000000000000000000000000000000000000000000000000
00000000000000000000000000000000000000000000000000000000000000000000000000000000000000000000000000000000000000000000000000000000
00000000000000000000000000000000000000000000000000000000000000000000000000000000000000000000000000000000000000000000000000000000
00000000000000000000000000000000000000000000000000000000000000000000000000000000000000000000000000000000000000000000000000000000
00000000000000000000000000000000000000000000000000000000000000000000000000000000000000000000000000000000000000000000000000000000
00000000000000000000000000000000000000000000000000000000000000000000000000000000000000000000000000000000000000000000000000000000
00000000000000000000000000000000000000000000000000000000000000000000000000000000000000000000000000000000000000000000000000000000
00000000000000000000000000000000000000000000000000000000000000000000000000000000000000000000000000000000000000000000000000000000
00000000000000000000000000000000000000000000000000000000000000000000000000000000000000000000000000000000000000000000000000000000
00000000000000000000000000000000000000000000000000000000000000000000000000000000000000000000000000000000000000000000000000000000
00000000000000000000000000000000000000000000000000000000000000000000000000000000000000000000000000000000000000000000000000000000
00000000000000000000000000000000000000000000000000000000000000000000000000000000000000000000000000000000000000000000000000000000
00000000000000000000000000000000000000000000000000000000000000000000000000000000000000000000000000000000000000000000000000000000
00000000000000000000000000000000000000000000000000000000000000000000000000000000000000000000000000000000000000000000000000000000
00000000000000000000000000000000000000000000000000000000002222000002220000000000000000000000000000000000000000000000000000000000
00000000000000000000000000000000000000000000000000000000023333200023330000000000000000000000000000000000000000000000000000000000
00000000000000000000000000000000000000000000000000000000023333200023330000000000000000000000000000000000000000000000000000000000
00000000000000000000000000000000000000000000000000000000023223200022230000000000000000000000000000000000000000000000000000000000
00000000000000000000000000000000000000000000000000000000023003200000230000000000000000000000000000000000000000000000000000000000
00000000000000000000000000000000000000000000000000000000023003200000230000000000000000000000000000000000000000000000000000000000
00000000000000000000000000000000000000000000000000000000023003200000230000000000000000000000000000000000000000000000000000000000
00000000000000000000000000000000000000000000000000000000023003200000230000000000000000000000000000000000000000000000000000000000
00000000000000000000000000000000000000000000000000000000023003200000230000000000000000000000000000000000000000000000000000000000
00000000000000000000000000000000000000000000000000000000023003200000230000000000000000000000000000000000000000000000000000000000
00000000000000000000000000000000000000000000000000000000023003200000230000000000000000000000000000000000000000000000000000000000
00000000000000000000000000000000000000000000000000000000023223200022230000000000000000000000000000000000000000000000000000000000
00000000000000000000000000000000000000000000000000000000023333200023320000000000000000000000000000000000000000000000000000000000
00000000000000000000000000000000000000000000000000000000023333200023320000000000000000000000000000000000000000000000000000000000
00000000000000000000000000000000000000000000000000000000002222000022220000000000000000000000000000000000000000000000000000000000
00000000000000000000000000000000000000000000000000000000000000000000000000000000000000000000000000000000000000000000000000000000
00000000000000000000000000000000000000000000000000000000000000000000000000000000000000000000000000000000000000000000000000000000
