00000000000000000000000000000000000000000000000000000000000000000000000000000000000000000000000000000000000000000000000000000000
00000000000000000000000000000000000000000000000000000000000000000000000000000000000000000000000000000000000000000000000000000000
00000000000000000000000000000000000000000000000000000000000000000000000000000000000000000000000000000000000000000000000000000000
00000000000000000000000000000000000000000000000000000000000000000000000000000000000000000000000000000000000000000000000000000000
00000000033000300000000000000000000000000000000000000000000000000000000000000000000000000000000000000000000000000000000000000000
00000000033000300000000000000000000000000000000000000000000000000000000000000000000000000000000000000000000000000000000000000000
00000000033030300000000000000000000000000000000000000000000000000000000000000000000000000000000000000000000000000000000000000000
00000000033030300000000000000000000000000000000000000000000000000000000000000000000000000000000000000000000000000000000000000000
00000000033333300000000000000000000000000000000000000000000000000000000000000000000000000000000000000000000000000000000000000000
00000000003333300000000000000000000000000000000000000000000000000000000000000000000000000000000000000000000000000000000000000000
00000000003333300000000000000000000000000000000000000000000000000000000000000000000000000000000000000000000000000000000000000000
00000000003333300000000000000000000000000000000000000000000000000000000000000000000000000000000000000000000000000000000000000000
00000000003303300000000000000000000000000000000000000000000000000000000000000000000000000000000000000000000000000000000000000000
00000000003303300000000000000000000000000000000000000000000000000000000000000000000000000000000000000000000000000000000000000000
00000000000000000000000000000000000000000000000000000000000000000000000000000000000000000000000000000000000000000000000000000000
00000000011111100111111001111110000000000000000000000000000000000000000000000000000000000000000000000000000000000000000000000000
00000000011111100111111001111110000000000000000000000000000000000000000000000000000000000000000000000000000000000000000000000000
00000000000000000000000000000000000000000000000000000000000000000000000000000000000000000000000000000000000000000000000000000000
00000000000000000000000000000000000000000000000000000000000000000000000000000000000000000000000000000000000000000000000000000000
00000000000000000000000000000000000000000000000000000000000000000000000000000000000000000000000000000000000000000000000000000000
00000000000000000000000000000000000000000000000000000000000000000000000000000000000000000000000000000000000000000000000000000000
00000000000000000000000000000000000000000000000000000000000000000000000000000000000000000000000000000000000000000000000000000000
00000000000000000000000000000000000000000000000000000000000000000000000000000000000000000000000000000000000000000000000000000000
00000000000000000000000000000000000000000000000000000000000000000000000000000000000000000000000000000000000000000000000000000000
00000000000000000000000000000000000000000000000000000000000000000000000000000000000000000000000000000000000000000000000000000000
00000000000000000000000000000000000000000000000000000000000000000000000000000000000000000000000000000000000000000000000000000000
00000000000000000000000000000000000000000000000000000000000000000000000000000000000000000000000000000000000000000000000000000000
00000000000000000000000000000000000000000000000000000000000000000000000000000000000000000000000000000000000000000000000000000000
00000000000000000000000000000000000000000000000000000000000000000000000000000000000000000000000000000000000000000000000000000000
00000000000000000000000000000000000000000000000000000000000000000000000000000000000000000000000000000000000000000000000000000000
00000000000000000000000000000000000000000000000000000000000000000000000000000000000000000000000000000000000000000000000000000000
00000000000000000000000000000000000000000000000000000000000000000000000000000000000000000000000000000000000000000000000000000000
