22222222222211122222221100000000001000111111111111211112111111011111111222222222211222222221222222222222222222222222222212222111
22220002222200022222222100333000000000011111111001121111211111011111111112222222211112222221222222222222222222222221221112212111
22220302222203021200002103000301000003000000110001111111111110111111111112222222211111122221112222222222222222122211211111121111
22220302222203011203302103000301000003000000000001111111111111111111111111222222211111112121111211222222112221112211211111111110
22220302222203011203302103000300000003000011010000111111121111111111111111112222221111111111111212122221111222112211111111111110
11220002222200022200002100333000000000000011110000111111111111111111111111111211122111111111111112212222222222122211111111111110
11220302222203022200002103000300000003001111111100011110111111111111111111111111112111111111111111112222221222122211111111111100
21220302222203022203302203000300000003001111110000011100111111111111111111111111111111111111111111112222221222112221111111111110
22220302222203022203302203000300000003000110110000001100000111111111111111111111111111111111111111222222222222222221111111111100
21120002111200022200002200333000000000000000000000000000000111111111111111111111111111111111111111112211112222222221111111111110
21113332110122222222222210000000000000000000000000000000000010010001101111111111111111111111111111112211112222222211112222111110
11002322210012222222222221110000000000000000000000000000000000000000000001111111111111111111111111112221111222222211122222211100
21001222221112222200002221100000000000000000000000000000000000000000000000001110000001111111110000000021121000000211212222200000
21111222222112222003302222003333300000000000300000000000333333000333333333301100333300111111100333333001120033330022111121003000
22221222222222220033302220033333330000000003300000000003333333000333333333301003333330011111103333333302200333333001111222033000
22222222222222220333302220333000333000000003300000000003300000000000000033000033300333001111003300003300003300003300111220033000
22222222222222220003302220330010033000000033300000000003300000000000000033000330000003301111033001100330033002200330211220333011
22222222222222222203302220330110033000000033300000000003300000000000000330000330111103300111033001100330033022210330212200333011
21222222222222222203302220000211033000000333300000000033333330000000000330000330111103300111033300003330033022210330222003333000
21122222211222222203302222322220033000003303300000000033333330000000003300000330011003300011003333333300033011210330211033033000
21212222111222222203302222322220330010003303300000000033000033000000003300000333000033300000100333333001033011110330110033033000
22222222222222222203302222222200330210033003300000000000000003300000033000000033333333000000003333333300033021110330100330033000
12222222222222222203302222222003300200333003301011000000000003300000033000000003333333000000033330033330033021110330003330033000
12222111222222222203302223230033002203330003300011111000000003300000330000000000003330000000033300003330033022220330033300033000
22221111222222222203302232200330033303333333333022221000000003300000330000000000003300000000033000000330033012210330033333333330
22222222222222222203302323003300333303333333333022220030000033000003300000000000033000000000033000000330033001100330033333333330
22222222222222222203303320033000000000000003300000000333000333000003300000000000330000000000033300003330003300003300000000033000
22222222222222222203303300333333333033333303303303300033333330000033000000000003300000000330003333333300100333333001111113033022
22222222222222222203303303333333333033333303303303303003333300110333000000000033000000000330000333333000010033330011111122033022
22222222222222222200002200000000000033333300003300003300000002210000000000000000000000000000000000000000011000000222111222000022
22222222222223322222222233333333333333333333333333333333333333322121000000000000000000000000000000000000011111111222111222111222
22222222222222322222222333333333333333333333333333333333333333333222111100000000000000000000000000011100001111111122111222222222
