00000000000000000000000000000000000000000000000000000000000000000000000000000000000000000000000000000000000000000000000000000000
00000000000000000000000000000000000000000000000000000000000000000000000000000000000000000000000000000000000000000000000000000000
00000000000000000000000000000000000000000000000000000000000000000000000000000000000000000000000000000000000000000000000000000000
00000000000000000000000000000000000000000000000000000000000000000000000000000000000000000000000000000000000000000000000000000000
00000000000000000000000000000000000000000000000000000000000000000000000000000000000000000000000000000000000000000000000000000000
00000000000000000000000000000000000000000000000000000000000000000000000000000000000000000000000000000000000000000000000000000000
00000000000000000000000000000000000000000000000000000000000000000000000000000000000000000000000000000000000000000000000000000000
00000000000000000000000000000000000000000000000000000000000000000000000000000000000000000000000000000000000000000000000000000000
00000000000000000000000000000000000000000000000000000000000000000000000000000000000000001110000000000000000000000000000000000000
00000000000000000000000000000000000000000000000000000000000000000000000000000000000000112210000000000000000000000000000000000000
00000000000000000000000000000000000000000000000000000000000000000000000000000000000001122310000000000000000000000000000000000000
00000000000000000000000000000000000000000000000000000000000000000000000000000000000111222221000000000000000000000000000000000000
00000000000000000000000000000000000000000000000000000000000000000000000000000000001111222221000000000000000000000000000000000000
00000000000000000000000000000000000000000000000000000000000000000000000000000000011112112221000000000000000000000000000000000000
00000000000000000000000000000000000000000000000000000000000000000000000000000000011122212221000000000000000000000000000000000000
00000000000000000000000000000000000000000000000000000000000000000000000000000000011121111221100000000000000000000000000000000000
00000000000000000000000000000000000000000000000000000000000000000000000000111100011211111121100000000000000000000000000000000000
00000000000000000000000000000000000000000000000000000000000000000000000001112110111111111121000000000000000000000000000000000000
00000000000000000000000000000000000000000000000000000000000000000000000111112210111111111110000000000000000000000000000000000000
00000000000000000000000000000000000000000000000000000000000000000000001111111221111111110000000000000000000000000000000000000000
00000000000000000000000000000000000000000000000000000000000000000000000111111222100000000000000000000000000000000000000000000000
00000000000000000000000000000000000000000000000000000000000000000000000111112222100000000000000000000000000000000000000000000000
00000000000000000000000000000000000000000000000000000000000000000000000111121122100000000000000000000000000000000000000000000000
00000000000000000000000000000000000000000000000000000000000000000000000111121121000000000000000000000000000000000000000000000000
00000000000000000000000000000000000000000000000000000000000000000000000112122211000000000000000000000000000000000000000000000000
00000000000000000000000000000000000000000000000000000000000000000000000011122100000000000000000000000000000000000000000000000000
00000000000000000000000000000000000000000000000000000000000000000000000001111000000000000000000000000000000000000000000000000000
00000000000000000000000000000000000000000000000000000000000000000000000000000000000000000000000000000000000000000000000000000000
00000000000000000000000000000000000000000000000000000000000000000000000000000000000000000000000000000000000000000000000000000000
00000000000000000000000000000000000000000000000000000000000000000000000000000000000000000000000000000000000000000000000000000000
00000000000000000000000000000000000000000000000000000000000000000000000000000000000000000000000000000000000000000000000000000000
00000000000000000000000000000000000000000000000000000000000000000000000000000000000000000000000000000000000000000000000000000000
