00000000000000000000000000000000000000000000000000000000023333333323333333333333333333102332312332200000000000000000000000000000
00333000000000000300000003003330030000000300030003000000013333333323333333333333333333201221212212200000000000000000000000000000
00333000000000003030000030003000303000003030303030300000001332333332233333333333333333322100211002200000000000000000000000000000
00033000000000000030000030303300003000000030030030300000000232233333223333333333333333333101211112200000000000000000000000000000
00033000000000000300000033300030030000000300003030300000000233223333112333333333333333333221232112200000000000000000000000000000
00033000000000003000000000303030300000003000303030300000000133223333211233333333333333333333333213211111121100001000000000000000
00033000000000003330030000300300333003003330030003000000000023223333311223333333322222222223333323222322133321223221000000001100
00033000000000000000000000000000000000000000000000000000000023322333311112333333320012100222323322222233333333333333210000112200
00000000010000000000000132333222222112000000000000000000000013312333321112333233320001000121211112222123333333333333331001233200
00000000010000000000000132223222222112000000000000000000000013312333320112333333322100000000100001232112333333333333333222333200
00000000010000000000000032223222221112000000000000000000000013322333320112233333332100022221100012222111333333333333333333223100
00000000010000000000000022222222211112000000000000000000000013322333320112222333332100023333210013321102333333333333333331113200
00000000010000000000000032222222221102000000000000000000001013312333320012332333332100023333310002211012333333333333333332012100
00000000010000000000000132222222211102000000000000000000011113312333310112333333332200023333310001111013223333333333333333211100
00000000010000000000000132222222211002100000000000000000111223322333310012222233333200023333310001111012223333333333333333322200
00000000010000000000000122222222211001100000000000000000011233212333300112232233332200023333310001111012222233233333333333223200
00000000001000000000000232222222221011200000000000000000000133212333201112222233332200023333310001111002222233233333333333112200
00000000002000000000000222222222210001210000000000000000000233223333101112223233332210023333310001111001222222323322333332111200
00000000002000000000001222222222210111110000000000000000001332123332011112233333333221133333321101111001222222223222333332222200
00000000001100000000002222222222100111120000000000000000002332233321011112322333333333333333333200111000122222232223333332332100
00000000000210000000013222222222100101112000000000000000013321233210111122322333333333333333333300111100122222222233333331232000
00000000000020000000123222323221001111112100000000000000023222333100111233333332233333333333333201111101222232222233322332223100
00000000000002100001232222333210011001111210000000000000233222331001012333322222333333333333333211111102332222222233321233212200
00000000000001111222222223212211011111111122000000000012322223210011122223332223333333333333332111111113322333333223332123322200
00000000000000000000000000000000000000000000000000000033222222101112233332232233333000000000000000000023210000332123332123322100
00000000000000330300300330003300333000330033300211003022222211111123322233333333330333000330030000033001100330021022221122211100
00000000000000030300303003030030300303003030030333033012222111112222322333333333330300303003030000300300003003010000000011211100
00000000000000030300303000030030300303003030030222003022222121122222222323333333330333003003030000300300000003000000000001111100
00000000000000030300303033033330300303003033330222303023222122233222223333333333330300303003030000333300000330000000000001111100
00000000000030030300303003030030300303003030300332203023222223333332223333333333330300303003030000300300003000000000000000001100
00000000000003300033000330030030333000330030030333203022322233333332333333333333330333000330033330300300003333000000000000000000
00000000000000000000000000000000000000000000003333300022333333333333333333333333332000000000000000000000000000000000000000000000
