00000000000000000000000000000000000000000000000000000000000000000000000000000000000000000000000000000000000000000000000000000000
00000000000000000000000000000000000000000000330000000333333333301111100033000333333333300000033333333330000033333300000033333000
00000000000000000000000000000000000000000003300000000333333333303333300330000333333333300000033333333330000333333300000333333300
00000000000000000000000000000000000000000033000000000000000033003333003300000000000033000000000000003300000330000000003330003330
00000000000000000000000000000000000000000330000000000000120033033330033003100000000033000000000000003300000330000000003300000330
00000000000000000000000000000000000000003300000000000001330330033300330003310000000330000000000000033000000330000000003300000330
00000000000000000000000000000000000000033333000000000003300330333003333300332000000330000000000000033000003333333000000000000330
00000000000000000000000000000000000000333333300000000023303300333033333330033100003300000000000000330000003333333000000000000330
00000000000000000000000000000000012200333003330000000233003303310033300333003200003300000000000000330000003300003300000000003300
00000000000000000000000000000000133303330000333000000333033003300333000033301320033000000000000003300000000000000330000000003300
00000000000000000000000000000000233303300000033000001330033033320330022003300020033000000000000003300000000000000330000000033000
00000000000000000000000000000001332203300000033000003330330033330330333303302220330000000000000033000000000000000330000000330000
00000000000000000000000000000001222103300000033000123300330333330330033003303300330000000000000033000000000000000330000003300000
00000000000000000000000000000000221103330000333012233303300333330333000033303303300000000000000330000000003000003300000033000000
00000000000000000000000000000000111100333003330000003003303333330033300333003003300000000000000330000000033300033300000330000000
00000000000000000000000000000000000110033333300003300033002333333003333330030033000000000330003300000000003333333000003333333330
00000000000000000000000000000000000122003333002203300333022322333300333300330333000000000330033300000000000333330000033333333330
00000000000000000000000000122221110112100000022200000000033322233330000002230000000000000000000000000000000000000000000000000000
00000000000000000000000012223332111122111111110110322222333333233333333333313332000000000000000000000000000000000000000000000000
00000000000000000000000122123322111111000001000010222322333333323333223333322332000000000000000000000000000000000000000000000000
00000000000000000000000221122221010000000000000000222222333333323333233333322331000000000000000000000000000000000000000000000000
00000000000000000000000120012211010000000001001211122222333333323333233333322330000000000000000000000000000000000000000000000000
00000000000000000000000110001110011000111122112221122222333333323333233333322310000000000000000000000000000000000000000000000000
00000000000000000000000110000000011111211211122222212222233333323323333333323300000000000000000000000000000000000000000000000000
00000000000000000000000000000000000000000011111010100022223333332223323333223200000000000000000000000000000000000000000000000000
00000000000033300300000330030003033330333000000000003022232233332222323332233000003330003300300003000000000030000000000000000000
00000000000030030300003003003030030000300300000000033012222332222222233322332000003003030030300003000000000330000000000000000000
00000000000030030300003003000300030000300300000000003001222222222222233333330000003330030030300003000000000030000000000000000000
00000000000033300300003333000300033300333000000000003000122212222222223333210000003003033330300003000000000030000000000000000000
00000000000030000300003003000300030000303000000000003000012212222222222221000000003003030030300003000000000030000000000000000000
00000000000030000333303003000300033330300300000000003000001122222222222210000000003330030030333303333000000030000000000000000000
00000000000000000000000000000000000000000000000000000000000001122211110000000000000000000000000000000000000000000000000000000000
