00000000000000000000000000000000000000000000000000000000000000000000000000000000000000000000000000000000000000000000000000000000
00000000000000000000000000000000000000000000000000000000000000000000000000000000000000000000000000000000000000000000000000000000
00000000000000000000000000000000000000000000000000000000000000000000000000000000000000000000000000000000000000000000000000000000
00000000000000000000000000000000000000000000000000000000000000000000000000000000000000000000000000000000000000000000000000000000
00000000000330000000000000000000000000000000000000000000000000000000000000000000000000000000000000000000000000000000000000000000
00000000003333000003000000000000000000000000000000000000000000000000000000000000000000000000000000000000000000000000000000000000
00000000003333000003000000000000000000000000000000000000000000000000000000000000000000000000000000000000000000000000000000000000
00000000003303000033000000000000000000000000000000000000000000000000000000000000000000000000000000000000000000000000000000000000
00000000003303000333333000000000000000000000000000000000000000000000000000000000000000000000000000000000000000000000000000000000
00000000003303000333333000000000000000000000000000000000000000000000000000000000000000000000000000000000000000000000000000000000
00000000003303000033000000000000000000000000000000000000000000000000000000000000000000000000000000000000000000000000000000000000
00000000033333300003000000000000000000000000000000000000000000000000000000000000000000000000000000000000000000000000000000000000
00000000033333300003000000000000000000000000000000000000000000000000000000000000000000000000000000000000000000000000000000000000
00000000033003300000000000000000000000000000000000000000000000000000000000000000000000000000000000000000000000000000000000000000
00000000000000000000000000000000000000000000000000000000000000000000000000000000000000000000000000000000000000000000000000000000
00000000011111100111111001111110000000000000000000000000000000000000000000000000000000000000000000000000000000000000000000000000
00000000011111100111111001111110000000000000000000000000000000000000000000000000000000000000000000000000000000000000000000000000
00000000000000000000000000000000000000000000000000000000000000000000000000000000000000000000000000000000000000000000000000000000
00000000000000000000000000000000000000000000000000000000000000000000000000000000000000000000000000000000000000000000000000000000
00000000000000000000000000000000000000000000000000000000000000000000000000000000000000000000000000000000000000000000000000000000
00000000000000000000000000000000000000000000000000000000000000000000000000000000000000000000000000000000000000000000000000000000
00000000000000000000000000000000000000000000000000000000000000000000000000000000000000000000000000000000000000000000000000000000
00000000000000000000000000000000000000000000000000000000000000000000000000000000000000000000000000000000000000000000000000000000
00000000000000000000000000000000000000000000000000000000000000000000000000000000000000000000000000000000000000000000000000000000
00000000000000000000000000000000000000000000000000000000000000000000000000000000000000000000000000000000000000000000000000000000
00000000000000000000000000000000000000000000000000000000000000000000000000000000000000000000000000000000000000000000000000000000
00000000000000000000000000000000000000000000000000000000000000000000000000000000000000000000000000000000000000000000000000000000
00000000000000000000000000000000000000000000000000000000000000000000000000000000000000000000000000000000000000000000000000000000
00000000000000000000000000000000000000000000000000000000000000000000000000000000000000000000000000000000000000000000000000000000
00000000000000000000000000000000000000000000000000000000000000000000000000000000000000000000000000000000000000000000000000000000
00000000000000000000000000000000000000000000000000000000000000000000000000000000000000000000000000000000000000000000000000000000
00000000000000000000000000000000000000000000000000000000000000000000000000000000000000000000000000000000000000000000000000000000
