11111111112222100000122211100001111111100000001111121000012000111111111000110000000000001111000000000000111000000001111000000001
11111111112221100000011111110000111111000000000111111100010000111111110000110000000000001111000000000000110000000001110000000001
11111111122210010000011111111000111110000000000011111100010000111111110000110000000000001111000000000000110000000001110000000001
11111111122100011100011111111101111110000000000011111111100000111111100000110000000000001111000000000000110000000001110000000001
11111111122100001111111111110001111110000010000011111111100000111111100000111111110000011111111111000001110000111011110000101111
11111111111100011111111111102221001110000111000011111111000000111111000000111111110000011111111111000001100000000011100000000011
11111111111100011111111111023322220111111110000011111110000000111110000000111111100000111111111110000011100000000011100000000011
11111111111111111111111111033322233111111000330011111110330330111110330330111111103300111111111110330011103333333001103333333001
11111111111111111111111100133222223311111033330111111100330330111100330330111111003301111111111100330111103300003300103300003300
11111111111111111111111101233112332330111033330011111003300330111003300330111111033001111111111103300111100000000330100001100330
11111111111111111111111022233211333332011000333011110033300330110033300330111110033011111111111003301111111111010330101111110330
11111111111111111111111012233332332333111110033011110333000330000333000330001110330011111111111033001111111111110330001111110330
11111111111111111111111000133333332200001111033011110333333333300333333333301100330111111111110033011111100011100330000011100330
11111111111111111111111000022133332203300110033011110333333333300333333333301103300111111111110330011111003001003300003001003300
11111111101111111111111000013123333303330000333000000000000330000000000330001003301111110000100330111111033300033300033300033301
10011111101110111111010000002312333300333333330003301111110330111111100330110033001111110330003300111111003333333001003333333001
00111111111110111111100100001322332330003333300103301111110330111111100330110333011111110330033301111111100333330000100333330011
01111111112110111111100100000133332223200000001100001111110000111111110000110000011111110000000000122110000000000000110000000111
01111111112211111111110110000123332222232001111111111111011111111111111111111111111111111111111100122210000111110000111111110111
00111111001111111111110111000012333332331001011111111100000000111111111111111111111111101111111100012211000111110000111111110111
10111111001111111111100121100002223333310000001111111010000000111111111111111111011111101111111100001111100011110001111110011110
11111111111111111111001112210002222211000000100011111110000000111111111111111110011111111001111100001111110011111111111100011111
11111111111111111100011101111012211101000000100001100110000000011011111111111011111111111000111111001111110111111111111000110111
11111111111110111011122100110001110000100000000001110010000000011001111111111001111111111100111111111111111111111111111101111111
11111111111000000000000000000000000000000000000000100001000000000000000111111111100000000000000000011111111000111111111101111000
11111111111033300300000330030003033330333000000000003000100000000000000001111111103330003300300003011111110030111110110001101000
11111111111030030300003003003030030000300300000000033000000000000000000001111111103003030030300003011111110330011100100000010000
11111111111030030300003003000300030000300300000000003000000000000000000000111111103330030030300003011111000030001100100000000000
11111111111033300300003333000300033300333000000000003000010000000000000000001111103003033330300003011110000030001100000000000000
00111111111030000300003003000300030000303000000000003000000000000000000000000100003003030030300003000011111030011100000000000000
00111111111030000333303003000300033330300300000000003000000000000000000000000000003330030030333303333011110030011100000000000000
10111111111000000000000000000000000000000000000000000000000000000000000000000000000000000000000000000011110000001110000000000000
