00000000000000000000000000000000000000000000000000000000000000000000000000000000000000000000000000000000000000000000000000000000
00000000000000000000000000000000000000000000000000000000000000000000000000000000000000000000000000000000000000000000000000000000
00000000000000000000000000000000000000000000000000000000000000000000000000000000000000000000000000000000000000000000000000000000
00000000000000000000000000000000000000000000000000000000000000000000000000000000000000000000000000000000000000000000000000000000
00000000000000000000000000000000000000000000000000000000000000000000000000000000000000000000000000000000000000000000000000000000
00000000000000000000000000000000000000000000000000000000000000000000000000000000000000000000000000000000000000000000000000000000
00000000000000000000000000000000000000000000000000000000000000000000000000000000000000000000000000000000000000000000000000000000
00000000000000000000000000000000000000000000000000000000000000000000000000000000000000000000000000000000000000000000000000000000
00000000000000000000000000000000000000000000000000000000000000000000000000000000000000000000000000000000000000000000000000000000
00000000000000000000000000000000000000000000000000000000000000000000000000000000000000000000000000000000000000000000000000000000
00000000000000000000000000000000000000000000000000000000000000000000000000000000000000000000000000000000000000000000000000000000
00000000000000000000000000000000000000000000000000000000000000000000000000000000000000000000000000000000000000000000000000000000
00000000000000000000000000000000000000000000000000000000000000000000000000000000000000000000000000000000000000000000000000000000
00000000000000000000000000000000000000000000000000000000000000000000000000000000000000000000000000000000000000000000000000000000
00000000000000000000000000000000000000000000000000000000000000000000000000000000000000000000000000000000000000000000000000000000
00000000000000000000000000000000000000000000000000000000000000000000000000000000000000000000000000000000000000000000000000000000
00000000000000000000000000000000000000000000000000000000000111000011110000000000000000000000000000000000000000000000000000000000
00000000000000000000000000000000000000000000000000000000000111000011110000000000000000000000000000000000000000000000000000000000
00000000000000000000000000000000000000000000000000000000000001000010010000000000000000000000000000000000000000000000000000000000
00000000000000000000000000000000000000000000000000000000000001000010010000000000000000000000000000000000000000000000000000000000
00000000000000000000000000000000000000000000000000000000000001000010010000000000000000000000000000000000000000000000000000000000
00000000000000000000000000000000000000000000000000000000000001000010010000000000000000000000000000000000000000000000000000000000
00000000000000000000000000000000000000000000000000000000000001000010010000000000000000000000000000000000000000000000000000000000
00000000000000000000000000000000000000000000000000000000000001000010010000000000000000000000000000000000000000000000000000000000
00000000000000000000000000000000000000000000000000000000000001000010010000000000000000000000000000000000000000000000000000000000
00000000000000000000000000000000000000000000000000000000000001000010010000000000000000000000000000000000000000000000000000000000
00000000000000000000000000000000000000000000000000000000000001000010010000000000000000000000000000000000000000000000000000000000
00000000000000000000000000000000000000000000000000000000000110000011110000000000000000000000000000000000000000000000000000000000
00000000000000000000000000000000000000000000000000000000000110000011110000000000000000000000000000000000000000000000000000000000
00000000000000000000000000000000000000000000000000000000000000000000000000000000000000000000000000000000000000000000000000000000
00000000000000000000000000000000000000000000000000000000000000000000000000000000000000000000000000000000000000000000000000000000
00000000000000000000000000000000000000000000000000000000000000000000000000000000000000000000000000000000000000000000000000000000
