22222222200000222222222220000022200000222122332211123222222222222222222222222222222222222222222222222221222222222222222222322122
22220002003330022222222220333002203330021112332211022222222222222222222222222222222222222222222222222222222222222222222222221122
22220302030003022200002220000302200003021101232221012222222222222222222222222222222222222222222222222222222221222222222222202223
22220302030003022203302222220302222203022100122221111222222222222222222222222222222222222222222222222222222222222222222222211223
22220303030003022203302220000302200003022111122222111222222222222222222222222222222222222222222222222222222222212222222222221222
22220002000000022200002220333002203330022211122222212222222222222222222222222222222222222222222222222222222222110122222222222222
22220301030003022200002220000302200003022222222222222222222222222222222222222222222222222222222222101122222222210122222222222222
22220300030003012203302222220302222203022222222222222222222222222222222222222222222222222222222222001222222222210122222222222222
22220300030003022203302220000302200003022222222222222222222222222222222222222222222222222222222222001222222222221222222222222222
22220000003330022200002220333002203330022222222222222222222222222222222222222222222222222222222222112222222222222222222222222222
22222210000000222222222220000022200000222222222222222222222222222222222222222222222222222222222222222222222222222222222222222222
22222222222222222222222222122222222222222222222222222222222222222222222222222222222222222222222222222222222222222222222222222222
22222222222222222222222222222222222222222222220000222222222000000222222000000022000000000000222222200000000200000000000022000011
22222222222222222222222222222222222222222222200330222222220033330022220033333002033333333330222222003333330203333333333020033010
22222222222222222222222222222222222222222222003330222222200333333002200333333300033333333330222222033333330203333333333000333010
22222222222222222222222222222222222222222222033330222222003300003300203330003330000000003300222222033000000200000000330003333020
22222222222222222222222222222222222222222222000330222222033002200330203300200330222222003302222222033022222222222200330200033021
22222222222222222222222222222222222222222222220330222222033022220330203302220330222222033002222220033000002222222203300222033021
22222222222222222222222222222222222222222222220330222222033022220330200002220330222220033022222220333333302222222003302222033021
22222222223322222222222222222222222222222222220330222222033022220330222222200330222220330022222220333333300222222033002222033022
22222222222332222222222222222222222222222222220330222222033022220330222222203300222200330222222220330000330022220033022222033022
22222222211133222222222222222222222222222222220330222222033022220330222222003303222203300222222220000220033022220330022222033022
22222222100023222222222222222222222222222222220330222222033022220330222220033002222003302222222222222222033022200330222222033022
22222222100013222222222222222222222222222222220330222222033022220330222200330022222033002222222222222221033022203300222222033022
22222222210012222222222222222222222222222222220330222222033022220330222003300222220033022222222220002220033022003302222222033022
22222222222112222222211222222222222222222222220330222222033002200330220033002222220330022222222200300200330022033002222222033022
22222222222222222222211222222222222222222222220330220000003300003300200330000000200330222222000003330003330220033022222222033022
22222222222222222222222222222222222222222222220330220330200333333002003333333330003300222222033000333333300200330022222222033022
22222222222222222222222222222222222222222222220330220330220033330022033333333330033302222222033020033333002203330222222222033021
22222221112222222222222222222222222222222222220000220000222000000222000000000000000002222222000022000000022200000222222222000022
22222211112222222222222222222222222222222222222222222222222222222222222222222222222222222222222222222222222222222222222222222222
22222222222222222222222222222222222222222222222222222222222222222222222222222222222222222222222222222222222222222222222222222221
