00000000000000000000000000000000000000000010000000000000000000000000000000000000000000000000000000000000000000000000000000000000
00000000001000000000000000003333000000000000300000000333333333300000333300000000333300000000000033330000000033330000000033330000
00000000011100000000000000033333300100000003300000000333333333300003333330000003333330000000000333333000000333333000000333333000
00000000001000000000000000333003330000000003300000000000000033000033000033000033000033000000003300003300003300003300003300003300
00000000000000000000000003300000033000000033300000000000000033000330000003300330000003300001033000000330033000000330033000000330
00000000000000000000000003300000033000000033301000000000000330000330000003300330000003300000033000000330033000000330033000000330
00000000000000000000000003300000033000000333300000000000000330000330100003300330000003300000033000000330033000000330033000000330
00000000001000000000000003300000033000003303300000010000003300000330000003300330000003300000033000000330033000000330033000000330
00000000000000000000000003330000333000003303300000000000003300000330000003300330000003300000033000000330033000000330033000000330
00000000000000000000000000333333330000033003300000000000033000000330000003300330000003300000033000000330033000000330033000000330
00000000000000000000000000033333330000333003300000000000033000000330001003300330000003300000033000000330033000000330033000000330
00000000000000000000000000000033300003330003300000000000330000000330000003300330000003301000033000000330033000000330033000000330
00000000000000000000000000000033000003333333333000100000330000000330000003300330000003300000033000000330033000000330033000000330
00000000000000000001000000000330000003333333333000000003300001000330000003300330010003300000033000000330033000000330033001000330
00000000000000000000000000003300000000000003300000000003300000000033000033000033000033000000003300003300003300003300003300003300
00000000000000000000000000033000000000000003300003300033000000000003333330001003333330000330000333333000000333333000000333333000
00000000000000000000000000330000000000000003300003300333000100000000333300000000333300000330000033330000000033330000000033330000
00000000000000000000000000000000000001000000000000000000000000000000000000000000000000000000000000000000000000000000000000000000
00000000000000000000000000000000000000000010000000000000000000100000001001000000000000000000000000000000000000000000000000000001
00000000000000000000000000000000000000000000000000000000000000000000000000000000000000000000000000000000000000000000000000000000
00000000000000000000000000000000000000000000000000000100000000000000000000000000000001000000000000000000000000000000000000000000
00000000000000000000010000000000000000000000000000000000000000000000000000000100000000000000000000000000000000000000000000000000
00000000000000000000000000000000000000000000000100000000000000000100000000000000000000000000000000000000000000000000000000000000
00000000000000000000000000000000000000000000000000000000100000100000000000000000000000000000000000000000000000000000000000000000
00000000000000000000000000000000000000000000000000000001000000000000001000000000000000000000000000000000000000000000000000000000
00000000000033300300000330030003033330333000000000003000000000000000000000000000033303030333033000300000330003003000300000000000
00000000000030030300003003003030030000300300000000033000000000000100000000100000030003030030030303030000303030303000300000000000
00000000000030030300003003000300030000300300000000003000001000010000000000000000030000300030030303030000330030303000300000000000
00000000000033300300003333000300033300333000000100003000000000000000000000000000033000300030033003330000303033303000300000000000
00000000000030000300003003000300030000303000000000003000000000000000000000000000030003030030030303030000303030303000300000000000
01000000000030000333303003000300033330300300000000003000000000000000000100000000033303030030030303030000330030303330333000000000
11100000000000000000000000000000000000000000000000000000000000000000100000000000000000000000000000000000000000000000000000000000
