00000000000000000000000000000000000000000000000000000000222222210000000000000003000000000000000000000000000000000000000000000000
00333000000000000000000000000000000000000300000000000000222222100000000003333300000000000000000000000000000000000300000000000000
00333000000000000000000000000000000000003030000000000000222220000000000033333330000000000000000000000000000000003030000000000000
00033000000000000000000000000000000000003030000000000000222210000000000033003330000000000000000000000000000000003030000000000000
00033000000000000000000000000000000000003030000000000000222200000000000000033300000000000000000000000000000000003030000000000000
00033000000000000000000000000000000000003030000000000000222000000000000003333000000000000000000000000000000000003030000000000000
00033000000000000000000000000000000000000300000000000000222000000000000033333330000000000000000000000000000000000300000000000000
00033000000000000000000000000000000000000000000000000000221000000000000033333330000000000000000000000000000000000000000000000000
00000000000000000000000000000110000000000000233323232112210000000000000000000000223321123333332111100222331233333333333332100000
00000000000000000000000000000100000000000000233333222111120000000000000000000013213320123333332000100111211213323333333333321100
00000000000000000000000000000100000000000000233232222111120000000000000000000003223331123333332100000000000211333333333333333200
00000000000000000000000000000000000000000000000000000000110000000000000000000003000000000000000000000000000000000000000000000000
03333300000000000000000000000000000000000300000000000000110000000000000000333303000000000000000000000000000000000300000000000000
03333330000000000000000000000000000000003030000000000000120000000000000003333303000000000000000000000000000000003030000000000000
00003330000000000000000000000000000000003030000000000000120000000000000033303300000000000000000000000000000000003030000000000000
00033300000000000000000000000000000000003030000000000000121000000000000033033330000000000000000000000000000000003030000000000000
33000330000000000000000000000000000000003030000000000000112000000000000033333330000000000000000000000000000000003030000000000000
33333330000000000000000000000000000000000300000000000000112000000000000000003300000000000000000000000000000000000300000000000000
03333300000000000000000000000000000000000000000000000000111100000000000000003302000000000000000000000000000000000000000000000000
00000000000000000000000000000001000000000013222322100011111200000000000000000001232001122233333333333333320100122222222223333100
00000000000000000000000000000000100000000023223321100111111110000000000000002322320001123223333333333333320100222122222233333100
00000000000000000000000000000000120000000232223210001111111111000000000000023212310012332323333333333333311111221122222233333100
00000000000000000000000000000000012100122222232200001111111111100000000000232222100122333333333333333333211111332222222223223200
00000000000000000000000000000000000112222111123210001111111111121100000112222211011232223332333333333322111112322333222233222200
00000000000000000000000000000000000000000000002321100011111111112221122221212111100000000000000000033321111000211333321233212200
00000000000033300300000330030003033330333000001232003011111111111122221111111111203330003300300003033310010030001322111222112100
00000000000030030300003003003030030000300300000023033011111111111111111111111122303003030030300003033200000330001110000000011100
00000000000030030300003003000300030000300300000002003011111111111111112111122233303330030030300003021100000030000000000000001100
00000000000033300300003333000300033300333000000000203011111111111111121121122333303003033330300003000000000030000000000000000000
00000000000030000300003003000300030000303000000000003033322222222222222111223222303003030030300003000000000030000000000000000000
00000000000030000333303003000300033330300300000000003033333333333332222222222333303330030030333303333000000030000000000000000000
00000000000000000000000000000000000000000000000000000023333333333323233322222233300000000000000000000000000000000000000000000000
