33333333333333333333333333333333333333333333333333333333333333333333333333333333333333333333333333333333333333333333333333333333
33333333333333333333333333333333333333333333333333333333333333333333333333333333333333333333333333333333333333333333333333333333
33333333333333333333333333333333333333333333333333333333333333333333333333333333333333333333333333333333333333333333333333333333
33333333333333333333333333333333333333333333333333333333333333333333333333333333333333333333333333333333333333333333333333333333
33333333333333333333333333333333333333333333333333333333333333333333333333333333333333333333333333333333333333333333333333333333
33333333333333333333333333333333333333333333333333333333333333333333333333333333333333333333333333333333333333333333333333333333
33300000000000000033333333333333333333333333333333333333333333333333333333333000000000000333333333333333333330000033300000333333
33331000011111100013333333333333333333330333333333333333333333333333333333333310000111000003333333333333333333000013330000133333
33333000013333330013333333333333333333300133333333333333333333333333333333333330000133300001333333333333333333000013330000133333
33333000013333333013333333333333333333300133333333333333333333333333333333333330000133330000333333333333333333000013330000133333
33333000013330333013333333333333333333000133333333333333333333333333333333333330000133330000133333333333333333000013330000133333
33333000013330133313333333333333333300000133333333333333333333333333333333333330000133330000133333333333333333000013330000133333
33333000013300133333300000030000033000000000330000033000333333000000333333333330000133300001133333000000333333000013330000133333
33333000013000133333330000113001113310000111133000010000033300311100033333333330000133000011333300311100033333000013330000133333
33333000000000133333333000033011333330000133333000003000013000133300003333333330000000000113333000133300003333000013330000133333
33333000011000133333333000010313333330000133333000011300113000033300001333333330000111000003333000033300221111223310003333100000
00000333310033100000000033330100000003333100000333310001100033110033331000000003333100013333000033110033331000333310003333100000
00000333310003100000000003333000000003333100000333310000000001103333331000000003333100003333300001103333331000333310003333100000
00000333310003100000000003333100000003333100000333310000000000330133331000000003333100003333310000330133331000333310003333100000
00000333310000100030000003333300000003333100000333310000000033311033331000000003333100003333310033311033331000333310003333100000
00000333310000000031000030333310000003333100000333310000000333310033331000000003333100003333310333310033331000333310003333100000
00000333310000000331000031033330000003333103000333310000000333310333331000000003333100033333110333310333331000333310003333100000
00000333310000033311003301033333000003333330100333310000000333333033333000000003333100333331100333333033333000333310003333100000
00033333333333333310033333033333300000133311003333330000000033331103331100000333333333333111000033331103331103333330033333300000
00001111111111111110001111101111110000001110000111111000000001111000111000000011111111111100000001111000111000111111001111110000
00000000000000000000000000000000000000000000000000000000000000000000000000000000000000000000000000000000000000000000000000000000
00000000000000000000000000000000000000000000000000000000000000000000000000000000000000000000000000000000000000000000000000000000
00000000000000000000000000000000000000000000000000000000000000000000000000000000000000000000000000000000000000000000000000000000
00000000000000000000000000000000000000000000000000000000000000000000000000000000000000000000000000000000000000000000000000000000
00000000000000000000000000000000000000000000000000000000000000000000000000000000000000000000000000000000000000000000000000000000
00000000000000000000000000000000000000000000000000000000000000000000000000000000000000000000000000000000000000000000000000000000
00000000000000000000000000000000000000000000000000000000000000000000000000000000000000000000000000000000000000000000000000000000
