10000033000000000000000000000000000000000000000000000000221110022000133101111112332221000000000000000232223332223222223333333100
10333033030033303330000003000300030000000300030003000000221010022121012100001112333333221100000000001222323333333333223323333200
10333033330030003000000030003030303000003030303030300000222100012211000220001112322112333321011110012222332232333332222322333100
10033033030033003300000033003030303000003030303030300000332221101111000121001111322001111231011332222222222222223333222322333200
13033033030000300030000030303030303000003030303030300000123222211100000111001111221100000021001333333331122223222233332322233200
13033033030030303030000030303030303000003030303030300000012233323221111112201111232110010010011231123221011122332223332222233200
13033033030003000300030003000300030003000300030003000000010123333333222223321011123200000010010131111011001111232233333222223100
13033033000000000000000000000000000000000000000000000000001112333333333333333211012320001000100122111011001111122222333322233200
13000033333333333333333333333333333333232223333333332000001102333333333333333332101122222100111012201101101100111322233332223200
13333333333333333332223333323333333332232212233333331000001002333333333333333333100111133321232101221100000000011232223333222200
13333333333333333322111112212222223332232222223333310000000001333333333221122333200010023333333322112221110000011122222333222200
13333333333333333321111111111111112221111111112221111111111112333333333322222223100000023333333333101233322110000013222333322200
13333333333333333332111111111112222331111111111111001111111111222222322223322222000010023333212323100133333330000012212333322200
13333333333333333332222322223333333332111111111111110111111111111223321111111111111111023333211222220133322222100002312333322200
13333333333333333332222233333333333333222222222222222222222222223333321111111100000010132111111211121233311221100001312333322100
13333333333333333332222223333333323233222233333333233323333322232333322222221101122222232111111111123211100000000001321233322200
13333333333333333332222332222233333223233333333333322323333333333333333333332222333333332222222222333200000000000111321233322200
13333333333333333332222222222223333233223333233233333323333333333333333333333333333333333333333333333100000000000011321233322100
13333333333333333322222322322333233233222333333333333333333333333333332233333333333333323322333333221000000000000001321233321200
13333333333333333322222222222222232333333322222333333333333333333332221112233333333333311111333333210000000000000001311233322200
13333333333333333322223223222333333222222111111123333333333333333333100000023333333333320000233333320000000000000002312333322100
13333333333333333333333333223333333232000000000013333333333333333333200000002333333333332000123333332000000000000002212333322100
13333333333333333333323333333333333333100000000002333333333333333333320000001333333333333100013333333200000000000012112333222100
13333333333333333333333332323333333333210000000001233333333333333333331000000133333333333320002333333320000000000022122332222200
13333333333300000000000000000000000000000000000000100033333333333333332100000023333000000000000000000031000000000122123332222200
13333333333000330300300330003300333000330033300000003033333333333333333200000112330333000330030000033002000330001221223322222200
13333333333000030300303003030030300303003030030000033033333333333333333320000111330300303003030000300301003003002211233222222200
13333333333000030300303000030030300303003030030000003033333333333333333331000111230333003003030000300300000003012111232111122200
13333333333000030300303033033330300303003033330000003033333333333333333332100111120300303003030000333300000330021222222222222200
13333333333030030300303003030030300303003030300000003023333333333333333333100001230300303003030000300301103000012222222222223200
13333333333003300033000330030030333000330030030000003012333333333333333332000001110333000330033330300301103333022222222222122200
13333333222300000000000000000000000000000000001100000012333333333333333320000000000000000000000000000022200000022222222222222100
