00000000000010000000111000000000000000000000000000000000000000010000000000000000000000000000000000000000000000000000000000000000
00000000000000000000010000000001000000000000000000001000000000000000000000000000003330000033300000333000003330000033300000000100
00000000000000000000000000000000000000000000000000000000010000000000000000000300000003000000030103000000030000000300000000001110
00000000000000000000000000000000000000000000000000000000111000000000000000000300000003000000030003000000030000000300000000000100
00000000000000000000000000000000000000000000100000000000010000000000000000010300000003000000030003000000030000000300000000000000
00000000000000000000000000000000000000000000000000000000000000000000010000000000003330000000000000333000003330000033300000000000
00000000000000000000000000000000000100000000000000100000000000001000000000000300030000000000030000000300030003000000030000000000
00100000000000000000000000000000000000000000000000000000000000001000000000000300030000000000030000000300030003000000030100000000
00000000000000000000000010000000000000000010000000000001000000000000000000000300030000000000030000000300030003000000030000000000
00000000000000000000000000000000000000000000000000000000000010000000000000000000003330000000000000333000003330000033300000000000
00000000000000000000000000000000000000000000000000000000000000000000000100000000000000000000103000000000000000000000000000000000
00000000000000000000000000000000000000000000000000000000000000000000000000001000000000000000000000000000000000000000000000000000
00000000000000000000000000000000000100000000000000000000010000000000000000000000000000000000000000000000000000000000000000000000
00000000000010000000000000000000000000000000000010000000000001000010010000000000000001000000000000000000000000000000000000000000
00000000000000000000000000000000000000000000000000000000000000000000000000000000000000000000000000000000000000000000000000000000
00000000000000000000000000000000000000000000000000000000000000000000001000000010000000000000000000000000000000000000010000000000
00000000000000000000000010000000000000000000000000001000000100000000000100000000000000000000000000001000000000000000000000000000
00001000000000000000000000000000000000000000000000000000000000000010000000000000000000000000000000000000000000000000000000000000
00000000000000000000000000000000010000000000000000000000000000100000001000000000000000000000000000000000000000000000000000000000
00000000000000000000000000000000000000010000000000000000001000000010100100010000000000000000000000000000000000000000000000000000
00000000000000000000000000000000000000000000000000000000000000100000000000000000000000000000000000000000000000000000000000000000
00000000000000000000000000000000000000000000000000001000010000000000000000000000000000000000000000000000000000000000000000000000
00000000000000100000000000000000000000000000000000000000000000000000000000000000001000001000000000000000000000010000000000000000
00000000000000000000000000000000000000000000100000000000000000000100000000000000000000000000000000000000000000000000000000000000
00000000000000000000000000000000000000000000000000000000000000000000000000000000000000000000000000000000000000000000000000000000
00000000000033300300000330030003033330333000000000003010000000100000000000000000003330003300300003000000000030000000000000000000
00000000000030030300003003003030030000300300000000033000000000000000000100000000003003030030300003000000000330000000000000000000
00000000000030030300003003000300030000300300000000003000000000000000000000000000003330030030300003000000000030000000000000000000
00000000000033300300003333000300033300333000000000003000000000000001000000001000003003033330300003000000000030000000000000000000
00001000000030000300003003000300030000303000000000003000010000100000000000000000003003030030300003000000000030000000000000000000
00011100000030000333303003000300033330300300000000003000111000000000000000000000003330030030333303333000000030000000000000000000
00001000000000000000000000000000000000000000010000000000010000000000000000000000000000000000000000000000000000000000000000000000
