00000000000000000000000000000000000000000010000000000000000000000000000000000000000000000000000000000100000000000000000000000000
00000001000000000000000000000000000000000100333333000000000000003000000000003300000330000000000033330000000033333000000033333000
00000000000000000001000000100000000100000003333333000100000000033000000000033000003330000000000333333000000333333300000333333300
01000000000000000000000000000000000000000003300000000000000000033000000000330000033330000010003300003300003330003330003330003330
00000000000000000000000000000000000000000003300000000000000000333000000003300000000330000000033000000330003300000330003300000330
00000000000000000000000000000000000000000003300000000000010000333000000033000000000330000000033000000330003300000330003300000330
00000000000000000000000000000000000000000033333330000000000003333000100333330000010330000000033000000330000000000330000000000330
00000000001000000000000000000000000000000033333330010000000033033000003333333000000330000000033000000330000000000330000000000330
00000000000000000000000000000000000000000033000033000000000033033000003330033300000330000000033000000330000000003300000000003300
00000000000000000000000000000100000000000000010003300000100330033000033300003330000330000000033000000330000000003300000000003300
01000000000000000000000000000000000000000000000003300000003330033000033000000330000330000000033000000330000000033000000000033000
00000000000000000000000000000000000000000000000003300000033300033000033000000330000330000000033000000330000000330000000000330000
00000000000000000000000000000000000000010000000003300000033333333330033000000330000330000000033000000330000003300000000003300000
00000000000000000001000000000000000000000030000033000000033333333330033300003330010330000000033000000330000033000000000033000000
00000000000000000000000000000000000000000333000333000000000000033000003330033300000330000000003300003300000330000000000330000000
00000000000000000000000000000100000000000033333330000330000000033000000333333000000330000330000333333000003333333330003333333330
00000000000000000000000000000000000000000003333300000330000100033000000033330000000330000330000033330000033333333330033333333330
00000001000000000000000000000000000001000000000000000000000000000000000000000000000000000000000000000000000000000000000000000000
00000000000000000000000000000000000000000010000000000000000000000100001001000000000000000000000000000000000000000000000000000001
00000000000000000000000000000000000000000000000000000000000000000000000000000000000000000000000000000000000000000000000000000000
00000000000000000000000000000000000000000000000000000100000000000001000000000001000001000000000000000000100000000000000000000000
00000000000000000000010000000000000000000000000000000000000000000000000000001000000000000000000000000000000000000000000000000000
00000000000000000000000000000000000000000000000100000000000000000100000000000000000000000000000000000000000000000000000000000000
00000000000000000000000000000000000000000100000000000001000000100000000000000000000000000000000000000000000000000000000000000000
00000000000000000000000000000000000000000000000000000000000000000000001000000000000000000000000000000000000000000000000001000000
00000000000033300300000330030003033330333000000000003000000000000000000000000000003330003300300003000000000030000000000000000000
00000000000030030300003003003030030000300300000000033000000000000010000000100000003003030030300003000000000330000000000000000000
00000000000030030300003003000300030000300300000000003000010000100000000000000000003330030030300003000000000030000000000000000000
00100000000033300300003333000300033300333000000000003000000000000000000000000000003003033330300003000000000030000000000000000000
01110000000030000300003003000300030000303000000100003000000000000000000100000000003003030030300003000000000030001000000000000000
00100000000030000333303003000300033330300300000000003000000000000000000000000001003330030030333303333000000030000000000000000000
00000000000000000000000000000000000000000000000000000010000010000001000000000000000000000000000000000000000000000000000010000000
