33333333333333333333333333333333333333333333333333333333333333333333333333333333333333333333333333333333333333333333333333333333
33333333333333333333333333333333333333333333333333333333333333333333333333333333333333333333333333333333333333333333333333333333
33000033333333300001330000033330000333300003333333000000000003330000033330000000033333333330000003333300000333333330000013333333
33000001333333300001330000013330000133300001333333000000000001330000013330000000001333333330000003333300000133333330000013333333
33300001333333300013333000113333001133330001333333001100011001333000113333000110001333333333000133333330001133333333000133333333
33300001333333000013333000113333001133330001333333011300013301333000133333000133000133333333000133333330001333333333000133333333
33300001133333000013333000113333001133330001333333313300013331333000133333000133000133333333000113333330001333333333000133333333
33300000133333000013333000113333001133330001333333333300013333333000133333000133000133333330000013333330001333333333000133333333
33300000133333000013333000113333001133330001333333333300013333333000133333000133000133333330000013333330001333333333000133333333
33300000133330000013333000113333001133330001333333333300013333333000133333000133000133333330000013333330001333333333000133333333
33300000113330000013333000113333001133330001333333333300013333333000133333000133000133333330110013333330001333333333000133333333
33300000013330000013333000113333001133330001333333333300013333333000133333000133000133333300130011333330001333333333000133333333
33300100013330000013333000113333001133330001333333333300013333333000133333000133001133333300130001333330001333333333000133333333
33300100013330000013333000113333001133330001333333333300013333333000133333000130011333333300130001333330001333333333000133333333
33300100013300000013333000113333001133330001333333333300013333333000133333000000011333333300130001333330001333333333000133333333
33300100001300000013333000113333001133330001333333333300013333333000133333000000003333333300130001333330001333333333000133333333
33300130001300000013333000113333001133330001333333333300013333333000133333000130001333333300000001333330001333333333000133333333
33300130001100300013333000113333001133330001333333333300013333333000133333000133000133333000000000333330001333333333000133333333
33300130001000300013333000113333001133330001333333333300013333333000133333000133300133333001111000133330001333333333000133333333
33300130000000300013333000113333001133330001333333333300013333333000133333000133300013333001333000133330001333333333000133333333
33300133000000300013333000113333001133330001333333333300013333333000133333000133300013333001333000133330001333333333000133333333
33300133000011300013333000113333001133330001333333333300013333333000133333000133300013333001333000133330001333333333000133333333
33300133000013300013333000013333001133330001333333333300013333333000133333000133300013330001333300133330001333333333000133333333
33300133000013300013333000013333001333330001330003333300013333333000133333000133300113330001333300113330001330033333000133003333
33300133300013300013333000013330001333330001330003333300013333333000133333000133000113330001333300013330001330013333000133001333
33300133300113300013333300001300011333330001330013333300013333333000133333000133000133330001333300003330001330013333000133001333
33000013300113000003333330000000013333300000000013333300013333330000013330000000001133300000333000000330000000013333000000001333
33000013300133000001333333300001133333300000000013333300013333330000013330000000011333300000133000000130000000013333000000001333
33331113331133331111333333331111333333333111111113333331113333333311113333311111113333331111133331111133111111113333311111111333
33333333333333333333333333333333333333333333333333333333333333333333333333333333333333333333333333333333333333333333333333333333
33333333333333333333333333333333333333333333333333333333333333333333333333333333333333333333333333333333333333333333333333333333
33333333333333333333333333333333333333333333333333333333333333333333333333333333333333333333333333333333333333333333333333333333
