00000000000000000000000000000000000000000000000000000000000100000000000000010000000000000000000000000000000000000000000000000000
00000000000000000000000000000000000000000001000000000000000000000000333330000000333330000000000033333000010033333000000033333000
00000000000100000000010000000000000000000000000000000000000000000003333333000003333333000000000333333300000333333300000333333300
00000000000000000000000000000000000001000000000000000100000000000033300033300033300033300000003330003330003330003330003330003330
00000100000000000000000000000000000000000000000000000000000000000033000003300033000003301000003300000330003300000330003300000330
00000000000000000000000000000000000000000000000100000000001000000033000003300033000003300000003300000330003300000330003300000330
00000000000000000000000000000000000000000000000000000000000000000000000003300000000003300000000000000330000000000330000000000330
00000000000000000000000000000000000000001000000000000000000000000000000003300000100003300000000000000330000000000330000010000330
00000000000001000000000000000000000000000000000000000000000000000000000033000000000033000000000000003300000010003300000000003300
00000000000000000000000000000001000000000000001000000000100000000000000033000000000033000000000000003300000000003300000000003300
00000100000000000000000000000000000000000000000000000000000010000000000330000000000330000000000000033000000000033000000000033000
00000000000000000000000000000000000000000000000000000000000000000000003300000000003300000000000000330000000000330000000000330000
00000000000000000000000000000000000000001000000000000000010000000000033001000000033000000000000003300000000003300000000003300000
00000000000000000000010000000000000000000000000000000000000001000100330000000000330000000000000033000000000033000000100033000000
00000000000000000000000000000000000000000000000000000000000000000003300000000003300000000000000330000000000330000000000330000000
00000000000000000000000000000001000000000000000000000000000100000033333333300033333333300330003333333330003333333330003333333330
00000000000000010000000000000000000000000000000000000000000000000333333333300333333333300330033333333330033333333330033333333330
00000000001000000000000000000000000000100000000000000000000000000000000000000000000000000000000000000000000000000000000000000000
00000000000000000000000000000000000000000001000000000000000000100000010000000000000000000000000000000000000000000000000000100000
00000000000000000000000000000000000000000000000000000010001000000001000000000000000000000000000000000000000000000000000000000000
00000000000000000000000100000000000000000000000000000000000000000000000000000010000100000000000000000100000000000000000000000000
00100000000000000000000000000000000000000000000100000000000000001000000000010000000000000000000000000000000000000000000000000000
00000000000000000000000000000000000000000000000000000000000000000000000000000000000000000000000000000000000000000000000000000000
00000000000000000000000000000000010000000000000000001000000000000000010000000000000000000010000000000000000000000000000000000000
00000000000000000000000000000000000000000000000000000000000000000000000000000000000000000000000000000000000000000000000000000000
00000000000033300300000330030003033330333000000000003000000000000100000001000000003330003300300003000000000030000000000000000000
00000000000030030300003003003030030000300300000000033000001000100000000000000000003003030030300003000000000330000000000000000000
00000000000030030300003003000300030000300300000010003000000000000000000000000000003330030030300003000000000030000000000000000000
00000010000033300300003333000300033300333000000000003000000000000000001000000000003003033330300003000000000030000000000000000000
00000111000030000300003003000300030000303000000000003000000000000000000000000010003003030030300003000000000030000000000000000000
10000010000030000333303003000300033330300301000000003001000010000001000000000000003330030030333303333000000030000000100000000001
00000000000000000000000000000000000000000000000000000000000000000000000000000000000000000000000000000000000000000000000000000000
