00000000000000000000000000000000000000000000000000000000000000000000000000000000000000000000000000000000000000000000000000000000
00000000000000000000000000000000000000000000000000000000000000000000000000000000000000000000000000000000000000000000000000000000
00000000000000000000000000000000000000000000000000000000000000000000000000000000000000000000000000000000000000000000000000000000
00000000000000000000000000000000000000000000000000000000000000000000000000000000000000000000000000000000000000000000000000000000
00000000000330000003300003333000000333000003300000033000000330000003300003333000000330000333333000000000000330000333333000000000
00000000003333000033330003333300003333300033330000333300003333000033330003333300003333000333333000000000003333000333333000000000
00000000003333000033330003303300033303300033330000333300003333000033330003303300003333000003300000000000003333000330000000000000
00000000003303000033030003303330033000000033030000330300003303000033030003303330003303000003300000000000003303000330000000000000
00000000003303000033030003300330033000000033030000330300003303000033030003300330003303000003300000000000003303000333300000000000
00000000003303000033030003300330033000000033030000330300003303000033030003300330003303000003300000000000003303000333300000000000
00000000003303000033030003303330033000000033030000330300003303000033030003303330003303000003300000000000003303000330000000000000
00000000033333300333333003303300033303300333333003333330033333300333333003303300033333300003300000000000033333300330000000000000
00000000033333300333333003333300003333300333333003333330033333300333333003333300033333300333333000000000033333300333333000000000
00000000033003300330033003333000000333000330033003300330033003300330033003333000033003300333333000000000033003300333333000000000
00000000000000000000000000000000000000000000000000000000000000000000000000000000000000000000000000000000000000000000000000000000
00000000011111100111111001111110011111100111111001111110011111100111111001111110011111100111111001111110011111100111111000000000
00000000000000000000000000000000000000000000000001111110011111100111111001111110011111100111111001111110011111100111111000000000
00000000000330000003300000033300000330000033330000000000000000000000000000000000000000000000000000000000000000000000000000000000
00000000003333000033330000333330003333000333333000000000000000000000000000000000000000000000000000000000000000000000000000000000
00000000003333000033330003330330003333000330033000000000000000000000000000000000000000000000000000000000000000000000000000000000
00000000003303000033030003300000003303000330033000000000000000000000000000000000000000000000000000000000000000000000000000000000
00000000003303000033030003300000003303000033330000000000000000000000000000000000000000000000000000000000000000000000000000000000
00000000003303000033030003300000003303000033330000000000000000000000000000000000000000000000000000000000000000000000000000000000
00000000003303000033030003300000003303000330033000000000000000000000000000000000000000000000000000000000000000000000000000000000
00000000033333300333333003330330033333300330033000000000000000000000000000000000000000000000000000000000000000000000000000000000
00000000033333300333333000333330033333300333333000000000000000000000000000000000000000000000000000000000000000000000000000000000
00000000033003300330033000033300033003300033330000000000000000000000000000000000000000000000000000000000000000000000000000000000
00000000000000000000000000000000000000000000000000000000000000000000000000000000000000000000000000000000000000000000000000000000
00000000011111100111111001111110011111100111111000000000000000000000000000000000000000000000000000000000000000000000000000000000
00000000011111100111111001111110011111100111111000000000000000000000000000000000000000000000000000000000000000000000000000000000
00000000000000000000000000000000000000000000000000000000000000000000000000000000000000000000000000000000000000000000000000000000
00000000000000000000000000000000000000000000000000000000000000000000000000000000000000000000000000000000000000000000000000000000
