00000000000000000000000000000000000000000000000000000000000000000000000000000000000000000000000000000000000000000000000000000000
00000000000000000000000000000000000000000000000000000000000000000000000000000000000000000000000000000000000000000000000000000000
00000000000000000000000000000000000000000000000000000000000000000000000000000000000000000000000000000000000000000000000000000000
00000000000000000000000000000000000000000000000000000000000000000000000000000000000000000000000000000000000000000000000000000000
00000000000000000000000000000000000000000000000000000000000000000000000000000000000000000000000000000000000000000000000000000000
00000000000000000000000000000000000000000000000000000000000000000000000000000000000000000000000000000000000000000000000000000000
00000000000000000000000000000000000000000000000000000000000000000000000000000000000000000000000000000000000000000000000000000000
00000000000000000000000000000000000000000000000000000000000000000000000000000000000000000000000000000000033000000330000000003300
00000000000000000000100000000000000000010000000000000000000330000000003333000330000003300000033000000330033000000330000000333300
00000000000000000000000000000000000000000000000000000000000330000000003333000330000003300000033000000330033000000330000000333300
00000000000000000000000000000000000000000000000000000000000330000000000033300330000003300000033010000330033000000330000000003330
00000000000000000000000000000000000000000000000000000000000330000000000003300330000003300000033000000330033000000330000000000330
00000000000000000000000000000001000000000000000000000000100330000000000003300330000003300000033000000330033000000330000000000330
00000100000000000000000000000000000000000000000100000000000330000330010003300330000003301000033000000330033000000330033000000330
00000000000000000000000000000000000000000000000000000000000330000333000033300033000033000000003300003300003300003300033300003330
00000000000000000000000000000000000000000000000000000000000330000033333333000003333330000330000333333000000333333000003333333300
00000000000000000000000000000000000000000000000000000000000330000000333330000000333300000330000033330000000033330000000033333000
00000000000000000001000000000000000000000001000000010000000000000010000000000000000000000000000000000000000000000000000000000000
00000000000000000000000000000000000000000000000000000000000000100000000000000000000000000000000000000000000000000000000000000000
00000000000000000000000000000100000000000000000000000000001000000001000000000000000000000000000000000000000000000000000000000000
00000000000000000000000000000000000010000000000000000000000000000000000001000100000000000000000000000000000000000000000000000000
00000000000000000000000000000000000000000000000000000000000000100000000000000000000000000000000000000000000000000000000000000000
00000000000000000000000000000000000000000000000000010000010000000000010000000000000000000000000000000000000000000000000000000000
00000000000000000000000000000000000000000000000000000000000000000000000000000000000000100000100000000000000000000000001000000000
00000000100000000000000000000000000000000000000000000000000000000000000000000000010000000000000000000000000000000000000000000000
00000000000000330300300330003300333000330033300000003000000000000010000000000000000333000330030000033000000030000000000000000000
00000000000000030300303003030030300303003030030000033000000000000000000000000000000300303003030000300300000330000000000000000000
00000000000000030300303000030030300303003030030000003000000000100000000000000000000333003003030000300300000030000000000000000000
00000000000000030300303033033330300303003033330001003000000000000000000010000000000300303003030000333300000030000000000000000000
00000000000030030300303003030030300303003030300000003000000000000000000000000000000300303003030000300300000030000000000000000000
00000000000003300033000330030030333000330030030000003000000000000000100000000000000333000330033330300300000030000000000000000000
00000000000000000000000000000000000000000000000000000000000000010000000000000010000000000000000000000000000000000000000000000000
