00000000000000000000000000000000000000000000000000000000000000000000000000001000010000000000000000000000000000000000000000000000
00000000000000000000000000000000000000000001000000000000000000000000000000000000000000000000000000010000000000000000000000000001
00000000010000000000100000000000000000000000000000000000000000010000000000000000000000000000000000000000000000000000000000000000
00000000000000000000000000000000000010000000000000000100000000000000000000000000000000000000000000000000000000000000000000000000
00010000000000000000000000000000000000000000000000000000000000000000000000000000000000000100000000000000000000000010000000000000
00000000000000000000000000000000000000000000000100000000010000000000000000000000000000000000000000000000000000000000000000000000
00000000000000000000000000000000000000000000000000000000000000000000100000000000000000000000000000000000000000000000000000000000
00000000000000000000000000000000000000010000000000000000000000000000000000000000000000000000000000000100000000000000000000100000
00000000000000000000000000000000000000000000000000000000000000000000000000010000000000000000000000000000000001000000000000000000
00000000000000000000000000000010000000000000010000000000100000000000000000000000000000000000000000000000000000000000000000000000
00010000000000000000000000000000000000000000000000000000000000000000010000000000000000000000000000000000000000000000000000000000
00000000000000000000000000000000000000000000000000000000000000000000000000000000000000100000000000000000000000000000000000000000
00000000000000000033300333330033300333300333330000000000010000000000000001000000000000000000000000000000000000000000000000000000
00000000000000000300030003000300030300030003000000100000000001000101000000000000010000000000000000000000000000000000001000000000
00000000000000000300000003000300030300030003000000000000000000000000000000000000000000000000000000000000000000000000000000000000
00000000000000000033300003000300030333300003000000000000000000000000010000010000000000000000010000000000000010000000000000000000
00000000000000000000030003000333330303000003000010000000000100000000000000000000000000000000000000000000000000000000000000000000
00000000010000000000030003000300030300300003000000000000000000000100000000000000000000000000000000000000000000000000000000000100
00000000000000000300030003000300030300030003000000000000000000000000010001000000000000000000000000000000000000000000000000001110
00000000000000000033300003000300030300003003000000000010001000000001000000000000000000000000000000000000000000000000000000000100
00000000000000000000000000000000000000000000000000000000000000000000000000000001000010000000000000000010000000000000000000000000
00000000000000000000001000000000000000000000000100000000000000000000000000010000000000000000000000000000000000000000000000000000
00000000000000000000000000000000000000000000000000000000000000000000000000000000000000000000000000000000000000000000000000000000
00000000000000000000000000000000000000000010000000001001000000100000000000000000000000000001000000000000000000000000000000000000
00000000000000000000000000000000000000000000000000000000000000000000010000000000000000000000000000000000000000000000000100000000
00000000000033300300000330030003033330333000000000003000000000000100000000000000003330003300300003000000000030000000000000000000
00000000000030030300003003003030030000300300000000033000000000100000000000000000003003030030300003000000000330000000000000000000
00000000000030030300003003000300030000300300000000003000000000000000000000000000003330030030300003000000000030000000000000000000
00000000000033300300003333000300033300333000000100003000000000000000000000000000003003033330300003010000000030000000000000000000
00001000000030000300003003000300030000303000000000003000000000000000001000000000003003030030300003000000000030000000000000000000
00000000000030000333303003000300033330300301000000003000000000000001000000000000003330030030333303333000000030000000001000000000
00000000000000000000000000000000000000000000000000000000000010000000000000000000000000000000000000000000000000000000000000000000
