00000000000000000000000000000000000000000000000000000000000000000000000000000000000000000000000000000000000000000000000000000000
00000000000000000000000330000000333330000003300000000000333333000000333300000000333330000000000033333000000000003000000033333000
00000000000000000000003330000003333333000033300000000003333333000003333330000003333333000000000333333300000000033000000333333300
00000000000000000000033330000033300033300333300000000003300000000033300333000033300033300000003330003330000000033000003330003330
00000000000000000000000330000033000003300003300000000003300000000330000003300033000003300000103300000330000000333000003300000330
00000000000000000000000330000033000003300003300000000003300000000330000003300000000003300122200001000330000000333000100001120330
00000000000000000000000330000000000003300003300000000033333330000330000003300000000003301333333333200330111003333022333333300330
00000000000000000000000330000000000003300003300000000033333330000330000003300000000033003333333330003300333033033033333330003300
00000000000000000000000330000000000033000003300000000033000033000333000033300000203333023333323330333303320033033011333330333303
00000000000000000000000330000000000033000003300000000000000003300033333333000013303333003333211220333300200330033012333330333300
00000000000000000000000330000000000330000003300000000000000003300003333333000133200033303332112120003330003330033033333330003330
00000000000000000000000330000000003300000003300000000000000003300000003330022333300003303331012122200330033300033000333333300330
00000000000000000000000330000000033000000003300000000000000003300000003300330000311303303320000022220330033333333330000033330330
00000000000000000000000330000000330000000003300000000030000033000000033003330330033003303210033002200330033333333330033003300330
00000000000000000000000330000003300000000003300000000333000333000000330033110333000033300000033300003330000000033000033300003330
00000000000000000000000330000033333333300003300003300033333330000003300332000033333333000330003333333300111111033023003333333300
00000000000000000000000330000333333333300003300003300003333300000033002333100000333330020330000033333001110000033022200033333002
00000000000000000000000000000000000000000000000000000000000000000000003333201220000000330000001000000011110000000022222000000022
00000000000000000000000000000000000000000000000000000000000000000000002333102333101333331110001010000011110000001222222222222211
00000000000000000000000000000000000000000000000000000000000000000000002333102333102333331100001000000011110000000122222222222222
00000000000000000000000000000000000000000000000000000000000000000000001333222333212333331100000000000001111100000122212222222111
00000000000000000000000000000000000000000000000000000000000000000000000222232233322333332100000000000000001111111122222222122111
00000000000000000000000000000000000000000000000000000000000000000000000022222222222222222200000000000000012111111111222222222221
00000000000000000000000000000000000000000000000000000000000000000000000002222222222222222210000000000000132221111111222222222222
00000000000000000000000000000000000000000000000000000000000000000000000000111122000000000000000000000000000000000000002222222122
00000000000033300300000330030003033330333000000000003000000000000000000000000012033303030333033000300000330003003000301111122212
00000000000030030300003003003030030000300300000000033000000000000000000000000001030003030030030303030000303030303000301111211300
00000000000030030300003003000300030000300300000000003000000000000000000000000000030000300030030303030000330030303000301111121210
00000000000033300300003333000300033300333000000000003000000000000000000000000000033000300030033003330000303033303000301111111210
00000000000030000300003003000300030000303000000000003000000000000000000000000000030003030030030303030000303030303000300000011100
00000000000030000333303003000300033330300300000000003000000000000000000000000000033303030030030303030000330030303330333000000000
00000000000000000000000000000000000000000000000000000000000000000000000000000000000000000000000000000000000000000000000000000000
