00000000000000000000000000000000000000000000000000000000000000000000000000000000000000000000000000000000000000000000000000000000
00000000000000000000000000000000000000000000000000000000000000000000000000000000000000000000000000000000000000000000000000000000
00000000000000000000000000000000000001111111000001111100001100001100001111100000111110000000000000000000000000000000000000000000
00000000000000000000000000000000000001111111100011111110001110001110011111110001111111000000000000000000000000000000000000000000
00000000000000000000000000000000000001111111110111111111001111001110111111111001111111100000000000000000000000000000000000000000
00000000000000000000000000000000000001110001110111100011101111101110111100011101110001100000000000000000000000000000000000000000
00000000000000000000000000000000000001111111110111000011101111101110111000011101111110000000000000000000000000000000000000000000
00000000000000000000000000000000000001111111100111000011101111111110111000011100111111000000000000000000000000000000000000000000
00000000000000000000000000000000000001111111110111000011101110111110111000011100011111100000000000000000000000000000000000000000
00000000000000000000000000000000000001110001110111000111101110111110111000111101100011100000000000000000000000000000000000000000
00000000000000000000000000000000000001111111110011111111101110011110011111111101111111100000000000000000000000000000000000000000
00000000000000000000000000000000000001111111110001111111001110001110001111111000111111100000000000000000000000000000000000000000
00000000000000000000000000000000000000111111100000111110000110000110000111110000011111000000000000000000000000000000000000000000
00000000000000000000000000000000000000000000000000000000000000000000000000000000000000000000000000000000000000000000000000000000
00000000000000000000000000000000000000000000000000000000000000000000000000000000000000000000000000000000000000000000000000000000
00000000000000000000000000000011111100000011111111100000111111111000001110011111111111000001111100000000000000000000000000000000
00000000000000000000000000001111111111000011111111110000111111111100001111011111111111100001111110000000000000000000000000000000
00000000000000000000000000001111111111100013333333333000133333333330001333013333333333300001333330000000000000000000000000000000
00000000000000000000000000011333333333300013333333333300133333333333001333003333333333300011333330000000000000000000000000000000
00000000000000000000000000113333000033330013330000133300133300001333001333000001333000000013331333000000000000000000000000000000
00000000000000000000000000133330000003333013330000133300133300001333001333000001333000000013331333000000000000000000000000000000
00000000000000000000000000133300000001333013331111133300133311111333001333000001333000000013330333000000000000000000000000000000
00000000000000000000000000133300000001333013333333333300133333333330001333000001333000000113300133300000000000000000000000000000
00000000000000000000000000133300000001333013333333333000133333333330001333000001333000000133300133300000000000000000000000000000
00000000000000000000000000133300000001333013333333300000133333333333001333000001333000000133311133300000000000000000000000000000
00000000000000000000000000133300000011333013330033330000133300000333301333000001333000001133333333300000000000000000000000000000
00000000000000000000000000033330000113333013330003333000133300000133301333000001333000001333333333330000000000000000000000000000
00000000000000000000000000003333111133330013330001333000133311111133301333000001333000001333333333330000000000000000000000000000
00000000000000000000000000001333333333300013330000333300133333333333301333000001333000011333000003330000000000000000000000000000
00000000000000000000000000000333333333300013330000133300133333333333001333000001333000013330000001333000000000000000000000000000
00000000000000000000000000000003333330000003330000033330033333333330000333000000333000003330000000333000000000000000000000000000
00000000000000000000000000000000000000000000000000000000000000000000000000000000000000000000000000000000000000000000000000000000
