00000000000000000000000000000000000000000000000000000000000000000000000000000000000000000000000000002323333111111112233222112110
00000000000000000000000000000000000000000000000000000000000000000000000000000000000000000000000000003333333111111113332222111111
00000000000000000000000000000000000000000000000000000000000000000000000000000000000000000000000000003333333211111113333222112111
00000000000000000000000000000000000000000000000000000000000000000000000000000000000000000000000000023333333211111123333232111111
00000000000000000000000000000000000000000000000000000000000000000000000000000000000000000000000000123333223321111233333322111111
00000000000000000000000000000000000000000000000000000000000000000000000000000000000000000000000000023333223331112333333321111111
00000000000000000000000000000000000000000000000000000000000000000000000000000000000000000000000000133333223333333333333332111111
00000000000000000000000000000000000000000000000000000000000000000000000000000000000000000000000000033333222332233333333332111111
00000000000000000000000000000000000000000000000000000000000000000000000000000000000000000000000000013333222332333333333231112111
00000000000000000000000000000000000000000000000000000000000000000000000000000000000000000000000000002232222222222333332221121111
00000000000000000000000000000000000011111111111111111111111111111111111111111111111111111111111111102232222222211323332222211111
00000000000000000000000000000000011222222222222222222222222222222222222222222222222222222222222222222333000000000000000000000000
00000000000000000000000000000000000000100000000000000000001000000000000000100000000000000000000000000000000000000000000000000000
00000000000000000100000000000000000000000000000000000000000001000101000000000000001000000000000000000000000000000000000000100000
00000000000000000000000000000000000000000000000000000000000000000000000000000000000000000000000000000000000000000000000000000000
00000000000000000000000000000000000000000000000000000000000000000000001000001000000000000000000010000000000000010000000000000000
00000000000000000000000000001000000000000000000100000100000100000000000000000000000000000000000000000000000000000000000000000000
00000000001000000000000000000000000010000000000000000000000000000100010000000000000000000000000000000000000000000000000000000000
00000100000000000000000000000000000000000100000000000000000000100000000000100000000000000000000000000000000000000000000000000000
00000000000000000000000000000000000000000000000000000000000000000000000000000000000000000000000000000000000000000000000000000000
00000000000000000000000000000000000000000000000000000100010000000001000000000000000000000000000000000000000000000000000000000000
00000000000000000001000000000000000000000000000000000000000000000000000000000000100000000000000000000000000000000000000000000000
00000000000000000000000000000000000000000000001000000000000000000100000000000000000000000000000000000000000000000000000000000000
00000000000000000000000000000000000000000000000000000000000000000000000000000000000000000000000000000000000000000000000000000000
00000000000000000000000000000000000000001000000000010001000000100000000000000000000000000000010000000000000000000000000000000000
00000000000000000000000000000000000000000000000000000000000000000000001000000000000001000000000000000000000000000000000000001000
00000000000000000000000000000000000000000000000000000000000000000010000000000000000000000000000000000000000000000000000000000000
00000000000000000000000000000000000000000000000000000000000000100000000000000000000000000000000000000000000000000000000000000000
00000000001000000000000010000000000000000000000000000000010000000000000000000000000000000000000000000000000000000000000000000000
00000000000000000000000111000000000010000000001000000000000000000000000000000000000000000000000000000010000000000000000000000000
10000000000000000000000010000000000000000000000000000000000000000000000100000000000000000000000000000111000000000010000000000000
00000000000000000000000000000000000000000000000000000000000000000000100000000000100000000000000000000010000000000000000000100000
