00000100000000000000000000000000000000000100000000000000000000000000000000000000000000000000000000000100000000100000000000000000
00001110000000000100000001000000000000000000000000000000000000010000000000000000000000000000000000000000000000000000000000000000
00000100000000000000000000000000001000000000000000000100000000000000000000000000000000000000000000000000000000000000001000000000
00000000000000000000000000000000000000000000000000000000000000000000000000000000000000000000100000000000000000000000011100000000
00000000000000000000000000000000000000000000000000000000010000000000000000000000000000000000000000000000000000000000001000000000
00000000000000000000000000000000000000000000001000000000000000000000000001000000000000000000000000000000000000000000000000000000
00000000000000000000000000000000000000000000000000000000000000000000100000000000001000000000000000000000000000000000000000000000
00000000100000000000000000000000000000000000000000010000000000001000000000000000000000000000000000000000100000000000000000000000
00000000000000000000000000000000000000000000000000000000000000000000000000001000000000000000000000000000000000000100000000000000
00000000000000000000000000001000000000000000100000000000100010000000000000000000000000000000000000000000000000000000000000000000
00000000000000000000000000000000000000000000000000000000000000000000010000000000000000000000000000000000000000000000000000000000
00000000000000000000000000000000000000000000000000000000000000000000000000000000000000000000000000000000000000000000000000000000
00000000000000000000000000000000000000100000000000000000001000000000000000100000000000000000000000000000000000000000000000000000
00000000000000000100000000000000000000000000000000000000000001000101000000000000001000000000000000000000000000000000000000100000
00000000000000000000000000000000000000000000000000000000000000000000000000000000000000000000000000000000000000000000000000000000
00000000000000000000000000000000000000000000000000000000000000000000001000001000000000000000000010000000000000010000000000000000
00000000000000000000000000001000000000000000000100000100000100000000000000000000000000000000000000000000000000000000000000000000
00000000001000000000000000000000000010000000000000000000000000000100010000000000000000000000000000000000000000000000000000000000
00000100000000000000000000000000000000000100000000000000000000100000000000100000000000000000000000000000000000000000000000000000
00000000000000000000000000000000000000000000000000000000000000000000000000000000000000000000000000000000000000000000000000000000
00000000000000000000000000000000000000000000000000000100010000000001000000000000000000000000000000000000000000000000000000000000
00000000000000000001000000000000000000000000000000000000000000000000000000000000100000000000000000000000000000000000000000000000
00000000000000000000000000000000000000000000001000000000000000000100000000000000000000000000000000000000000000000000000000000000
00000000000000000000000000000000000000000000000000000000000000000000000000000000000000000000000000000000000000000000000000000000
00000000000000000000000000000000000000000000000000000001000000100000000000000000000000000000000000000000000000000000000000000000
00000000000000330300300330003300333000330033300000003000000000000000001000000000033000300300003000033303030333033000300000001000
00000000000000030300303003030030300303003030030000033000000000000010000000000000030303030300030300030003030030030303030000000000
00000000000000030300303000030030300303003030030000003000000000100000000000000000033003030300030300030000300030030303030000000000
00000000001000030300303033033330300303003033330000003000010000000000000000000000030303030300033300033000300030033303330000000000
00000000000030030300303003030030300303003030300000003000000000000000000000000000030303030300030300030003030030033003030000000000
10000000000003300033000330030030333000330030030000003000000000000000000100000000033300300333030300033303030030030303030000000000
00000000000000000000000000000000000000000000000000000000000000000000100000000000100000000000000000000000000000000000000000100000
