00000000000000000000000000000000000010000000000000000000000000000000000000010000000000000000000000000100000000000000000000000000
00000000000000000000000000003333330000003333300000000000333333000000333300000000333300000000000033330010000033330000000333333000
00000000000000000001000000033333330000033333330000000003333333000003333330000003333330000000000333333000000333333000003333333300
00000000000000000011100000033000000000333000333000001003300000000033000033000033000033000000003300003300003300003300003300003300
00000000000000000001000000033000000000330000033000000003300000000330000003300330000003300000033000000330033000000330033000000330
00000000000000000000000000033000000000000000033000000003300000000330000003300330000003300000033000000330033000000330033000000330
00000000000000000000000000333333300000000000033000000033333330000330000003300330000003300000033000000330033000000330033300003330
00000000000000000000000000333333300000000000330000100033333330000330000003300330100003300000033000000330033000000330003333333300
00000000000000000000000000330000330000000033330000000033000033000330000003300330000003300000033000000330033000000330000333333000
00000000000000000000000000000000033000000033330000000000000003300330000003300330000003300000033000000330033000000330003333333300
00010000000000000000000000000000033000000000333000000000000003300330100003300330000003300000033000000330033000000330033330033330
00111000000000000000000000000000033000000000033000000000000003300330000003300330000003300000033010000330033000000330033300003330
00010000000000000000000000000000033000000000033000000000100003300330000003300330000003300000033000000330033000000330033000000330
00000000000000000000000000300000330003300000033001000030000033000330000003300330000003300000033000000330033000000330033000000330
00000000000000000000000003330003330003330000333000000333000333000033000033000033000033000000003300003300003300003300033300003330
00000000000000000000000000333333300000333333330003300033333330000003333330000003333330000330000333333000000333333000003333333300
00000000000000000000000000033333000000003333300103301003333300000000333300000000333300000330000033330000000033330000000333333000
00000000000000000000000000000000000010000000000000000000000000000000000000000000000000000000000000000000000000000000000000000000
00000000000000000000000000000000000000000100000000000000000000001000100010000000000000000000000000000000000000000000000000000000
00000000000000000000000000000000000000000000000000000000100000000010000000000000000000000000000000000100000000000000000000000000
00000000000000000000000000000000000000000000000000000000000000000000000000000000000100000000000000000000000000000000000000000000
00000000000000000000000000010000000000000000000000000000000000000000000000010010000000000000000000000000000000000000000000000000
00000000000000000000000000111000000000000000001000000000000000010000000000000000000000000000000000000000000000000000000000000000
00000000000000000000000000010000000000001000000000000010000001000000000000000000000000000000000000000000000000000000000000000000
00000000000000000000000000000000000000000000000000000000000000000000100000000000000000000000000000000000000000000000000000000000
00000000000033300300000330030003033330333000000000003000000000000000000000000000003330003300300003000000000030000000000000000000
00000000000030030300003003003030030000300300000000033000000000000000000001000000003003030030300003000000000330000000000000000000
00000000000030030300003003000300030000300300000000003000100001000000000000000000003330030030300003000000000030000000000000000000
00000000000033300300003333000300033300333000001000003000000000000000000000000000003003033330300003000000000030000000000000000000
00000000000030000300003003000300030000303000000000003000000000000000010000000000003003030030300003000000000030000000000000000000
00000000000030000333303003000300033330300300000000003000000000000000000000000010003330030030333303333000000030000000000000000000
00000000000000000000000000000000000000000000000000000000000100000000000000000111000000000000000000000000000000000000000000000000
