00000000000000000000000000000000000000000000000000000000000000000000000000000000000000000000000000000000000000000000000000000000
00000000000000000000000000000000000000001000000000000000333330000000000330000000000030000003300000000003300000033000000000003000
00000000000000000000000000000000000000000000000000000003333333000000003330000001000330000033300000000033300000333000000000033000
00000000000000000000000000000000000000000000000000000033300033300000033330000000000330000333300000000333300003333000000000033000
00000000000000000000000000000100000000000000000000000033000003300100000330000000003330000003300000000003300000033000000010333000
00000000000000000000000000000000000000000000000100000033000003300000000330000000003330000003300000000003300000033000000000333000
00000000000000000000000000000000000000000000000000000000000003300000000330000000033330000003300000000003300000033000000003333000
00000000000000010000000000000000000001000000000000000010000003300000000330000000330330000003300000000003300000033000000033033000
00000000000000000000000000000000000000000000000000000000000033000000000330000000330330000003300000000003300000033000000033033000
00000000000000000000000000000000000000000000000000000000000033000000000330000003300330000003300000000003300000033000000330033000
00000000000000000000000000000000000000000000000000000000000330000000000330000033300330000003300000010003300000033000003330033000
00000000000000000000000000000000000000000000000000000000003300000000000330000333000330000003300000000003300000033000033300033000
00000000000000000000000000000100000000000000000000000000033000100000100330000333333333300003300000000003300000033000033333333330
10000000000000000000000000000000000000000000010000000000330001000100000330000333333333300003300000000003300000033000033333333330
00000000000000000000000000000000000000000000000000000003300000000000000330000000000330000003300000000003300000033000000000033000
00000000000000000000000000000000000000000000000000000033333333300330000330000000000330000003300003300003300000033000000000033000
00000000000000000000000000000000000000000000000000000333333333300330000330000000000330000003300003300003300000033000000000033000
00000000000000010000000000000000000000000010000000000000000000000000000000100000000000000000000000000000000000000000000000000000
00000000000000000000000000000000000000000000000000100000001000000000001000000000000000000000000000000000000000000000000000000000
00000000000000000000000000000000000000000000000000000000000000100000100000000000000000000000000000000000000000000000000000000000
00000000000000000000000000100000000000000000000000000000000000000001000000100000000000000000000000000000000000000000000000000000
00000000000000000000000000000000010000000000000000000000000000000000000001000001000000000000000000000000000000000000000000000000
00000000000000000000000000000000000000000000000000000000100000100000001000000000000000000000000000000000000000000000000000000000
00000000000000000000000000000000000000000000000000010000000000000000000000000000000000000000000000000000000000000000000000001000
00010000000000000000000000000000000000000000000000000000000000000000000000000000000000000000000000000000000000000000000000011100
00111000000000330300300330003300333000330033300000003000000000000000000000000000000333000330030000033000000030000000000000001000
00010000000000030300303003030030300303003030030000033000000000000010000000000000000300303003030000300300000330000000000000000000
00000000000000030300303000030030300303003030030000003000000000000000000000000000000333003003030000300300000030000000000000000000
00000000000000030300303033033330300303003033330000003000000000100000000000100000000300303003030000333300000030000000000000000000
00000000000030030300303003030030300303003030300100003000000000000000000001110000000300303003030000300300000030000000000000000000
00000000000003300033000330030030333000330030030000003000000000000000000000100000000333000330033330300300000030000000000000000000
00000000000000000000000000000000000000000000000000000000000000000000000000000000000000000000000000000000000000000000000000000000
