00000000000000000000000000000000000000000000000000000000000000000000000000000000000000000000000000000000000000000000000000000000
00000000000000000000000000000000000000000000000000000000000000000000000000000000000000000000000000000000000000000000000000000000
00000000000000000000000000000000000000000000000000000000000000000000000000000000000000000000000000000000000000000000000000000000
00000000000000000000000000000000000000000000000000000000000000000000000000000000000000000000000000000000000000000000000000000000
00000000000000000000000000000000000000000000000000000000000000000000000000000000000000000000000000000000000000000000000000000000
00000000000000000000000000000000000000000000000000000000000000000000000000000000000000000000000000000000000000000000000000000000
00000000000000000000000000000000000000000000000000000000000000000000000000000000000000000000000000000000000000000000000000000000
00000003333300000000000333330000033333003330033300000000033300000000000003333330000003330000003330033333333333000003333300000000
00000033111110000000000311111000031111103111031110000000031110000000000333111111300003111000003111031111111111100333111113000000
00000331111111000000000311111000031111103111031110000000031110000000000311111111110003111100003111031111111111100311111111100000
00000311100311100000000311111000331111103111031110000000031110000000003311111111110003111110003111031111111111103311111111100000
00000011100311100000000311131100311311103111031110000000031110000000033111100001111003111110003111031110000000003111100011110000
00000000000311100000000311131100311311103111031110000000031110000000031111000000111103111111003111031110000000003111000001110000
00000000003311100000000311131103311311103111031110000000031110000000031110000000311103111311003111031113333330000111133000000000
00000000033111000000000311131113111311103111031110000000031110000000031110000000311103111011103111031111111111000011111130000000
00000000331111000000000311101113111311103111031110000000031110000000031110000000311103111031103111031111111111000001111111000000
00000000311110000000000311103113110311103111031110000000031110000000031110000000311103111001113111031111111111000000011111100000
00000003311100000000000311103113110311103111031110000000031110000000031110000003311103111003113111031110000000003330000011110000
00000033111000000000000311103111110311103111031110000000031110000000001111000033111103111000111111031110000000003111000331110000
00000031111000000000000311100111110311103111031113333330031113333330000111133331111003111000311111031113333333000111133311110000
00000331113333000000000311100311100311103111031111111111031111111111000311111111110003111000011111031111111111100311111111100000
00000311111111100000000311100311100311103111031111111111031111111111000011111111110003111000001111031111111111100011111111100000
00000011111111100000000011100011100011100111001111111111001111111111000000111111000000111000000111001111111111100000111110000000
00000000000000000000000000000000000000000000000000000000000000000000000000000000000000000000000000000000000000000000000000000000
00000000000000000000000000000000000000000000000000000000000000000000000000000000000000000000000000000000000000000000000000000000
00000000000000000000000000000000000000000000000000000000000000000000000000000000000000000000000000000000000000000000000000000000
00000000000000000000000000000000000000000000000000000000000000000000000000000000000000000000000000000000000000000000000000000000
00000000000000000000000000000000000000000000000000000000000000000000000000000000000000000000000000000000000000000000000000000000
00000000000000000000000000000000000000000000000000000000000000000000000000000000000000000000000000000000000000000000000000000000
00000000000000000000000000000000000000000000000000000000000000000000000000000000000000000000000000000000000000000000000000000000
00000000000000000000000000000000000000000000000000000000000000000000000000000000000000000000000000000000000000000000000000000000
00000000000000000000000000000000000000000000000000000000000000000000000000000000000000000000000000000000000000000000000000000000
