00000000000000000010000000000000000000000000000000000000000000000000000000000000000000000000000000000100000000000000000000000000
00000000000000000111000000000000000000000000000000000000000000000000000033333300000330000000000033330010000033333000000000003300
00000000000000000010000000000000000000000001000000000000000000000010000333333300003330000000000333333000000333333300000000033000
00000000000000000000000000000000000000000010000000000000000000000001000330000000033330000010003300003300003330003330000000330000
00000000000000000000000000000000000000000000000000000000000000000000000330000000000330000111033000000330003300000330000003300000
01000000000000000000000000000010000000000000000000001000000000000000000330000000000330000010033000000330003300000330000033000000
11100000000000000000000000000111000000000000000000000100000010000000003333333000000330000000033000000330000000000330000333330000
01000000000000000000000000000010000000000000000000000000000001000000003333333000000330000000033000000330000000000330003333333000
00000000000000000000000000000000000000000000000000000000000000000000003300003300000330000000033000000330000000003300003330033300
00000000000000000000000000000000000000000000000000000000000000000000000000000330000330000000033000000330000000003300033300003330
00000000000000000000000000000000000000000000000000000000000000000000000000000330000330100000033000000330000000033000033000000330
00000000000000000010000000000000000000000000000000000010000000000000000000000330000330110000033000000330000000330000033000000330
00000000000000000001000000000000000000001000000000000001000000100000000000000330000330100000033000000330000003300000033000000330
00000000000000000000000000000000000000000100000000000000000001000010003001003300000330000000033000000330000033000000033300003330
00000000000000000000000000000000000000000000000000000000000000000000033300033300000330000000003300003300000330000000003330033300
00000000000000000000000000000000000000000000000000000000000100000000003333333000000330000330000333333000003333333330000333333000
00000000000000000000000000000000000000000000000000000000000000000000000333330000000330000330000033330000033333333330000033330000
00000000000000000000000000000000000000000000000000000000000000000000000000000010000000000000000000000000000000000000000000000001
10000000000000000000000000000000000000000000000100000000000000000001000100000001000000000000000000000000000000000000000000000011
00000000000000000000000000000000000100000000001000000000010000100000000000000010000000000000000000000000000000000000000000000001
00000000000000000000000000000000000000000000000000000000001000000000100000000000000000000000000000000000000000000000000000000000
00000000000000010000000000000000000000000000000000000000000000000000000000000000000000000000000000000000000000000000000000000000
00000000000000100000000000000000000000000000000000000000000000000000001000000000000000000000000000000000000000000000000000000000
00000000000000000000000001000000000000000000000000000000000000000000000000000101000010100000000000000000000000000000000000000000
00000000000000000000000000000000000000000000000000000000000000010000000000000010000000000000000000000000000000000000000000000000
00000000000033300300000330030003033330333000000000003001000000000000000000000000003330003300300003000000000030000000000000000000
00000000000030030300003003003030030000300300000100033000000000000000000000100000003003030030300003000000000330000000000000000000
00000000000030030300003003000300030000300300001000003001000000000000000001000000003330030030300003000000000030000000000000000000
00000000000033300300003333000300033300333000000000003000000000000000000000000000003003033330300003000000001030000000000000000000
00000000000030000300003003000300030000303000000000003000000000000000000000000000003003030030300003000000000030000000000000000000
00000000000030000333303003000300033330300300000000003000000000000000100000000000003330030030333303333000000030000000000000000000
00000000000000000000000000000000000000000000000000000000000000000000010000000000000000000000000000000000000000000000000000000000
