00000000000000000000000000000000000000000000000000000000000000000000000000000000000000000000000000000000000000000000000000000000
00000000000000000000000000000000000000000000000000000000000000000000000000000000000000000000000000000000000000000000000000000000
00000000000000000000000000000000000000000000000000000000000000000000000000000000000000000000000000000000000000000000000000000000
00000000000000000000000000000000000000000000000000000000000000000000000000000000000000000000000000000000000000000000000000000000
00000000000330000003300000033000000330000000000000000000000000000000000000000000000000000000000000000000000000000000000000000000
00000000003333000033330000333300003333000000000000000000000000000000000000000000000000000000000000000000000000000000000000000000
00000000003333000033330000333300003333000000000000000000000000000000000000000000000000000000000000000000000000000000000000000000
00000000003303000033030000330300003303000000000000000000000000000000000000000000000000000000000000000000000000000000000000000000
00000000003303000033030000330300003303000000000000000000000000000000000000000000000000000000000000000000000000000000000000000000
00000000003303000033030000330300003303000000000000000000000000000000000000000000000000000000000000000000000000000000000000000000
00000000003303000033030000330300003303000000000000000000000000000000000000000000000000000000000000000000000000000000000000000000
00000000033333300333333003333330033333300000000000000000000000000000000000000000000000000000000000000000000000000000000000000000
00000000033333300333333003333330033333300000000000000000000000000000000000000000000000000000000000000000000000000000000000000000
00000000033003300330033003300330033003300000000000000000000000000000000000000000000000000000000000000000000000000000000000000000
00000000000000000000000000000000000000000000000000000000000000000000000000000000000000000000000000000000000000000000000000000000
00000000011111100111111001111110011111100000000000000000000000000000000000000000000000000000000000000000000000000000000000000000
00000000011111100111111001111110011111100000000000000000000000000000000000000000000000000000000000000000000000000000000000000000
00000000000000000000000000000000000000000000000000000000000000000000000000000000000000000000000000000000000000000000000000000000
00000000000000000000000000000000000000000000000000000000000000000000000000000000000000000000000000000000000000000000000000000000
00000000000000000000000000000000000000000000000000000000000000000000000000000000000000000000000000000000000000000000000000000000
00000000000000000000000000000000000000000000000000000000000000000000000000000000000000000000000000000000000000000000000000000000
00000000000000000000000000000000000000000000000000000000000000000000000000000000000000000000000000000000000000000000000000000000
00000000000000000000000000000000000000000000000000000000000000000000000000000000000000000000000000000000000000000000000000000000
00000000000000000000000000000000000000000000000000000000000000000000000000000000000000000000000000000000000000000000000000000000
00000000000000000000000000000000000000000000000000000000000000000000000000000000000000000000000000000000000000000000000000000000
00000000000000000000000000000000000000000000000000000000000000000000000000000000000000000000000000000000000000000000000000000000
00000000000000000000000000000000000000000000000000000000000000000000000000000000000000000000000000000000000000000000000000000000
00000000000000000000000000000000000000000000000000000000000000000000000000000000000000000000000000000000000000000000000000000000
00000000000000000000000000000000000000000000000000000000000000000000000000000000000000000000000000000000000000000000000000000000
00000000000000000000000000000000000000000000000000000000000000000000000000000000000000000000000000000000000000000000000000000000
00000000000000000000000000000000000000000000000000000000000000000000000000000000000000000000000000000000000000000000000000000000
00000000000000000000000000000000000000000000000000000000000000000000000000000000000000000000000000000000000000000000000000000000
