00000000000000000000000000000000000000000000000000000000000000000000002333333333100000000000000000000000000000000000000000000000
00333000000000000300000003003330030000000300030003000000000000000000013333333333200000000000000000000000000000000000000000000000
00333000000000003030000030003000303000003030303030300000000000000000033333333333310000000000000000000000000000000000000000000000
00033000000000000030000030303300003000000030030030300000000000000000133333333333320000000000000000000000000000000000000000000000
00033000000000000300000033300030030000000300003030300000000000000000233332023333320000000000000000000000000000000000000000000000
00033000000000003000000000303030300000003000303030300000000000000000233112013333310000000000000000000000000000000000000000000000
00033000000000003330030000300300333003003330030003000000210000000010122023223333310000000000000000000000000000000000000000000000
00033000000000000000000000000000000000000000000000000000322222122222112123333333310000000000000000000000000000000000000000000000
00000000000000000000000000000000000000000000000000022222223223333333223101233333200000000000000000000000000000000000000000000000
00000000000000000000000000000000000000000000000001222111122121122122233310013332000000000000000000000000000000000000000000000000
00000000000000000000000000000000000000000000111112211111111111111222233332121310000000000000000000000000000000000000000000000000
00000000000000000000000000000000000000000001101122211111111111111112333333220100000000000000000000000000000000000000000000000000
00000000000000000000000000000000000000000000000012221111111111000001233333331012100000000001112100000000000000000000000000000000
00000000000000000000000000000000000000000000000001222111111110000000022333333211121000000122222321000000000000000000000000000000
00000000000000000000000000000000000000000000000000222111111100000000013322333322332212221222222333200000000000000000000000000000
00000000000000000000000000000000000000000000000000122111111100000000002322233323321222332222223333320000000000000000000000000000
00000000000000000000000000000000000000000000000000122211111000000000002321332011112233333322123333331000000000000000000000000000
00000000000000000000000000000000000000000000000000022101111000000000001321332012012222333321112333332000000000000000000000000000
00000000000000000000000000000000000000000000000000122101111000000000002321223013001222223321111233333100000000000000000000000000
00000000000000000000000000000000000000000000000000122101111000000000002312233113011222233332221233333100000000000000000000000000
00000000000000000000000000000000000000000000000000122001001000000000012212233113001122223321111123333200000000000000000000000000
00000000000000000000000000000000000000000000000001221001010110000000022112233333201122223321000123333200000000000000000000000000
00000000000000000000000000000000000000000001000012210000000010000000122122223333211122223210000123333200000000000000000000000000
00000000000000000000000000000000000000000000001121100011000001100011112222223332132212222220000123223100000000000000000000000000
00000000000000000000000000000000000000000000000012100001000010011111122222333321123000000000000000000000000000000000000000000000
00000000000000330300300330003300333000330033300001003000111010100111222233332100010333000330030000033000000330000000000000000000
00000000000000030300303003030030300303003030030000033011111111111112222333210000000300303003030000300300003003000000000000000000
00000000000000030300303000030030300303003030030000003022222222221222223332000000000333003003030000300300000003000000000000000000
00000000000000030300303033033330300303003033330000003011112222212222222210000000000300303003030000333300000330000000000000000000
00000000000030030300303003030030300303003030300000003000000000011111000000000000000300303003030000300300003000000000000000000000
00000000000003300033000330030030333000330030030000003000000000000000000000000000000333000330033330300300003333000000000000000000
00000000000000000000000000000000000000000000000000000000000000000000000000000000000000000000000000000000000000000000000000000000
