20000010000000000000000000000000000000000000000000000000333333210001220000000002000000000000000000000000000000000000000000000000
20333010000000000000000000000000000000000300000000000000333333310001321103333300000000000000000000000000000000000300000000000000
20333010000000000000000000000000000000003030000000000000111333321001202233333330000000000000000000000000000000003030000000000000
20033020000000000000000000000000000000003030000000000000222222123222323333003330000000000000000000000000000000003030000000000000
23033020000000000000000000000000000000003030000000000000333333223333333300033300000000000000000000000000000000003030000000000000
23033020000000000000000000000000000000003030000000000000122223323333333303333000000000000000000000000000000000003030000000000000
23033030000000000000000000000000000000000300000000000000000012323333332133333330000000000000000000000000000000000300000000000000
23033021000000000000000000000000000000000000000000000000000001333333332233333330000000000000000000000000000000000000000000000000
23000021000000112211222222222322110000033333333333333332100000233333333300000000111001232333333333333333333311023333223332223200
23333331000000122212222222223322210000033333333333333332110000122222333333333111111001222223233223333333333320122211113332222200
23333320000000112212222222223322210000033333333333333332200000121122212222222111110002222223222223223333333320112200123222112200
00000000000000000000000000000000000000000000000000000000200000111111111110000001000000000000000000000000000000000000000000000000
03333300000000000000000000000000000000000300000000000000200000111100111100333301000000000000000000000000000000000300000000000000
03333330000000000000000000000000000000003030000000000000200000111111111103333301000000000000000000000000000000003030000000000000
00003330000000000000000000000000000000003030000000000000100000011111111133303300000000000000000000000000000000003030000000000000
00033300000000000000000000000000000000003030000000000000100000011111111133033330000000000000000000000000000000003030000000000000
33000330000000000000000000000000000000003030000000000000100000011111111133333330000000000000000000000000000000003030000000000000
33333330000000000000000000000000000000000300000000000000200000111111111100003300000000000000000000000000000000000300000000000000
03333300000000000000000000000000000000000000000000000000221011111111111100003301000000000000000000000000000000000000000000000000
00000000000000111112122222223333323333333333333333333333333232111111100000000001110000112122121222222333333223333322333200000000
13210000000001111122222222223333333333333333333333333333333332111211100000001011111000122222222222223333333101333321232200000000
12100000000000111112222222223333333333333333333333333333333333112222100000111011101100022222122222233333233210233332133310000000
12000000000001111121222222223333333333333333333333333333333333112222210101101011101110133222221222223333333321123333123331000000
11000000000011111122222222222333333333333333333333333333333333222222221000111111111111233312222222233222333332112333322332000000
00000000000000000000000000000000000000000033233333300033322333322222222110111111100000000000000000032211233000112333211332000000
00000000001033300300000330030003033330333003333333003033332333333322222210111111103330003300300003033201230030102232211211000000
00000000011030030300003003003030030000300303333333033033332233333333222210000000003003030030300003032101220330001111111111111100
00000000111030030300003003000300030000300303333333003033323333333333333320000000003330030030300003021000110030000001111111111100
00000001111033300300003333000300033300333003333333303032333333333333333320000000003003033330300003000000000030000000111111111100
00000111122030000300003003000300030000303003333333303033333333333333333200000000003003030030300003000000000030000000001110011000
00000111122030000333303003000300033330300303333333303033333333333332222100000000003330030030333303333000000030000000000000011000
00011111112000000000000000000000000000000003333322300032222222211110000000000000000000000000000000000000000000000000000000011000
