00000022000000000000000000000000000000000000000000000000232232233333333333333222333333233333333333333331000000000000000000000000
00333011000000000300000003003330030000000300030003000000322323233333333333333322222333333333333333333332000000000000000000000000
00333000000000003030000030003000303000003030303030300000322222233333333333333332233233333333333333333333100000000000000000000000
00033011000000000030000030303300003000000030030030300000333222333333333333333332223223233333333333333333100000000000000000000000
01033032000000000300000033300030030000000300003030300000333222223333333333333333222222233333333333333333200000000000000000000000
12033033000000003000000000303030300000003000303030300000333222322333333333333333222332333333333333333333200000000000000000000000
13033033000000003330030000300300333003003330030003000000333222223333333333333333322332233333333333333333310000000000000000000000
13033033000000000000000000000000000000000000000000000000333322222333333333333333222232233333333333333333320000000000000000000000
13000033333333333333333333333333100000000000000000011112333332222233333333333333322232233333333333333333320000000000000000000000
13333333333333333333333333333333100000000000000100011111333332223223333333333333332333233333333333333333320000000000000000000000
13333333333333333333333333333333200000000000000000011111233332222333333333333333332222323333333333333333330000000000000000000000
13333333333333333333333333333333100000000000000000011111233332222233333333333333332222333333333333333333330000000000000000000000
13333333322221112223233333333333100000000000000000001111233332212223333333333333332223222333333333333333331000000000000000000000
13333333211111112222223333333333100000000000000000001111133333212223333333333333332222222333333333333333331000000000000000000000
13333332111111222322223333333332100000000000000000001111123333222233333333333333322222233333333333333333331000000000000000000000
12322222211222333332332333332222111100000000000000001111123333221233333333333333332222222333333333333333331000000000000000000000
11211112222233333322211111111111000000000000000000001011123333222222333333333333332222222333333333333333331000000000000000000000
01121122222222333211111111111111100100000000000000001111123333222222333333333333332222222333333333333333331000000000000000000000
11222222222222222211111111111110000000000000000000001111123333222222333333333333332222223333333333333333331000000000000000000000
12222222222222222100111111111111110000000000000000011011123333222222333333333333332222222233333333333333331000000000000000000000
12222222222222221101111111111110000000000000000000001111123333222222333333333333332222222233333333333333330000000000000000000000
12222222222322210011111111111110100000000000000000000011123333222222333333333333332222222333333333333333320000000000000000000000
12222222222222110111111111111111000000000000000000001111123333212222333333333333332222232333333333333333320000000000000000000000
12222222211111001111111111000000000000000000000000000001123333212223333333333333332222233333333333333333310000000000000000000000
12222222221100000000000000000000000000000000000000000011123332212222333333333333322000000000000000000033300000000000000000000000
13333333321000330300300330003300333000330033300000003001123332112222333333333333320333000330030000033003200330000000000000000000
13332322332000030300303003030030300303003030030000033001123332212222333333333333320300303003030000300303203003000000000000000000
13332322233000030300303000030030300303003030030000003001123332212222333333333333220333003003030000300303100003000000000000000000
13333333223000030300303033033330300303003033330000003001123332122223333333333332220300303003030000333303100330000000000000000000
13333333333030030300303003030030300303003030300000003011233322122223333333333332220300303003030000300302003000000000000000000000
13323333333003300033000330030030333000330030030000003011233322122223333333333322220333000330033330300301003333000000000000000000
13223333333300000000000000000000000000000000000000000011233322112223333333333322222000000000000000000030000000000000000000000000
