00000000000000000000000000000000000000000000000000000000000000000000000000000000000000000000000000000000000000000000000000000000
00000000000000000000000000000000000000000000000000000000000000000000000000000000000000000000000000000000000000000000000000000000
00000000000000000000000000000000000000000000000000000000000000000000000000000000000000000000000000000000000000000000000000000000
00000000000000000000000000000000000000000000000000000000000000000000000000000000000000000000000000000000000000000000000000000000
00000000000000000000000000000000000000000000000000000000000000000000000000000000000000000000000000000000000000000000000000000000
00000000000000000000000000000000000000000000000000000000000000000000000000000000000000000000000000000000000000000000000000000000
00000000000000000000000000000000000000000000000000000000000000000000000000000000000000000000000000000000000000000000000000000000
00000000000000000000000000000000000000000000000000000000000000000000000000000000000000000000000000000000033000000330033000000330
00000000000000000003300000330000330000000000330000000033000033000330000003300330000003300000033000000330033000000330033000000330
00000000000000000003300000000100033000000000330000000000000003300330000003300330000003300000033000000330033000000330033000000330
00000000000000000003300000000000033000000003300000000000000003300330001003300330000003300000033000000330033000000330033000000330
00000000000000000003300000000000033000000033000000000000000003300330000003300330000003301000033000000330033000000330033000000330
00000000000000000003300000000000033000000330000000100000010003300330000003300330000003300000033000000330033000000330033000000330
00000000000000000003300000300000330000003300000000000030000033000330000003300330010003300000033000000330033000000330033001000330
00000000000000000003300003330003330000033000000000000333000333000033000033000033000033000000003300003300003300003300003300003300
00000000000000000003300000333333300000333333333003300033333330000003333330001003333330000330000333333000000333333000000333333000
00000000000000000003300000033333000003333333333003300003333300000000333300000000333300000330000033330000000033330000000033330000
00000000000000000000000000000000000000000000000000000000000000000000000000000000000000000000000000000000000000000000000000000000
00000000000000000000000000000000000000000010000000000000000000100000001001000000000000000000000000000000000000000000000000000001
00000000000000000000000000000000000000000000000000000000000000000000000000000000000000000000000000000000000000000000000000000000
00000000000000000000000000000000000000000000000000000100000000000000000000000000000001000000000000000000000000000000000000000000
00000000000000000000010000000000000000000000000000000000000000000000000000000100000000000000000000000000000000000000000000000000
00000000000000000000000000000000000000000000000100000000000000000100000000000000000000000000000000000000000000000000000000000000
00000000000000000000000000000000000000000000000000000000100000100000000000000000000000000000000000000000000000000000000000000000
00000000000000000000000000000000000000000000000000000001000000000000001000000000000000000000000000000000000000000000000000000000
00000000000033300300000330030003033330333000000000003000000000000000000000000000033303030333033000300000330003003000300000000000
00000000000030030300003003003030030000300300000000033000000000000100000000100000030003030030030303030000303030303000300000000000
00000000000030030300003003000300030000300300000000003000001000010000000000000000030000300030030303030000330030303000300000000000
00000000000033300300003333000300033300333000000100003000000000000000000000000000033000300030033003330000303033303000300000000000
00000000000030000300003003000300030000303000000000003000000000000000000000000000030003030030030303030000303030303000300000000000
01000000000030000333303003000300033330300300000000003000000000000000000100000000033303030030030303030000330030303330333000000000
11100000000000000000000000000000000000000000000000000000000000000000100000000000000000000000000000000000000000000000000000000000
