10000033000000000000000000000000000000000000000000000000010002111232321123333333200011110000012232333333333333333233333333310000
10333033000033303330000003000300030000000300030003000000010001111232210002222233311112332111122333333333333333333223333333331000
10333033000000300030000030303030303000003030303030300000010001111132220000000013200112333333333322223333223333333322233333332100
10033033000003000300000003003030303000003030303030300000220001111123221000000011100111332223333311112223322333333322222333333200
12033032000003000300000030303030303000003030303030300000332001111113222000010010001111332112322310111112222223333332222333333200
12033023000030003000000030303030303000003030303030300000333211111112322000010000001011232111111220011111133223333332222333333200
12033023000030003000030003000300030003000300030003000000333332211111233211011000000011123112100120011111122222233333222333333200
12033022000000000000000000000000000000000000000000000000333333320111112332222110011211113211100120001101111322233333322333333200
01000011122233333333332100010010011013333333333333333333333333330100111112333332123321111322211010000000011233223333322333333200
11232122222222333333222100000011010013333333333333322212223333320100111101333333333333221123322111110000001123222333332333333200
01121111111111122222211100011110110112333333333333321111122212320000110101333333333333332011233332321000001113222333332223333200
01112210111111111111111100001111111112322233333333332223332323320001000101333333332332332010133333333310000112322233332223333200
12223210011001111111111110001111111111111111112222232222222221210111011101333333321222232100133333333321000012322233333223333200
13323321111111111221111111001111111111101111122222321111111111111111111111333333221222123200133332123322000101321233333223333300
12223332212222222222222222222222222222222222233333331111111111110000011111233211111111111111233232123200000101231233333222333300
12222332222222222222222322222222222232222222223233332222222221111111222222333212122211111122332111000000000000231133333222333300
12222222222222222222232233232232322233223322222222233223322332222233333223333333333333333333331011000000000001231123333223333200
13222222222222222232232222222232222222223233222223233333333333332333333333333333333333333333321010000000000011231123333222333200
13222222222222222222232333322223233222333333333333333333333333332333333333333333333333333332110100000000000001231133333222233200
12222222222222222222223333333333333333333333233333333333222333333333333333332111113333333321000000000000000101221123333222233200
12222222323322222222223333333333323333333333333332222211111223333333333333332000002333333332100000000000000001321233333222233200
12233322222222211111122233333333333333333333333333200000000013333333333333333100001233333333210000000000000001321233333222333200
13333222000000000000000133333333333333333333333333310000000002333333333333333310000133333333321000000000000001311233332222233200
13333322100000000000000023333333333333333333333333321000000000233333333333333321000023333333332000000000000012212233332222233200
12333333210000000000000000000000000000000033333333300011010000123333333333333332000000000000000000000000000000000000002222333200
12333233320033300300000330030003033330333003333333003011010000023333333333333333033303030333033000300000330003003000302223333200
12223333331030030300003003003030030000300303333333033020000000012333333333333333030003030030030303030000303030303000302222333200
13333333332030030300003003000300030000300303333333003031000000111233333333333333030000300030030303030000330030303000302222333200
13223233333033300300003333000300033300333003333333303032100100111233333333333333033000300030033003330000303033303000302222333100
13333333333030000300003003000300030000303003333333303033101000111123333333333333030003030030030303030000303030303000300023332000
13333333333030000333303003000300033330300303333333303033211100111123333333333332033303030030030303030000330030303330333023321000
13333333333000000000000000000000000000000003333333300033320000001123333332222110000000000000000000000000000000000000000033210000
