10000022000000000000000000000000000000000000000000000000222222222233333333333333333320000000000000000000000000000000000000000000
10333012030003000300000000000000000000000000000000000000222222222233333333333333333320000000000000000000000000000000000000000000
10333011330030303300000000000000000000000000000000000000222222222333333333333333333331000000000000000000000000000000000000000000
10033021030000300300000000000000000000000000000000000000222222223333333333333333333331000000000000000000000000000000000000000000
13033022030003000300000000000000000000000000000000000000222222223233333333333333333332000000000000000000000000000000000000000000
13033011030030000300000000000000000000000000000000000000222222222333333333333333333332000000000000000000000000000000000000000000
13033011030033300300000000000000000000000000000000000000222222222233333333333333333333000000000000000000000000000000000000000000
13033021000000000000000000000000000000000000000000000000222222222333333333333333333333100000000000000000000000000000000000000000
13000021111111112222233333333333333333333333222122222222222222223333333333333333333333100000000000000000000000000000000000000000
13333331111111112122222333333333333333333333221111222222222222222333333333333333333333200000000000000000000000000000000000000000
13333331111111111122223333333333333333333333222222222222222222222233333333333333333333100000000000000000000000000000000000000000
13333331111111111122223333333333333333333333222222212222222222222233333333333333333333200000000000000000000000000000000000000000
00000000000000000000000000000000000001111100000111100000011111000011000011101111111000000000000000000000000000000000000000000000
00000000000000000000000000000000000000000000000000000000000000000000000000000000000000000000000000000000000000000000000000000000
00000000000000000000000000000000000000000000000000000000000000000000000000000000000000000000000000000000000000000000000000000000
00000000000000000000000000000000000000000000000000000000000000000000000000000000000000000000000000000000000000000000000000000000
00000000000000000000000000000000000000000000000000000000000000000000000000000000000000000000000000000000000000000000000000000000
00000000000000000000000000000000000000000000000000000000000000000000000000000000000000000000000000000000000000000000000000000000
00000000000000000000000000000000000000000000000000000000000000000000000000000000000000000000000000000000000000000000000000000000
00000000000000000000000000000000000000000000000000000000000000000000000000000000000000000000000000000000000000000000000000000000
00000000000000000000000000000000000000000000000000000000000000000000000000000000000000000000000000000000000000000000000000000000
00000000000000000000000000000000000000000000000000000000000000000000000000000000000000000000000000000000000000000000000000000000
00000000000000000000000000000000000000000000000000000000000000000000000000000000000000000000000000000000000000000000000000000000
00000000000000000000000000000000000000000000000000000000000000000000000000000000000000000000000000000000000000000000000000000000
00000000000000000000000000000000000000000000000000000000000000000000000000000000000000000000000000000000000000000000000000000000
00000000000033300300000330030003033330333000000000003000000000000000000000000000033303030333033000300000330003003000300000000000
00000000000030030300003003003030030000300300000000033000000000000000000000000000030003030030030303030000303030303000300000000000
00000000000030030300003003000300030000300300000000003000000000000000000000000000030000300030030303030000330030303000300000000000
00000000000033300300003333000300033300333000000000003000000000000000000000000000033000300030033003330000303033303000300000000000
00000000000030000300003003000300030000303000000000003000000000000000000000000000030003030030030303030000303030303000300000000000
00000000000030000333303003000300033330300300000000003000000000000000000000000000033303030030030303030000330030303330333000000000
00000000000000000000000000000000000000000000000000000000000000000000000000000000000000000000000000000000000000000000000000000000
