00000000000000000000000000000000000000000000000000000000000000000000000000000000000000000000000000000000000000000000000000000000
00000000000000000000000000000000000000003333000000000000333330000000333300000000333300000000000033330000000033330000000033330000
00000000000000000000000000000000300000033333300000000003333333000003333330000003333330000000000333333000000333333000000333333000
00000000000000000000000000000000330000333003330000000033300033300033000033000033000033000000003300003300000000000000000000000000
00000000000000000000000000000000000000000000000000000000000000000000000000000000000000000000000000000000000000000000000000000000
00000000000000000000000000000000000000000000000000000000000000000000000000000000000000000000000000000000000000000000000000000000
00000000000000000000000000000000000000000000000000000000000000000000000000000000000000000000000000000000000000000000000000000000
00000000000000000000000000000000000000000000000000000000000000000000000000000000000000000000000000000000000000000000000000000000
00000000000000000000000000000000000000000000000000000000000000000000000000000000000000000000000000000000000000000000000000000000
00000000000000003333300000333000003330333333333330000333333000003333333300000333333333000000033333300000333333330000000000000000
00000000000000003313300000313000003130311111111130003311113300003111111130000311111111300000331111330000311111133000000000000000
00000000000000033131330000313000003130333331333330033133331330003133333313000313333333130003313333133000313333313300000000000000
00000000000000031333130000313000003130000031300000031300003130003130000331300313000003130003130000313000313000031300000000000000
00000000000000031303130000313000003130000031300000331300003133003130000031300313000003130033130000313300313000031300000000000000
00000000000000031303130000313000003130000031300000331300003133003130000031300313333333130033130000313300313333313300000000000000
00000000000000331303133000313000003130000031300000331300003133003130000031300311111111300033130000313300311111133000000000000000
00000000000000331333133000313000003130000031300000331300003133003130000031300313331330000033130000313300313333330000000000000000
00000000000000311111113000313000003130000031300000331300003133003130000031300313003133000033130000313300313000000000000000000000
00000000000003313333313300313300033130000031300000031300003130003130000331300313000313300003130000313000313000000000000000000000
00000000000003130000031300031333331300000031300000033133331330003133333313000313000031300003313333133000313000000000000000000000
00000000000003130000031300033111113300000031300000003311113300003111111130000313000033130000331111330000313000000000000000000000
00000000000003330000033300000333330000000033300000000333333000003333333300000333000003333000033333300000333000000000000000000000
00000000000000000000000000000000000000000000000000000000000000000000000000000000000000000000000000000000000000000000000000000000
00000000000000000000000000000000000000000000000000000000000000000000000000000000000000000000000000000000000000000000000000000000
00000000000000000000000000000000000000000000000000000000000000000000000000000000000000000000000000000000000000000000000000000000
00000000000000000000000000000000000000000000000000000000000000000000000000000000000000000000000000000000000000000000000000000000
00000000000000000000000000000000000000000000000000000000000000000000000000000000000000000000000000000000000000000000000000000000
00000000000000000000000000000000000000000000000000000000000000000000000000000000000000000000000000000000000000000000000000000000
00000000000000000000000000000000000000000000000000000000000000000000000000000000000000000000000000000000000000000000000000000000
00000000000000000000000000000000000000000000000000000000000000000000000000000000000000000000000000000000000000000000000000000000
00000000000000000000000000000000000000000000000000000000000000000000000000000000000000000000000000000000000000000000000000000000
00000000000000000000000000000000000000000000000000000000000000000000000000000000000000000000000000000000000000000000000000000000
