00010000000000001000000000000000000000000100000000000000000000000000000000000000000000000000000000000000000000000000000000000000
00000000000000011100000010000000000000000000000000003333300000010333333333300000000030000003300000000003300000033000000333333000
00000000000000001000000000000000010000000000000000033333330000000333333333300000000330000033300000000033300000333000003333333300
00000000000000000000000000000000000000000000000000333000333000000000000033000000000330000333300000000333300003333000003300003300
00000000000000000000000000000000000000000000010000330000033000000000000033000000003330000003300000000003300000033000033000000330
00000000000000000000000000000000000000000000000000330000033000000000000330000000003330000003300000000003300000033000033000000330
00000000000000000000000000000000000001000000000000000000033000000000000330000000033330000003300000000003300000033000033300003330
00000010000000000000000000000000000000000000000000100000033000001000003300000000330330000003300000000003300000033000003333333300
00000000000000000000000000010000000000000000000000000000330000000000003300000100330330000003300000000003300000033001000333333000
00000000000000000000000000000000000000000000000000000000330010000000033000000003300330000003300000000003300000033000003333333300
00000000000000000000000000000000000000000000000000000003300000000000033000000033300330000103300000000003300000033000033330033330
00000000000000000000000000000000000000000000000000000033000000000000330000000333000330000003300000000003300000033000033300003330
00000000000000000000000000000000000001000000000000000330001000000000330000000333333333300003300000000003300000033000033000000330
00000000000000001000000000000000000000000000000001003300000001000103300000000333333333300003300000000003300000033000033000000330
00000000000000000000000000000000000000000000000000033000000000000003300000000000000330000003300000000003300000033000033300003330
00000000000000000000000000000000000000000000000000333333333003300033001000000100000330000003300003300003300000033000003333333300
00000000000000000000000000010000000000000000001003333333333003300333000000000000000330000003300003300003300000033000000333333000
00000000100000000000000000000000000100000000000000000000000000000000000000000000000000000000000000000000000000000000000000000000
00010000000000000000000000000000000000000000000000000000000000100000001000100000000000000000000000000000000000000000000000000000
00000000000000000000000000000000000000000100000000000000000000000000000000000000000000000000000000000000000000000000000000000000
00000000000000000000000000000000000000000000000000000100010000000000100000000000000000000000000000000000000000000000000000000000
00000000000000000000000000000000000000000000000000000000000000000000000000000000010000100000000000000000000100000000000000000000
00000000000000000010000000000000000000000000010000000000000000000000000000000100000000000000000000000000000000000000000000000000
00000000000000000000000000000000000000000000000000000000000000000100000000000000000000000000000000000000000000000000000000000000
00000000000000000000000000000000000000000000000000000001000000100000000000000000000000000000000000000000000000000000000000000000
00000000000000330300300330003300333000330033300000003000000000000000001000000000000333000330030000033000000030000000000000000010
00000000000000030300303003030030300303003030030000033000000000000000000000000000000300303003030000300300000330000000000000000000
00000000000000030300303000030030300303003030030000003000000000000010000000010000000333003003030000300300000030000000000000000000
00000000100000030300303033033330300303003033330000003000010000100000000000000000000300303003030000333300000030000000000000000000
00000000000030030300303003030030300303003030300000003000000000000000000000000000000300303003030000300300000030000000100000000000
00000000000003300033000330030030333000330030030000003000000000000000000000000000000333000330033330300301100030000001110000000000
00000000000000000000000000000000000000000000000000000000000000000000000100000000000000000000000000000000000000000000100000000000
