00000000000000000000000000000000000000000000000000000000000000000000000000000000000000000000000000000000000000000000000000000000
00000000030000000300030003000000030003003330000000000000000000000000000000000000000000000000000000000000000000000000000000000000
00000000303000003030330030300000303030300030000000000000000000000000000000000000000000000000000000000000000000000000000000000000
00000000030000000300030000300000003003000300000000000000000000000000000000000000000000000000000000000000000000000000000000000000
00000000003000003030030003000000030000300300000000000000000000000000000000000000000000000000000000000000000000000000000000000000
00000000303000003030030030000000300030303000000000000000000000000000000000000000000000000000000000000000000000000000000000000000
00000000030003000300030033300300333003003000000000000000000000000000000000000000000000000000000000000000000000000000000000000000
00000000000000000000000000000000000000000000000000000000000000000000000000000000000000000000000000000000000000000000000000000000
00000000000000000000000000000000000000000000000000000000000000000000000000000000000000000000000000000000000000000000000000000000
00000000000000000000000000000000000000000000000000000000000000000000000000000000000000000000000000000000000000000000000000000000
00000000000000000000000000000000000000000000000000000000000000000000000000000000000000000000000000000000000000000000000000000000
00000000000000000000000000000000000000000000000000000000000000000000000000000000000000000000000000000000000000000000000000000000
00000000000000000000000000000000000000000000000000000000000000000000000000000000000000000000000000000000000000000000000000000000
00000000000000000000000000000000000000000000000000000000000000000000000000000000000000000000000000000000000000000000000000000000
00000000000000000000000000000000000000000000000000000000000000000000000000000000000000000000000000000000000000000000000000000000
00000000000000000000000000000000000000000000000000000000000000000000000000000000000000000000000000000000000000000000000000000000
00000000000000000000000000000000000000000000000000000000000000000000000000000000000000000000000000000000000000000000000000000000
00000000000000000000000000000000000000000000000000000000000000000000000000000000000000000000000000000000000000000000000000000000
00000000000000000000000000000000000000000000000000000000000000000000000000000000000000000000000000000000000000000000000000000000
00000000000000000000000000000000000000000000000000000000000000000000000000000000000000000000000000000000000000000000000000000000
00000000000000000000000000000000000000000000000000000000000000000000000000000000000000000000000000000000000000000000000000000000
00000000000000000000000000000000000000000000000000000000000000000000000000000000000000000000000000000000000000000000000000000000
00000000000000000000000000000000000000000000000000000000000000000000000000000000000000000000000000000000000000000000000000000000
00000000000000000000000000000000000000000000000000000000000000000000000000000000000000000000000000000000000000000000000000000000
00000000000000000000000033333300333333003333333003333300033333000000000003333300033333300033300033333300033333300000000000000000
00000000000000000000000033333330333333303333333033333330333333300000000033333330033333300333330033333330033333300000000000000000
00000000000000000000000033000330330003303300000033300000333000000000000033300000000330003330333033000330000330000000000000000000
00000000000000000000000033333330330033303333300003333300033333000000000003333300000330003300033033003330000330000000000000000000
00000000000000000000000033333300333330003300000000003330000033300000000000003330000330003333333033333000000330000000000000000000
00000000000000000000000033000000330333003333333033333330333333300000000033333330000330003300033033033300000330000000000000000000
00000000000000000000000033000000330033303333333003333300033333000000000003333300000330003300033033003330000330000000000000000000
00000000000000000000000000000000000000000000000000000000000000000000000000000000000000000000000000000000000000000000000000000000
