10000033000000000000000000000000000000000000000000000000333333333333333333333333320010110000000000000000000000000000011111111000
10333033000000000000030003000300000003000300030000000000333333333333333333333333332111332111000000000000000000000001122222222100
10333033000000000000303030303030000030303030303000000000333333333333333333333333333211333333222100000000000000001122333333333200
10033033000000000000030030303030000030303030303000000000333333333333333333333333333311233223333310000000000000012233333333333200
13033033000000000000303030303030000030303030303000000000333333333333333333333333333321132101212321112221000001122333333333333200
12033022000000000000303030303030000030303030303000000000333333333333333333333333333331123210001221113333221002233333333333333200
11033011000000000000030003000300030003000300030000000000333333333333333333333333333331113211000211112322333112333333333333333200
01033011000000000000000000000000000000000000000000000000333333333333333333333333333332112222211111212321122213333332233333333200
01000000100011111111111111111111111110111111111000222333333333333333333333333333333333332223332112211221001112322321222233333200
00111110111111101100000000111111111110111111111000222233333333332233333333333333333333333211233323331222101112321211111123333200
00000000000011100000000000111111111111011111111000222232332333232232333333333333333333333311123333333332211112232111111112333200
00000000000011001110001000111111111111011111111000222222332332232232333333333333333333223310123333333332222223222211100111333100
00000000000000000000001100111111111111011111111001222222223333323333332333333333333333222211123333332333112333333222211001233200
00100000000000101111111111111111111111011111111000122122223232322332232333333333333333211111223333333321112333333223333101123200
00010000000000000000001001111111111111011111111100122222222222222233223333333333333333211112233211222221111332122233333221113200
00011010000011111111111111111111111111001111111000222222222222222222222233333333333333222223333211111111221222122223322221013200
01111111111111111111111111111111111110001001111000122222222222222222322233333333333333333333333322222223322222223211111100113200
01111011111111111111111111111111111100010001101000112222222222222222233233333333333333333333333333333333333333333200000000012200
01111111111111111111111111111111110000111110111000011112222222222222223333333333333333333333332333333333323333332100000000112200
01111111111111111111112111111111110000111100000000012122222222222222232233333333233333333333321112333333211333321000000000013200
01111011111111111111111111111111000010111001111000001222222222222222233333333333233333333333321001333333310233331000000000013200
01111111111111111111111111111110100111010101111010001222222222222222323333333332333213333333333100233333331123333100000000123200
01111111111111111111112221111111100011110111110111000122222222222222333333333323332012333333333210123333332113333210000000122100
01111111111111111111221222111111111001101101111111110112222222222233333333333323321011233333333321012333333211333320000000122200
11111111121000000000000000000000000000000011111111100002222222222222232333333333300000000000000000012333330000233321000001222200
12221111211033300300000330030003033330333001110111003012332322222323233333322333303330003300300003011233300330033210000011222200
13332222212030030300003003003030030000300301111111033023332332322332233332333333303003030030300003001233203003021110000112223200
13333332222030030300003003000300030000300301111111003033333332222332333322333333303330030030300003000111100030011111111122222100
13333333332033300300003333000300033300333001111111103033333332111111122333333333303003033330300003000000000003022211111222222100
13333333333030000300003003000300030000303001000111203012222222111000013333333333303003030030300003000000003003022111112222222100
13333333333030000333303003000300033330300300000000003000011111000000123322222211103330030030333303333000000330011211122221222100
13333333333000000000000000000000000000000000000000000000000000000000121111000000000000000000000000000000000000001110011221122100
