00000100000000000000000000000000000000000100000000000000000000000000000000000000000000000000000000000000000000000000000000000000
00001110000000000100000001000000000000000000330000000000333330010000333330000000333333000000000033333300000033330000000333333000
00000100000000000000000000000000001000000003300000000003333333000003333333000003333333000000000333333300000333333000003333333300
00000000000000000000000000000000000000000033000000000033300033300033300033300003300000000000100330000000003300003300003300003300
00000000000000000000000000000000000000000330000000000033000003300033000003300003300000000000000330000000033000000330033000000330
00000000000000000000000000000000000000003300001000000033000003300033000003300003300000000000000330000000033000000330033000000330
00000000000000000000000000000000000000033333000000000000000003300000000003300033333330000000003333333000033000000330033300003330
00000000100000000000000000000000000000333333300000010000000003301000000003300033333330000000003333333000033000000330003333333300
00000000000000000000000000000000000000333003330000000000000033000000000033001033000033000000003300003300033000000330000333333000
00000000000000000000000000001000000003330000333000000000100033000000000033000000000003300000000000000330033000000330003333333300
00000000000000000000000000000000000003300000033000000000000330000000000330000000000003300000000000000330033000000330033330033330
00000000000000000000000000000000000003300000033000000000003300000000003300000000000003300000000000000330033000000330033300003330
00000000000000000000000000000000000003300000033000000000033000000000033000100000000003300000000000000330033000000330033000000330
00000000000000000100000000000000000003330000333000000000330001000100330000000030000033000000003000003300033000000330033000100330
00000000000000000000000000000000000000333003330000000003300000000003300000000333000333000000033300033300003300003300033300003330
00000000000000000000000000000000000000033333300003300033333333300033333333300033333330000330003333333000000333333000003333333300
00000000000000000000000000001000000000003333000103300333333333300333333333300003333300000330000333330000000033330000000333333000
00000000001000000000000000000000000010000000000000000000000000000000000000000000000000000000000000000000000000000000000000000000
00000100000000000000000000000000000000000100000000000000000000100000000000100000000000000000000000000000000000000000000000000000
00000000000000000000000000000000000000000000000000000000000000000000000000000000000000000000000000000000000000000000000000000000
00000000000000000000000000000000000000000000000000000100010000000001000000000000000000000000000000000000000000000000000000000000
00000000000000000001000000000000000000000000000000000000000000000000000000000000100000000000000000000000000000000000000000000000
00000000000000000000000000000000000000000000001000000000000000000100000000000000000000000000000000000000000000000000000000000000
00000000000000000000000000000000000000000000000000000000000000000000000000000000000000000000000000000000000000000000000000000000
00000000000000000000000000000000000000000000000000000001000000100000000000000000000000000000000000000000000000000000000000000000
00000000000033300300000330030003033330333000000000003000000000000000001000000000003330003300300003000000000030000000000000001000
00000000000030030300003003003030030000300300000000033000000000000010000000000000003003030030300003000000000330000000000000000000
00000000000030030300003003000300030000300300000000003000000000100000000000000000003330030030300003000000000030000000000000000000
00000000001033300300003333000300033300333000000000003000010000000000000000000000003003033330300003000000000030000000000000000000
00000000000030000300003003000300030000303000001000003000000000000000000000000000003003030030300003000010000030000000000000000000
10000000000030000333303003000300033330300300000000003000000000000000000100000000003330030030333303333011000030000010000000000000
00000000000000000000000000000000000000000000000000000000000000000000100000000000100000000000000000000010000000000000000000100000
