00000000000000000000000000000000000001100000000000000000000000000000000000000000111000000000000000000000000000000000000000000000
00000000000000003333300000003333300000003333300000000000333333000000333300000000010033000000000000003300000033333000000000003300
00000000000000033333330000033333330000033333330000000003333333000003333330000000000330000000000000033000000333333300000000033000
00000000000000333000333000333000333000333000333000000003300000000033300333000000003300000000001000330000003330003330000000330000
00000000000000330000033000330000033000330000033000000003300000000330000003300000033000000000000003300000003300000330000003300001
00000000000000330000033000000000033000000000033000000003300000000330000003300000330000100000000033000000003300000330000033000000
00000000001000000000033000000000033000000000033000000033333330000330000003300003333300000000000333330000000000000330000333330000
00000000000100000000033000000000330000000000330000000033333330000330000003300033333330000000003333333000000000000330003333333000
00000000000000000000330000000033330000000033330000000033000033000333000033300033300333000000003330033300000000003300003330033300
00000000000000000000330000000033330000000033330000000000000003300033333333000333000033300000033300003330100000003300033300003330
00000000000000000003300000000000333000000000333000000000000003300003333333000330000003300000033000000330000000033000033000000330
00000000000000000033000000000000033000000000033000000000000003300000003330000330010003300000033000000330000000330000033000000330
00000000000000000330000000000000033000000000033000000000101003300001003300000330001003300000033000000330000003300000033000000330
00000000000000003300000003300000033003300000033000000030000033000100033000000333000033300000033300003330000033000000033300003330
00000000000000033000000003330000333003330000333000000333000333000000330010000033300333000000003330033300000330000000003330033300
00000000000000333333333000333333330000333333330003300033333330000003300000000003333330000330000333333000003333333330000333333000
00000000000003333333333000003333300000003333300003300003333300000033000000000000333300000330000033330000033333333330100033330000
00000000001000000000000000000000000000000000000000000000000000000000010000001000000000000000000000000000000000000000110000000000
00000000011100000000000000000000000000010000000000000000001000100000000000000000000000000000000000000000000000000000100000000000
00000000001000000000000000000000000000000000000000000000000000000001000000000000000000000000000000000000000000000000000000000000
00000000000000000000000010000000000000000000000000000000001000000000000000000000000000000000000000000000000000000000000000000000
00000000000000000000000000000000100000000000000000000000000000000000100000100001000000000000000000000000000000000000000000000000
00000000000000000000000000000000000000000000000000000000000000100000000000000000000000000000000000000000000000000000000000000000
00000000000000000000000000000000000000000000000000000000100000000000000100000000000000000000000000000000000000000000000000000000
10000000000000000000000000000000000000000000000000100000000000000000000000000000000000000000000000000000000000000000000000000000
11000000000000330300300330003300333000330033300000003000000000000000000000000000000333000330030000033000000330000000000000000001
10000000000000030300303003030030300303003030030000033000000000000000000000000000000300303003030000300300003003000000000000000000
00000000000000030300303000030030300303003030030000003000000000000010000000000000000333003003030000300300000030000000000000000000
00000000000000030300303033033330300303003033330000003000000000000000000000000000000300303003030000333300000003000000000000000000
00000000000030030300303003030030300303003030300000003000000000010000000000000000000300303003030000300300003003000000000000000000
00000000000003300033000330030030333000330030030100003000000000000000000000010000000333000330033330300300000330000000000000000000
00000000000000000000000000000000000000000000000000000000000000000000000000100000000000000000000000000000000000000000000000000000
