33333333333333333333333333333333333333333333333333333333333333333333333333333333333333333333333333333333333333333333333333333333
30000000000000000000000000000000000000000000000000000000000000000000000000000000000000000000000000000000000000000000000000000003
30000000000000000000000000000000000000000000000000000000000000000000000000000000000000000000000000000000000000000000000000000003
30000000000000000000000000000000000000000000000000000000000000000000000000000000000000000000000000000000000000000000000000000003
30000000000033000000000000000003333333333000000000000000000000000000000000000000000000000333000000000000333300000000000000000003
30000000000333000000000000000003000330003000000000000000000000000000000003000000000000000033000000000003300303300000000000000003
30000000000333000000000000000000000330000000000000000000000000000000000033000000000000000033000000000003300003300000000000000003
30000000003033000000000000000000000330000003333000333033003333330003330333330003333000000033000003330033333033333000000000000003
30000000030033000000000000000000000330000030003300033303033003300030033033000033003000000033000030033003300003300000000000000003
30000000300033000000000000000000000330000000003300033000033003300333333033000033300000000033000333333003300003300000000000000003
30000000333333300000000000000000000330000000033300033000033003300330000033000003330000000033000330000003300003300000000000000003
30000000000033000000000000000000000330000003303300033000003333000330000033000000333000000033000330000003300003300000000000000003
30000000000033000000000000000000000330000033003300033000003000000333000033000030033000000033000333000003300003300000000000000003
30000000000333300000000000000000033333300033333330333300003333000033333003333033330000000333300033333033330000333300000000000003
30000000000000000000000000000000000000000000000000000000003333330000000000000000000000000000000000000000000000000000000000000003
30000000000000000000000000000000000000000000000000000000030000030000000000000000000000000000000000000000000000000000000000000003
30000000000000000000000000000000000000000000000000000000030000330000000000000000000000000000000000000000000000000000000000000003
30000000000000000000000000000000000000000000000000000000003333300000000000000000000000000000000000000000000000000000000000000003
30000000000000000000000000000000000000000000000000000000000000000000000000000000000000000000000000000000000000000000000000000003
30000000000000000000000000333000033000000000000333333300000000000000000000000000000000000000333333300000000000333003330000000003
30000003300000000000000000033000033003300000000033000300000000000003000000000000000000000000033003330000000000033000330000000003
30000003300000000000000000033000000003300000000033000000000000000033000000000000000000000000033000330000000000033000330000000003
30000033333000033330000000033000333033333000000033000000333303330333330033303300333300000000033000300003333000033000330000000003
30000003300000330033000000033000033003300000000033333300033000300033000003330303000330000000033333000030003300033000330000000003
30000003300003300003300000033000033003300000000033000000003303000033000003300000000330000000033000330000003300033000330000000003
30000003300003300003300000033000033003300000000033000000000330000033000003300000003330000000033000033000033300033000330000000003
30000003300003300003300000033000033003300000000033000000003033000033000003300000330330000000033000033003303300033000330000000003
30000003300000330033000000033000033003300000000033000030033003300033000003300003300330000000033000333033003300033000330000000003
30000000333300033330000000333300333300333300000333333330333033330003333033330003333333000000333333300033333330333303333000000003
30000000000000000000000000000000000000000000000000000000000000000000000000000000000000000000000000000000000000000000000000000003
30000000000000000000000000000000000000000000000000000000000000000000000000000000000000000000000000000000000000000000000000000003
33333333333333333333333333333333333333333333333333333333333333333333333333333333333333333333333333333333333333333333333333333333
