10000022000000000000000000000000000000000000000000000000001000012331000111333333333323322222333223332333333223322233333332000000
10333023000000000300000003003330030000000300030003000000002100111121000111233322333333321122222332232333333222222233333333100000
10333033000000003030000030003000303000003030303030300000001100110011101111233211123312320111111222222333333322223223333333310000
10033033000000000030000030303300003000000030030030300000001101100011100111133111111210220001111112332223333332222333333333200000
13033033000000000300000033300030030000000300003030300000000100000111111322102001000110001111111123322223333332222223333333300000
12033033000000003000000000303030300000003000303030300000000011012101111232211101001100000011111112332222333332222233333333320000
13033033000000003330030000300300333003003330030003000000210023223200010123221110001100000011111111332222333333222223333333320000
13033033000000000000000000000000000000000000000000000000331233333321110112222211100000000000000011233222333333322332333333330000
13000032221111222222333333333310111101111111111333333333333333333333321111133333321111210000000011123322233333322223333333331000
13333332211110111122222233333310111100010111111333333333333333333333331011111233333323332100000011113321233333332223333333332000
13333332222211222222222223333310101101001111111333333333333333333333331001110233333333333320000000112331223333332222333333333000
12222222222222333333333333333211100100101011111333333333333212233212332000110233333333333331000000111332223333332222333333333100
11111111222222322122222222222111100111111111002333333333322111122222332000000233333332233332100000101332123333333222233333333100
01011112212222221011111111111111111111011111111233333333321112122222332000000233333311122333200000011232122333332222333333333100
11122222122222222111111111111111110000000000000111111222211111111111111001111133332211222220000000011233122333333223333333333200
12222222222222222111111111111111111011101111222122222333321111111111111111112233331111110000000000111133122333333222333333333200
12222222222222222222222222222221111111222222233222223333322222232222222222233333321111000000000000111133122333333222233333333200
12222222222212222322322232223332222222222223333323333333333333333333333333333333211111000000000000101133122333333222333333333100
12222222222222222222223333223333232222222333333333333333333333333333333333333333111110000000000000001133122333333222223333333100
12222222222222222222233323333333333332233333332233233332233323333333333333333221001000000000000000000132122333333222233333333100
12222222222222222222223322323222233333333333222332233333222212211333333333333210000000000000000000100232112333332222233333333000
12223322223232322332322222222223332333333333333333333333200000100233333333333321000000000000000000001231123333332222233333332000
13333322333222332222211111001011333333333333333333333333310000000123333333333332200000000000000000011231123333332222233333332000
13333333333333332000000000000000233333333333333333333333321000000013333333333333320000000000000000011321223333322222333333331000
13333333333000000000000000000000000000000033333333300033332100000102333333333333300000000000000000012311220000222222333333320000
13332233333033300300000330030003033330333003333333003033333200000001333333333333303330003300300003013312200330022222333333310000
13333333333030030300003003003030030000300303333333033033333310000000233333333333303003030030300003023212203003022222333333310000
13333333333030030300003003000300030000300303333333003033333321000000023333333333303330030030300003023222200003022222333333200000
12233333333033300300003333000300033300333003333333303033333332100000013333333333303003033330300003022222300330022222333332100000
13333333333030000300003003000300030000303003333333303033333333210000012333333333303003030030300003000022303000022223333331000000
13333333333030000333303003000300033330300303333333303033333333310000001233333333303330030030333303333023303333022223333320000000
13333333333000000000000000000000000000000003333333300033333333320000001233332222200000000000000000000033300000022223333200000000
