00000000000000000000000000000011111111110000000000001112231121121231112210000000000000000000000001111111111112100000000000000000
00000000000000000000000000000111121212210000000001111112222211222232223200000000000000000000000000111111111112210000000000000000
00000000000000000000000000000111121222210000000111111122111101222223223100000000000000000000000000111111111122210000000000000000
00000000000000000000000000000111221222210000001111112122212101322222223110000000000000000000000000011111111222210000000000000000
00000000000000000000000000000112222222210000011111112222222101232222223220000000000000000000000000011111112222210000000000000000
00000000000000000000000000000111222122210000011111111222221122332222333220000000000000000000000000001111122222210000000000000000
00000000000000000000000000001111222112200001111111111211121122221223333210000000000000000000000000000111122122210000000000000000
00000000000000000000000000011111222112100001112221111121122111222333332210000000000000000000000000000001111111110000000000000000
00000000000000000000000000011111222112100111112210111121123112222222233210000000000000000000000000000000000010000000000000000000
00000000000000000000000000011111212122101112123210011111112112213112332100000000000000000000000000000000000000000000000000000000
00000000000000000000000000011111222112201222133110011111122112123212332100000000000000000000000000000000000000000000000000000000
00000000000000000000000000000011121111112222232110001111111221223322332100000000000000000000000000000000000000000000000000000000
00000000000000000000000000000000110000002212122210011101111121233333332210000000000000000000000000000000000000000000000000000000
00000000000000000000000000000000000000001221122210011100221121223333332210000000000000000000000000000000000000000000000000000000
00000000000000000000000000000000000000011211222211111100121111123233331210000000000000000000000000000000000000000000000000000000
00000000000000000000000000000000000000111121123211221111221111122222321210000000000000000000000000000000000000000000000000000000
00000000000000000000000000000000000001222121122222321111121122111222321211000000000000000000000000000000000000000000000000000000
00000000000000000000000000000000000001232111110111221111211232222222211221000000000000000000000000000000000000000000000000000000
00000000000000000000000000000000000011221111000111112112212222122232212221000000000000000000000000000000000000000000000000000000
00000000000000000000000000000000000011111110001221121112221211112221112321000000000000000000000000000000000000000000000000000000
00000000000000000000000000000000000011111101101111111111111111112221112221000000000000000000000000000000000000000000000000000000
00000000000000000000000000000000000001110011111111111111112111112221122110000000000000000000000000000000000000000000000000000000
00000000000000000000000000000000000000110011121211110000111111222122221111000000000000000000000000000000000000000000000000000000
00000000000000000000000000000000000000000111121112111011111112221112222112100000000000000000000000000000000000000000000000000000
00000000000000000000000000000000000000001111122112211012111112111112233222100000000000000000000000000000000000000000000000000000
00000000000000000000000000000000000000000100011111111011111111111222212221100000000000000000000000000000000000000000000000000000
00000000000000000000000000000000000000000000011111011001111101001222112212100000000000000000000000000000000000000000000000000000
00000000000000000000000000000000000000000000001110111011011100011111222222100000000000000000000000000000000000000000000000000000
00000000000000000000000000000000000000000000000001111111001110111110122221100000000000000000000000000000000000000000000000000000
00000000000000000000000000000000000000000000000001111101000110111000133321000000000000000000000000000000000000000000000000000000
00000000000000000000000000000000000000000000111001110001000000011001233321000000000000000000000000000000000000000000000000000000
00000000000000000000000000000000000000000000111111100000000000011112233221000000000000000000000000000000000000000000000000000000
