00000000000000000000000000000000000000000000000000000000000000000000000000010000000000000000000000000000000000000000000000000000
00000000000000000000000000000000000000000001000000000000333333000000333333000000333300000000000033330000010033330000000033333000
00000000000100000000010000000000000000000000000000000003333333000003333333000003333330000000000333333000000333333000000333333300
00000000000000000000000000000000000001000000000000000103300000000003300000000033000033000000003300003300003300003300003330003330
00000100000000000000000000000000000000000000000000000003300000000003300000000330000003301000033000000330033000000330003300000330
00000000000000000000000000000000000000000000000100000003300000000003300000000330000003300000033000000330033000000330000000000330
00000000000000000000000000000000000000000000000000000033333330000033333330000330000003300000033000000330033000000330000000000330
00000000000000000000000000000000000000001000000000000033333330000033333330000330100003300000033000010330033000000330000010003300
00000000000001000000000000000000000000000000000000000033000033000033000033000330000003300000033000000330033010000330000000333301
00000000000000000000000000000001000000000000001000000000000003300000000003300330000003300000033000000330033000000330000000333300
00000100000000000000000000000000000000000000000000000000000003300000010003300330000003300000033000000330033000000330000000003330
00000000000000000000000000000000000000000000000000000000000003300000000003300330000003300000033000000330033000000330000000000330
00000000000000000000000000000000000000001000000000000000010003300000000003300330000003300000033000000330033000000330000000000330
00000000000000000000010000000000000000000000000000000030000033000030000033000330000003300000033000000330033000000330033000000330
00000000000000000000000000000000000000000000000000000333000333000333000333000033000033000000003300003300003300003300033300003330
00000000000000000000000000000001000000000000000000000033333330000033333330000003333330000330100333333000000333333000003333333300
00000000000000010000000000000000000000000000000000000003333300000003333300000000333300000330000033330000000033330000000033333000
00000000001000000000000000000000000000100000000000000000000000000100000000000000000000000000000000000000000000000000000000000000
00000000000000000000000000000000000000000001000000000000000000100000010000000000000000000000000000000000000000000000000000100000
00000000000000000000000000000000000000000000000000000010001000000001000000000000000000000000000000000000000000000000000000000000
00000000000000000000000100000000000000000000000000000000000000000000000000000010000100000000000000000100000000000000000000000000
00100000000000000000000000000000000000000000000100000000000000001000000000010000000000000000000000000000000000000000000000000000
00000000000000000000000000000000000000000000000000000000000000000000000000000000000000000000000000000000000000000000000000000000
00000000000000000000000000000000010000000000000000001000000000000000010000000000000000000010000000000000000000000000000000000000
00000000000000000000000000000000000000000000000000000000000000000000000000000000000000000000000000000000000000000000000000000000
00000000000033300300000330030003033330333000000000003000000000000100000001000000003330003300300003000000000030000000000000000000
00000000000030030300003003003030030000300300000000033000001000100000000000000000003003030030300003000000000330000000000000000000
00000000000030030300003003000300030000300300000010003000000000000000000000000000003330030030300003000000000030000000000000000000
00000010000033300300003333000300033300333000000000003000000000000000001000000000003003033330300003000000000030000000000000000000
00000111000030000300003003000300030000303000000000003000000000000000000000000010003003030030300003000000000030000000000000000000
10000010000030000333303003000300033330300301000000003001000010000001000000000000003330030030333303333000000030000000100000000001
00000000000000000000000000000000000000000000000000000000000000000000000000000000000000000000000000000000000000000000000000000000
