00000000000000000111110010000010001111000111111000111100110001100000000001111110111111100111110001111110000000000000000000000000
00000000000000001111111011010110001111000111111001111110110001100000000001111110111111101111111001111110000000000000000000000000
00000000000000001110000011010110000110000001100011000110110001100000000000011000110000001110000000011000000000000000000000000000
00000000000000000111110011111110000110000001100011000000111111100000000000011000111110000111110000011000000000000000000000000000
01111100000000000000111001111100000110000001100011100110111111100000000000011000110000000000111000011000000000000111110000000000
00000000000000001111111001101100001111000001100001111110110001100000000000011000111111101111111000011000000000000000000000000000
00000000000000000111110001000100001111000001100000111100110001100000000000011000111111100111110000011000000000000000000000000000
00000000000000000000000000000000000000000000000000000000000000000000000000000000000000000000000000000000000000000000000000000000
00000000000000000000000000000000000000000000000000000000000000000000000000000000000000000000000000000000000000000000000000000000
00111100011111001100011000110000000000000011110000333300003333000000000000000000000000000000000000000000000000000000000000000000
01111110111111101110011000110000000000000111111003333300033333000000000000000000000000000000000000000000000000000000000000000000
11000110110001101111011000000000000000001100011033303300333000000000000000000000000000000000000000000000000000000000000000000000
11000000110001101111111000000000000000001100000033033330333333000000000000000000000000000000000000000000000000000000000000000000
11100110110001101101111000000000000000001110011033333330333003300000000000000000000000000000000000000000000000000000000000000000
01111110111111101100111000110000000000000111111000003300033333300000000000000000000000000000000000000000000000000000000000000000
00111100011111001100011000110000000000000011110000003300003333000000000000000000000000000000000000000000000000000000000000000000
00000000000000000000000000000000000000000000000000000000000000000000000000000000000000000000000000000000000000000000000000000000
00000000000000000000000000000000000000000000000000000000000000000000000000000000000000000000000000000000000000000000000000000000
00000000000000000000000000000000000000000000000000000000000000000000000000000000000000000000000000000000000000000000000000000000
03333330330003303333330000333300033333303333333033333300000000000333330000000000000000000000000000000000000000000000000000000000
03333330330003303333333000333300033333303333333033333330000000000333333000000000000000000000000000000000000000000000000000000000
00000330330003303300033000033000000330003300000033000330000000000000333000000000000000000000000000000000000000000000000000000000
00000330330003303333333000033000000330003333300033003330000000000003330000000000000000000000000000000000000000000000000000000000
33003330333033303333330000033000000330003300000033333000000000003300033000000000000000000000000000000000000000000000000000000000
33333330333333303300000000333300000330003333333033033300000000003333333000000000000000000000000000000000000000000000000000000000
03333300033333003300000000333300000330003333333033003330000000000333330000000000000000000000000000000000000000000000000000000000
00000000000000000000000000000000000000000000000000000000000000000000000000000000000000000000000000000000000000000000000000000000
00000000000000000000000000000000000000000000000000000000000000000000000000000000000000000000000000000000000000000000000000000000
00000000000000000000000000000000000000000000000000000000000000000000000000000000000000000000000000000000000000000000000000000000
00000000000000000000000000000000000000000000000000000000000000000000000000000000000000000000000000000000000000000000000000000000
00000000000000000000000000000000000000000000000000000000000000000000000000000000000000000000000000000000000000000000000000000000
00000000000000000000000000000000000000000000000000000000000000000000000000000000000000000000000000000000000000000000000000000000
