00000000000000000000000000000000000000000000000000000000000000000000000000000000000000000000000000000000000000000000000000000000
00000000001000000000333330000003300000003333330000000000333300000000333300000000333300000000000033330000000033330000000033330000
00000000011100000003333333000033300100033333330000000003333330010003333330000003333330000000000333333000000333333000000333333000
00000000001000000033300033300333300000033000000000000033000033000033000033000033000033000000003300003300003300003300003300003300
00000000000000000033000003300003300000033000000000000330000003300330000003300330000003300001033000000330033000000330033000000330
00000000000000000033000003300003300000033000001000000330000003300330000003300330000003300000033000000330033000000330033000000330
00000000000000000000000003300003300000333333300000000330000003300330100003300330000003300000033000000330033000000330033000000330
00000000001000000000000003300003300000333333300000010330000003300330000003300330000003300000033000000330033000000330033000000330
00000000000000000000000033000003300000330000330000000330000003300330000003300330000003300000033000000330033000000330033000000330
00000000000000000000000033000103300000000000033000000330100003300330000003300330000003300000033000000330033000000330033000000330
00000000000000000000000330000003300000000000033000000330000003300330001003300330000003300000033000000330033000000330033000000330
00000000000000000000003300000003300000000000033000000330000003300330000003300330000003301000033000000330033000000330033000000330
00000000000000000000033000000003300000000000033000100330010003300330000003300330000003300000033000000330033000000330033000000330
00000000000000000000330000000003300000300000330000000330000003300330000003300330010003300000033000000330033000000330033001000330
00000000000000000003300000000003300003330003330000000033000033000033000033000033000033000000003300003300003300003300003300003300
00000000000000000033333333300003300000333333300003300003333330000003333330001003333330000330000333333000000333333000000333333000
00000000000000000333333333300103300000033333000003300100333300000000333300000000333300000330000033330000000033330000000033330000
00000000000000000000000000000000000001000000000000000000000000000000000000000000000000000000000000000000000000000000000000000000
00000000000000000000000000000000000000000010000000000000000000100000001001000000000000000000000000000000000000000000000000000001
00000000000000000000000000000000000000000000000000000000000000000000000000000000000000000000000000000000000000000000000000000000
00000000000000000000000000000000000000000000000000000100000000000000000000000000000001000000000000000000000000000000000000000000
00000000000000000000010000000000000000000000000000000000000000000000000000000100000000000000000000000000000000000000000000000000
00000000000000000000000000000000000000000000000100000000000000000100000000000000000000000000000000000000000000000000000000000000
00000000000000000000000000000000000000000000000000000000100000100000000000000000000000000000000000000000000000000000000000000000
00000000000000000000000000000000000000000000000000000001000000000000001000000000000000000000000000000000000000000000000000000000
00000000000033300300000330030003033330333000000000003000000000000000000000000000003330003300300003000000000330000000000000000000
00000000000030030300003003003030030000300300000000033000000000000100000000100000003003030030300003000000003003000000000000000000
00000000000030030300003003000300030000300300000000003000001000010000000000000000003330030030300003000000000003000000000000000000
00000000000033300300003333000300033300333000000100003000000000000000000000000000003003033330300003000000000330000000000000000000
00000000000030000300003003000300030000303000000000003000000000000000000000000000003003030030300003000000003000000000000000000000
01000000000030000333303003000300033330300300000000003000000000000000000100000000003330030030333303333000003333000000000000000000
11100000000000000000000000000000000000000000000000000000000000000000100000000000000000000000000000000000000000000000000000000000
