00000000000000000111110010000010001111000111111000111100110001100000000001111110111111100111110001111110000000000000000000000000
00000000000000001111111011010110001111000111111001111110110001100000000001111110111111101111111001111110000000000000000000000000
00000000000000001110000011010110000110000001100011000110110001100000000000011000110000001110000000011000000000000000000000000000
00000000000000000111110011111110000110000001100011000000111111100000000000011000111110000111110000011000000000000000000000000000
01111100000000000000111001111100000110000001100011100110111111100000000000011000110000000000111000011000000000000111110000000000
00000000000000001111111001101100001111000001100001111110110001100000000000011000111111101111111000011000000000000000000000000000
00000000000000000111110001000100001111000001100000111100110001100000000000011000111111100111110000011000000000000000000000000000
00000000000000000000000000000000000000000000000000000000000000000000000000000000000000000000000000000000000000000000000000000000
00000000000000000000000000000000000000000000000000000000000000000000000000000000000000000000000000000000000000000000000000000000
00111100011111001100011000110000000000000011110000333300033330000000000000000000000000000000000000000000000000000000000000000000
01111110111111101110011000110000000000000111111003333300330033000000000000000000000000000000000000000000000000000000000000000000
11000110110001101111011000000000000000001100011033303300333333000000000000000000000000000000000000000000000000000000000000000000
11000000110001101111111000000000000000001100000033033330033330000000000000000000000000000000000000000000000000000000000000000000
11100110110001101101111000000000000000001110011033333330330333300000000000000000000000000000000000000000000000000000000000000000
01111110111111101100111000110000000000000111111000003300330003300000000000000000000000000000000000000000000000000000000000000000
00111100011111001100011000110000000000000011110000003300033333000000000000000000000000000000000000000000000000000000000000000000
00000000000000000000000000000000000000000000000000000000000000000000000000000000000000000000000000000000000000000000000000000000
00000000000000000000000000000000000000000000000000000000000000000000000000000000000000000000000000000000000000000000000000000000
00000000000000000000000000000000000000000000000000000000000000000000000000000000000000000000000000000000000000000000000000000000
33000000003330003300033033333330000000000033300000333000000000000000000000000000000000000000000000000000000000000000000000000000
33000000033333003330033033333330000000000033300003333300000000000000000000000000000000000000000000000000000000000000000000000000
33000000333033303333033033000000000000000003300033003330000000000000000000000000000000000000000000000000000000000000000000000000
33000000330003303333333033333000000000000003300033000330000000000000000000000000000000000000000000000000000000000000000000000000
33000000333333303303333033000000000000000003300033300330000000000000000000000000000000000000000000000000000000000000000000000000
33333300330003303300333033333330000000000003300003333300000000000000000000000000000000000000000000000000000000000000000000000000
33333300330003303300033033333330000000000003300000333000000000000000000000000000000000000000000000000000000000000000000000000000
00000000000000000000000000000000000000000000000000000000000000000000000000000000000000000000000000000000000000000000000000000000
00000000000000000000000000000000000000000000000000000000000000000000000000000000000000000000000000000000000000000000000000000000
00000000000000000000000000000000000000000000000000000000000000000000000000000000000000000000000000000000000000000000000000000000
00000000000000000000000000000000000000000000000000000000000000000000000000000000000000000000000000000000000000000000000000000000
00000000000000000000000000000000000000000000000000000000000000000000000000000000000000000000000000000000000000000000000000000000
00000000000000000000000000000000000000000000000000000000000000000000000000000000000000000000000000000000000000000000000000000000
