00000000000000000000000000000000000000000000000000000000000000000000000000000000000000000000000000000000000000000000000000000000
00000000000000000000000000000000000000000000000000000000000000000000000000000000000000000000000000000000000000000000000000000000
00000000000000000000000000000000000000000000000000000000000000000000000000000000000000000000000000000000000000000000000000000000
00000000000000000000000000000000000000000000000000000000000000000000000000000000000000000000000000000000000000000000000000000000
00000000000000000000000000000000000000000000000000000000000000000000000000000000000000000000000000000000000000000000000000000000
00000000000000000000000000000000000000000000000000000000000000000000000000000000000000000000000000000000000000000000000000000000
00000000000000000000000000000000000000000000000000000000000000000000000000000000000000000000000000000000000000000000000000000000
00000000000000000000000000000000000000000000000000000000000000000000000000000000000000000000000000000000000000000000000000000000
00000000001111111111000000111110000000000001111000101111111110011111110011111111111111100000000011110000000111111111111110000000
00000000000333333333300000133333000000001111333311130333333333003333333003333333333333330000011113333110000133333333333333000000
00000000000013333330000000133333300000011333300033330013333330000133300000133333300133333000113333013333000133313333330333000000
00000000000013333330000001133333300000113333300001330013333330001030000000133333300133333301133333013333300133013333330033000000
00000000000013333330000001333333300000133333300000330013333330011300000000133333300133333301333333013333330130013333330013000000
00000000000013333330000010333333330000133333300000130013333331113300000000133333300133333311333333013333330030013333330003000000
00000000000013333330000013013333330001133333300000030013333331333330000000133333300133333313333333013333333000013333330000000000
00000000000013333330000013013333330001333333300000000013333333333330000000133333300133333013333333013333333000013333330000000000
00000000000013333330000103003333333001333333300000000013333333333333000000133333311133333013333333013333333000013333330000000000
00000000000013333330000130001333333001333333300000000013333331333333000000133333333333300013333333013333333000013333330000000000
00000000110013333330000131111333333000333333300000000013333330333333300000133333300000000013333333013333333000013333330000000000
00000001133013333330001033333333333300133333300000000013333330133333300000133333300000000003333333013333330000013333330000000000
00000001333313333330001300000133333300133333300000100013333330033333330000133333300000000001333333013333330000013333330000000000
00000001333313333330011300000133333300033333300001030013333330013333330000133333300000000000333333013333330000013333330000000000
00000000333113333300113331001133333330003333300010301113333330113333333111133333311000000000033333013333300001113333331000000000
00000000031133333000133333301333333333000333311103001333333333133333333133333333333300000000003333113333000001333333333300000000
00000000003333300000033333300333333333000000333330000333333333033333333033333333333300000000000003333000000000333333333300000000
00000000000000000000000000000000000000000000000000000000000000000000000000000000000000000000000000000000000000000000000000000000
00000000000000000000000000000000000000000000000000000000000000000000000000000000000000000000000000000000000000000000000000000000
00000000000000000000000000000000000000000000000000000000000000000000000000000000000000000000000000000000000000000000000000000000
00000000000000000000000000000000000000000000000000000000000000000000000000000000000000000000000000000000000000000000000000000000
00000000000000000000000000000000000000000000000000000000000000000000000000000000000000000000000000000000000000000000000000000000
00000000000000000000000000000000000000000000000000000000000000000000000000000000000000000000000000000000000000000000000000000000
00000000000000000000000000000000000000000000000000000000000000000000000000000000000000000000000000000000000000000000000000000000
