00000000000000000000000000000000000000000000000000000000111233333333333333333333333332000000000000000000000000000000000000000000
00333010030003000300000003000300030000000300030003000000111123333333333333333333333333210111000000000000000000000000011122221000
00333010303030303030000030003030303000003030303030300000111123333333333333333333333333321233222100000000000000000002223333333200
00033000003003000300000030303030303000003030303030300000011133333333333333333333333333332233333322100000000000000123233333333200
00033000030000300030000033303030303000003030303030300000111233333333333333333333333333333232212213310100000000002333333333333200
00033011300030303030000000303030303000003030303030300000101333333333333333333333333333333222201101321123221000123333333333333200
00033011333003000300030000300300030003000300030003000000002333333333333333332333333333333322210000210123323220123333333333333200
01033011000000000000000000000000000000000000000000000000012333333333333333333333333333333321222101200113211221123333223333333200
12000011111011111111111111111111122122222222111111111110012223333333333333333333333333333331123221001112210000123123111223333200
12322222111111111111111111111110111111111111101111111110012222322333333333333333333333333333311233222211220011123112111122323200
12332222222100001111111111111100001111111111101111111100012232223223323333333333333333333333310123333322222000012211111111233200
12332222222000000001111111111010001101111111111111111100012222233222322232322333333333333333320113333333321121021221110001123200
12222222222100000000000011111110101111111111110111111100012222232322332233332333333333333333221113333222322013232232211000112200
13322222221100000010010111111111111111111111110111011110012222222333222233333333333333333332111123333322221113333331233320011200
12223222211100001110011111111111111111111111111111111110012222222222222222333333333333333332111232111111111113321122233331111100
13332222211101101111111111111111111111111111101111110111012222222222222222332333333333333332222332111111112111121221232221101100
13333321111111111111111111111111111111111110001101110110011222222222222222222233333333333332333333232112223221111231000000011100
13333221111111111111111111111111111111111111001111111100001122222222222222333333333333333333333333333333333333333321000000011100
13322111111111111111111111111111111111111110001111110110001112222222222222222233333333333333333333333333332233333210000000011100
13322111111111111111111111111112111111111000011111011100000112222222222222222333333333333333333311123333331113333100000000001100
13332221111111111111111111111111121111000000111111111100000122222222222222332333333333333333333310002333333102333200000000011100
13333222111111111111111111112111211111001001111110111011110122222222222222232333333333333333333331001233333200233310000000001200
12333332221111111111111111211222221111111001111101111111110012222222222222233333333333321233333333100133333320133331000000001200
12333333322222112111221112221122222111111011111111111101110001222222222222333333333333210133333333310112333332113333100000012100
02333333333000000000000000000000000000000010111111100001111101233322222222333333300000000000000000031111330000202333200000122100
02333333333033300300000330030003033330333001111111003011111112333322222323233333303330003300300003032111200330012221000000122100
12333333333030030300003003003030030000300301011111033011111123333332222332233333303003030030300003032002203003021110000001222100
12333333333030030300003003000300030000300301111111003011111333333332112222223333303330030030300003020001000030022111111122222200
12333333333033300300003333000300033300333001111111103011123333333332110011123333303003033330300003000000000003021111112222222100
12333333333030000300003003000300030000303000000000003000011111221111110011233333203003030030300003000000003003011121112222222100
02333333333030000333303003000300033330300300000000003000000000000000000001221111003330030030333303333000000330000122011212122100
01233333333000000000000000000000000000000000000000000000000000000000000000000000000000000000000000000000000000000011001211122100
