00000000000000001100000000000000000000000000000000000000000001100111111111111111111011100000000000000000000011111111111101101110
00000000000000001000000000000000000000000000000000000000000000001001111111111111111101100000000000000000000000111111100100000010
00000000000000000000000000000000000000000000000000000000000000000001011111111111111100011000000000000000000000001111110100000010
00000000000000000000000000000000000000000000000000000000000000000000101111111111111111001000000000000000000000001111110100000001
11000000000010000000000000000000000000000000000000000000000000000000001011111111111111101100000000000000000000000011111011000000
11000000000011001000000000000000000000000000000000000000000000000000000011111111111111100110000000000000000000000011100011001011
11100000000110010000000000000000000000000000000000000000000000000000000010111111111111111001000000000000000000000001111011010010
11110000000110110000000000000000000000000000000000000000000000000000000001011111111111111100100000000000000000000000111110100000
11100000000111110000000000000000000000000000000000000000000000000000000000101111111111111111111000000000000000000000111233111100
11122222222233320000000000000000000000000000000000000000000000000000000000013333333333333333221000000000000000000000011232000100
22122222222223320000000000000000000000000000000000000000000000000000000000002333333333333333332100000000000000000000001222000100
22221222222223321000000000000000000000000000000000000000000000000000000000000233333333333333333200000000000000000000001121001100
22222222222223331000000000000000000000000000000000000000000000000000000000000133333333333333333211000000000000000000000121012200
12222222222222331000000000000000000000000000000000000000000000000000000000000133333333333333333321000000000000000000000122222200
12222222222222332100000000000000000000000000000000000000000000000000000000000023333333333333333332100000000000000000000022222200
21222222222222333100000000000000000000000000000000000000000000000000000000000013333333333333333332210000000000000000000022222200
22222222222222233100000000000000000000000000000000000000000000000000000000000002333333333333333333210000000000000000000022222200
12222222222222223200000000000000000000000000000000000000000000000000000000000002333333333333333333321000000000000000000012222200
11222222222222233210000000000000000000000000000000000000000000000000000000000001333333333333333333321100000000000000000001222200
11122222222222232310000000000000000000000000000000000000000000000000000000000000233333333333333333332110000000000000000000222200
21222222222222233320000000000000000000000000000000000000000000000000000000000000233333333333333333332210000000000000000000222211
22222222222222223221000000000000000000000000000000000000000000000000000000000000133333333333333333333221000000000000000000222222
22222222222222222221000000000000000000000000000000000000000000000000000000000000023333333333333333333321000000000000000000122222
22222222222222222332000000000000000000000000000000000000000000000000000000000000013333333333333333333321110000000000000000222222
22222222222222222332100000000000000000000000000000000000000000000000000000000000013333333333333333333322110000000000000000222222
22222222222222222233210000000000000000000000000000000000000000000000000000000000013333333333333333333332110000001011110000222222
22222222222222222233321000000000000000000000000000000000000000000000000000000000002333333333333333333332210000000011110000222222
22222222222222222223331000000000000000000000000000000000000000000000000000000000002333333333333333333333210000000001110000122222
22222222122222222223332000000000000000000000000000000000000000000000000000000000002333333333333333333333211000000000110000122222
22222222122222222222233210000000000000000000000000000000000000000000000000000000001333333333333333333333221100000000110000012222
22222222222222222222223320000000000000000000000000000000000000000000000000000000001333333333333333333333221100000000121000011222
22222222222222222222222332000000000000000000000000000000000000000000000000000000001333333333333333333333321100000000121100012222
