00000011000000000000000000000000000000000000000000000000111111111233323233333333333333232233332333333333333310000000000000000000
00333011000000000000333033300300000003000300333000000000111111111233322333333333333333222333333333333333333320000000000000000000
00333011000000000000300030003030000030303030300000000000111111111123333222333333333333333233333333333333333331000000000000000000
00033011000000000000330033003030000030303030330000000000111110111112333322223333333333333223333333333333333332000000000000000000
00033011000000000000003000303030000030303030003000000000100000011111233332222333333333333323323333333333333333000000000000000000
00033011000000000000303030303030000030303030303000000000000000001111133332223333333333333322323333333333333333100000000000000000
00033011000000000000030003000300030003000300030000000000000000001111123332223233333333333322232333333333333333200000000000000000
00033011000000000000000000000000000000000000000000000000000000000111123333222223333333333332322233333333333333200000000000000000
00000011111111111123333333333333333333333333333333320000000000001111113333222233333333333333222233333333333333300000000000000000
00000111101111111123333333333333333333333333333333331000000000000011112333222233333333333332223233333333333333310000000000000000
01001101100011111123333333333333333333333333333333331000000000000011112333322323333333333332223233333333333333310000000000000000
01000000000111100123333333333333333333333333333333331000000000000011111233321222333333333332222233333333333333320000000000000000
01110000000001100023333333333333333222222233333333331000000000000011111233322223333333333332222233333333333333320000000000000000
01111000001001000023333333333333332111222222233333331000000000000001111233322223333333333332222233333333333333320000000000000000
01111100001111010023333333333333333222232333333333320000000000000011111233322223333333333332222233333333333333320000000000000000
01111100000000000012222222222222333233322222222221110000000000000011111133322222333333333333222322333333333333320000000000000000
01111100000000010111111111122222233333321111111111010000000000000011111133331212333333333333222233333333333333320000000000000000
11111111111111111111122222222233323333321111111110100000000000000001111133332222333333333333223223333333333333320000000000000000
12222222222222222222222223332233332322211111111110000000000000000001011133331122233333333333222223333333333333320000000000000000
12221222222222222222222322333223332321112111111110000000000000000001111133331222233333333333222233333333333333320000000000000000
12232222222222222332223333333333333221111111111101000000000000000001111123321222233333333333222233333333333333310000000000000000
12322222222222222223223322233322222111111111111100000000000000000000111123321222233333333332222323333333333333300000000000000000
12222222222332222222333222222222211111111100000000000000000000000010111133332222333333333332223322333333333333300000000000000000
12221222222223333332332233333333111111111000000000000000000000000011111133322222333333333332222233333333333333200000000000000000
01111222333000000000000000000000000000000000000000000000000000000000011233321222300000000000000000033333330000200000000000000000
00000223333033300300000330030003033330333000000000003000000000000001111233321222303330003300300003033333300330000000000000000000
00000123233030030300003003003030030000300300000000033000000000000000001233322222303003030030300003033333303003000000000000000000
00000123333030030300003003000300030000300301010000003000000000000000111233212222303330030030300003033333300030000000000000000000
00000023333033300300003333000300033300333000001111003000000000000000111333212222303003033330300003033333300003000000000000000000
00100012333030000300003003000300030000303000000000003000000000000000112332212223303003030030300003000033303003000000000000000000
00000002333030000333303003000300033330300300000000003000000000000001112332111223303330030030333303333033300330000000000000000000
00000001233000000000000000000000000000000001000000000000000000000001123322122223300000000000000000000033330000000000000000000000
