00000000000000000000000000000000000000000000000000000000000000000000000000000000000000000000000000000010000000000000000000000000
00000000000000000000000000000000000000000000000000000000000000000033300000333000000000000000000000000000000000000000000000000000
00000000000000000000000000000000000000000100000000000000000000000000030003000000000000000000000000000000000000000000000000000000
00000000000000000000000000000000000000000000000000000000000000000000030003000010000000000000000000000000000000000000000000000000
00000000000000000000000000000010000000000000000000000000000000000000030103000000000000000010000000000000000000000000000000000000
00000000000000000000000000000000000000000000000100000000000000000033300000333000001000000000000000000000000000000000001000000000
00000000000000000000000000000000000000000000000000000000000000000300000000000300011100000000000000000000000000000000000000000000
00000000000000000100000000000000000000010000000000000010000000000300000000000300001000000000000000000000000000000000000000000000
00000000000000000000000000000000000000000000000000000000000000000300000000000300000000000000000000000000000000000000000000000000
00000000000000000000000000000000000000000000000000000000000010000033300010333000000000000000000000000000000000000000000000000000
00000000000000000000000000000000000000000000000000000000000000000000003000000000000000000000000000100000000000000000000000000000
00000000000000000000000000000000000000000000000000000000000000000000000000000000000000000000000000000000000000000000000000000000
00000000000000000000000000000010000000000000000000000000101000000000000000000001000000000000000000000000000000000000000000000000
00010000000000000000000000000000000000000000001000000000000001000010100000000000000000000100000000000000000000000000000000000000
00000000000000000000000000000000000000000000000000000000000000000000000000000000000000000000000000000000000000000000000000000000
00000000000000000000000000000000000000000000000000000000000100000000001000000000001000000000000000000000000000000000000000000000
00000000000000000000000000000000000000000000000000000000000000000000000001000000010000000000000000000000000010000000000000000000
00000000000000000100000000000000000000000001000000010000001000000010000000000000000000000000000000000000000000000000000000000000
00000000000000000000000000000000000000000000000000000000000000100000001000000000000000000000000000000000000000000000000000000000
00000000000000000000000000001000000000000000000000000000001000000000100000000000000000000000000000000000000000000000000000000000
00000000000000000000000000000000000000000000000000000000000000000001000001000010000000000000000000000000000000000000000000000000
00000000000000000000000000000000000100000000000000000000000000100000000000000000000000000000000000000000000000000000000000000000
00000000000000000000000000000000000000000000000000010000010000000000001000000000000000000000000000000000000000000000000001000000
00000100000000000000000000000000000000000000000000000000000000000000000000000000000000000000001000000000000000000000000011100000
00001110000000000000000000000000000000000000000000000000000000000000000000000000000000000000000000000000000000000000000001000000
00000100000033300300000330030003033330333000000000003000000000000000000000000000003330003300300003000000000330000000000000000000
00000000000030030300003003003030030000300300000000033000000000000010000000000000003003030030300003000000003003000000000000000000
00000000000030030300003003000300030000300300000000003000000000000000000000000000003330030030300003000000000003000000000000000000
00000000000033300300003333000300033300333000000000003000000000100000000001000000003003033330300003000000000330000000000000000000
00000000000030000300003003000300030000303000000010003000000000000000000000000000003003030030300003000000003000000000000000000000
00000000000030000333303003000300033330300300000000003000000000000000000000000000003330030030333303333000003333000000000000000000
00000000000000000000000000000000000000000000000000000000000000000001000000000001000000000000000000000000000000000000000000000000
