0x0000013c
00000000000000000000000000000000000000000000000000000000000000000000000000000000000000000000000000000000000000000000000000000000
00000000000000000000000000000000000000000000000000000000000000000000000000000000000000000000000000000000000000000000000000000000
00000000000000000000000000000000000000000000000000000000000000000000000000000000000000000000000000000000000000000000000000000000
00000000000000000000000000000000000000000000000000000000000000000000000000000000000000000000000000000000000000000000000000000000
00000000000000000000000000000000000000000000000000000000000000000000000000000000000000000000000000000000000000000000000000000000
00000000000000000000000000000000000000000000000000000000000000000000000000000000000000000000000000000000000000000000000000000000
00000000000000000000000000000000000000000000000000000000000000000000000000000000000000000000000000000000000000000000000000000000
00000000000000000000000000000000000000000000000000000000000000000000000000000000000000000000000000000000000000000000000000000000
00000000000000000000000000000000000000000000000000000000000000000000000000000000000000000000000000000000000000000000000000000000
00000000000000000000000030000030003330000033330003333330003333003300033000333330000000000000000000000000000000000000000000000000
00000000000000000000000033030330033333000033330003333330003333003330033003333330000000000000000000000000000000000000000000000000
00000000000000000000000033030330333033300003300000033000000330003333033033300000000000000000000000000000000000000000000000000000
00000000000000000000000033333330330003300003300000033000000330003333333033003330000000000000000000000000000000000000000000000000
00000000000000000000000003333300333333300003300000033000000330003303333033300330000000000000000000000000000000000000000000000000
00000000000000000000000003303300330003300033330000033000003333003300333003333330000000000000000000000000000000000000000000000000
00000000000000000000000003000300330003300033330000033000003333003300033000333330000000000000000000000000000000000000000000000000
00000000000000000000000000000000000000000000000000000000000000000000000000000000000000000000000000000000000000000000000000000000
00000000000000000000000000000000000000000000000000000000000000000000000000000000000000000000000000000000000000000000000000000000
00000000000000000000000000000000000000000000000000000000000000000000000000000000000000000000000000000000000000000000000000000000
00000000000000000000000000000000000000000000000000000000000000000000000000000000000000000000000000000000000000000000000000000000
00000000000000000000000000000000000000000000000000000000000000000000000000000000000000000000000000000000000000000000000000000000
00000000000000000000000000000000000000000000000000000000000000000000000000000000000000000000000000000000000000000000000000000000
00000000000000000000000000000000000000000000000000000000000000000000000000000000000000000000000000000000000000000000000000000000
00000000000000000000000000000000000000000000000000000000000000000000000000000000000000000000000000000000000000000000000000000000
00000000000000000000000000000000000000000000000000000000000000000000000000000000000000000000000000000000000000000000000000000000
00000000000000000000000000000000000000000000000000000000000000000000000000000000000000000000000000000000000000000000000000000000
00000000000000000000000000000000000000000000000000000000000000000000000000000000000000000000000000000000000000000000000000000000
00000000000000000000000000000000000000000000000000000000000000000000000000000000000000000000000000000000000000000000000000000000
00000000000000000000000000000000000000000000000000000000000000000000000000000000000000000000000000000000000000000000000000000000
00000000000000000000000000000000000000000000000000000000000000000000000000000000000000000000000000000000000000000000000000000000
00000000000000000000000000000000000000000000000000000000000000000000000000000000000000000000000000000000000000000000000000000000
00000000000000000000000000000000000000000000000000000000000000000000000000000000000000000000000000000000000000000000000000000000

0x0000014d
00000000000000000000000000000000000000000000000000000000000000000000000000000000000000000000000000000000000000000000000000000000
00000000000000000000000000000000000000000000000000000000000000000000000000000000000000000000000000000000000000000000000000000000
00000000000000000000000000000000000000000000000000000000000000000000000000000000000000000000000000000000000000000000000000000000
00000000000000000000000000000000000000000000000000000000000000000000000000000000000000000000000000000000000000000000000000000000
00000000000000000000000000000000000000000000000000000000000000000000000000000000000000000000000000000000000000000000000000000000
00000000000000000000000000000000000000000000000000000000000000000000000000000000000000000000000000000000000000000000000000000000
00000000000000000000000000000000000000000000000000000000000000000000000000000000000000000000000000000000000000000000000000000000
00000000000000000000000000000000000000000000000000000000000000000000000000000000000000000000000000000000000000000000000000000000
00000000000000000000000000000000000000000000000000000000000000000000000000000000000000000000000000000000000000000000000000000000
00000000000000000000000030000030003330000033330003333330003333003300033000333330000000003333333003333300333333000000000000000000
00000000000000000000000033030330033333000033330003333330003333003330033003333330000000003333333033333330333333300000000000000000
00000000000000000000000033030330333033300003300000033000000330003333033033300000000000003300000033000330330003300000000000000000
00000000000000000000000033333330330003300003300000033000000330003333333033003330000000003333300033000330330033300000000000000000
00000000000000000000000003333300333333300003300000033000000330003303333033300330000000003333300033000330333330000000000000000000
00000000000000000000000003303300330003300033330000033000003333003300333003333330000000003300000033333330330333000000000000000000
00000000000000000000000003000300330003300033330000033000003333003300033000333330000000003300000003333300330033300000000000000000
00000000000000000000000000000000000000000000000000000000000000000000000000000000000000000000000000000000000000000000000000000000
00000000000000000000000000000000000000000000000000000000000000000000000000000000000000000000000000000000000000000000000000000000
00000000000000000000000000000000000000000000000000000000000000000000000000000000000000000000000000000000000000000000000000000000
00000000000000000000000000000000000000000000000000000000000000000000000000000000000000000000000000000000000000000000000000000000
00000000000000000000000000000000000000000000000000000000000000000000000000000000000000000000000000000000000000000000000000000000
00000000000000000000000003333000000000003333330000333300033333300333330000000000003333003333330033000330000000000000000000000000
00000000000000000000000033003300000000003333333000333300033333303333333000000000033333303333333033000330000000000000000000000000
00000000000000000000000033333300000000003300333000033000000330003330000000000000330003303300033033000330000000000000000000000000
00000000000000000000000003333000000000003333330000033000000330000333330000000000330000003333333033000330000000000000000000000000
00000000000000000000000033033330000000003300333000033000000330000000333000000000333003303333330033303330000000000000000000000000
00000000000000000000000033000330000000003333333000333300000330003333333000000000033333303300000033333330000000000000000000000000
00000000000000000000000003333300000000003333330000333300000330000333330000000000003333003300000003333300000000000000000000000000
00000000000000000000000000000000000000000000000000000000000000000000000000000000000000000000000000000000000000000000000000000000
00000000000000000000000000000000000000000000000000000000000000000000000000000000000000000000000000000000000000000000000000000000
00000000000000000000000000000000000000000000000000000000000000000000000000000000000000000000000000000000000000000000000000000000
00000000000000000000000000000000000000000000000000000000000000000000000000000000000000000000000000000000000000000000000000000000

0x0000123a
00000000000000000000000000000000000000000000000000000000000000000000000000000000000000000000000000000000000000000000000000000000
00000000000000000000000000000000000000000000000000000000000000000000000000000000000000000000000000000000000000000000000000000000
00000000000000000000000000000000000000000000000000000000000000000000000000000000000000000000000000000000000000000000000000000000
00000000000000000000000000000000000000000000000000000000000000000000000000000000000000000000000000000000000000000000000000000000
00000000000000000000000000000000000000000000000000000000000000000000000000000000000000000000000000000000000000000000000000000000
00000000000000000000000000000000000000000000000000000000000000000000000000000000000000000000000000000000000000000000000000000000
00000000000000000000000000000000000000000000000000000000000000000000000000000000000000000000000000000000000000000000000000000000
00000000000000000000000000000000000000000000000000000000000000000000000000000000000000000000000000000000000000000000000000000000
00000000000000000000000000000000000000000000000000000000000000000000000000000000000000000000000000000000000000000000000000000000
30000030333333000000000000000000000000000000000000000000000000000000000000000000000000000000000000000000000000000000000000000000
33030330333333300000000000000000000000000000000000000000000000000000000000000000000000000000000000000000000000000000000000000000
33030330330003300000000000000000000000000000000000000000000000000000000000000000000000000000000000000000000000000000000000000000
33333330330033300000000000000000000000000000000000000000000000000000000000000000000000000000000000000000000000000000000000000000
03333300333330000000000000000000000000000000000000000000000000000000000000000000000000000000000000000000000000000000000000000000
03303300330333000000000000000000000000000000000000000000000000000000000000000000000000000000000000000000000000000000000000000000
03000300330033300000000000000000000000000000000000000000000000000000000000000000000000000000000000000000000000000000000000000000
00000000000000000000000000000000000000000000000000000000000000000000000000000000000000000000000000000000000000000000000000000000
00000000000000000000000000000000000000000000000000000000000000000000000000000000000000000000000000000000000000000000000000000000
00000000000000000000000000000000000000000000000000000000000000000000000000000000000000000000000000000000000000000000000000000000
00000000000000000000000000000000000000000000000000000000000000000000000000000000000000000000000000000000000000000000000000000000
00000000000000000000000000000000000000000000000000000000000000000000000000000000000000000000000000000000000000000000000000000000
00000000000000000000000000000000000000000000000000000000000000000000000000000000000000000000000000000000000000000000000000000000
00000000000000000000000000000000000000000000000000000000000000000000000000000000000000000000000000000000000000000000000000000000
00000000000000000000000000000000000000000000000000000000000000000000000000000000000000000000000000000000000000000000000000000000
00000000000000000000000000000000000000000000000000000000000000000000000000000000000000000000000000000000000000000000000000000000
00333300003330003300033033000330033333000333333000000000003333000333330033000330033333300033330033000330330003303333333000000000
03333330033333003330033033300330333333300333333000000000033333303333333033300330033333300033330033300330330003303333333000000000
33000330333033303333033033330330330003300003300000000000330003303300033033330330000330000003300033330330330003303300000000000000
33000000330003303333333033333330330003300003300000000000330000003300033033333330000330000003300033333330330003303333300000000000
33300330333333303303333033033330330003300003300000000000333003303300033033033330000330000003300033033330333033303300000000000000
03333330330003303300333033003330333333300003300000000000033333303333333033003330000330000033330033003330333333303333333000000000
00333300330003303300033033000330033333000003300000000000003333000333330033000330000330000033330033000330033333003333333000000000

0x0000125b
00000000000000000000000000000000000000000000000000000000000000000000000000000000000000000000000000000000000000000000000000000000
00000000000000000000000000000000000000000000000000000000000000000000000000000000000000000000000000000000000000000000000000000000
00000000000000000000000000000000000000000000000000000000000000000000000000000000000000000000000000000000000000000000000000000000
00000000000000000000000000000000000000000000000000000000000000000000000000000000000000000000000000000000000000000000000000000000
00000000000000000000000000000000000000000000000000000000000000000000000000000000000000000000000000000000000000000000000000000000
00000000000000000000000000000000000000000000000000000000000000000000000000000000000000000000000000000000000000000000000000000000
00000000000000000000000000000000000000000000000000000000000000000000000000000000000000000000000000000000000000000000000000000000
00000000000000000000000000000000000000000000000000000000000000000000000000000000000000000000000000000000000000000000000000000000
00000000000000000000000000000000000000000000000000000000000000000000000000000000000000000000000000000000000000000000000000000000
30000030333333000333330033000330003333300000000033333300003333000333330003333300000000000000000000000000000000000000000000000000
33030330333333303333333033300330033333300000000033333330003333003333333033333330000000000000000000000000000000000000000000000000
33030330330003303300033033330330333000000000000033003330000330003300033033300000000000000000000000000000000000000000000000000000
33333330330033303300033033333330330033300000000033333300000330003300033003333300000000000000000000000000000000000000000000000000
03333300333330003300033033033330333003300000000033003330000330003300033000003330000000000000000000000000000000000000000000000000
03303300330333003333333033003330033333300000000033333330003333003333333033333330000000000000000000000000000000000000000000000000
03000300330033300333330033000330003333300000000033333300003333000333330003333300000000000000000000000000000000000000000000000000
00000000000000000000000000000000000000000000000000000000000000000000000000000000000000000000000000000000000000000000000000000000
00000000000000000000000000000000000000000000000000000000000000000000000000000000000000000000000000000000000000000000000000000000
00000000000000000000000000000000000000000000000000000000000000000000000000000000000000000000000000000000000000000000000000000000
00000000000000000000000000000000000000000000000000000000000000000000000000000000000000000000000000000000000000000000000000000000
00000000000000000000000000000000000000000000000000000000000000000000000000000000000000000000000000000000000000000000000000000000
00000000000000000000000000000000000000000000000000000000000000000000000000000000000000000000000000000000000000000000000000000000
00000000000000000000000000000000000000000000000000000000000000000000000000000000000000000000000000000000000000000000000000000000
00000000000000000000000000000000000000000000000000000000000000000000000000000000000000000000000000000000000000000000000000000000
00000000000000000000000000000000000000000000000000000000000000000000000000000000000000000000000000000000000000000000000000000000
00333300003330003300033033000330033333000333333000000000003333000333330033000330033333300033330033000330330003303333333000000000
03333330033333003330033033300330333333300333333000000000033333303333333033300330033333300033330033300330330003303333333000000000
33000330333033303333033033330330330003300003300000000000330003303300033033330330000330000003300033330330330003303300000000000000
33000000330003303333333033333330330003300003300000000000330000003300033033333330000330000003300033333330330003303333300000000000
33300330333333303303333033033330330003300003300000000000333003303300033033033330000330000003300033033330333033303300000000000000
03333330330003303300333033003330333333300003300000000000033333303333333033003330000330000033330033003330333333303333333000000000
00333300330003303300033033000330033333000003300000000000003333000333330033000330000330000033330033000330033333003333333000000000

