00000000000000000000000000000000000010000000000000000001000000000000000000000000011100000000000000000000000000000000000000000000
00000000000000000000000000000000000000000000000000000000000000000000000000000000001000000000000000000000000000000000000000000000
00000000000000000000000000000000000000000000000000000000000000000000000001000000000000000000000001000000000000000000000000000000
00000000000000000000000100000000000000000000010000000000000000000000000000000000000000000000000010000000000000000000000000000000
00000000000000000000000000000000000000000000100000000000000000000010000000000000000000000000000000000000000000000000000000000000
00000001000000000000000000000000000000000000000000000000000000000000000000000000000000010000000000000000000000000000000000000000
00000011100000000000000000000000010000000000000000000010000000000000000000000000000000000000000000000000000000000000000000000000
00000001000000000000000000000000001000000000000000000100000001000000000000000000000000000000000000000000000000000000000000000000
00000000000000000000000000000000000000000000000000000000000010000000000000010000000000000000000000000000000000000000000000000000
00000000000000000000000000000000000000000000000000000000000000000000000000001000000000000000000000000000000100000000000000000000
00000000000000000000000000000000000000000000000000000000000000000000000000000000000000000000000000000000000000000000000000000000
00000000000000000000000100000000000000000000000000000001000000000000000000000000000010000000000000000000000000000000000000000000
00000000000000000000000000000000000000000001000000000000001000000000000000000000000100000000000000000000000000000000000000000000
00000000000000000000000000000000000000000010000000000000000000100100100000000000000000000000000000000000000000000000000000000000
00000000000000000000000000000000000000000000000000000000000000000000000010000000000000000000000010000000000000000000000000000000
00000000000000000000000000000000000000000000000000000000000100000000001000000000000000000000000000000000000000000000000000000000
00000000000000000000000000000000000000000000000000000000000000000000000000000000000000100000000000000000000000000000000100000000
00000000000000000000000000000000000000000000000000000000000000000010000000001000000000000000000000000000000000000000001110000000
00000001000000000000000000000000000000010000000001000000010000100000000000000000000000000000000000000000000000000000000100000000
00000000000000000000000000000000000000100000000010000000000000000001000000000000000000000000000000000000000000000000000000000000
00000000000000000000000000000000000000000000000000000000000000000000000000000000000000000000000000000000000000000000000000000000
00000000000000000000100000000000000000000000000000000000000000000000010000000000001000000000000000000000000000000000000000000000
00000000000000000000000000000100000000000000000000000000000000000000000000001000000100000000000000000000000000000000000000000000
00000000000000000000000000000000000000000000000000000000000000010000000000000000000000000000000000000000000000000000000000000000
00000000000000000000000000000000000000000000000000000000100000000000000000000000000000000000000000000000000000000000000000000000
00000000000033300300000330030003033330333000000010003001000000000000000010000000003330003300300003000010000030000000000000000000
00000000000030030300003003003030030000300300000000033000000000000000000000000000003003030030300003000111000330000000000000000000
00000000000030030300003003000300030000300300000000003000000000000000000000000000003330030030300003000010000030000000000000000000
00000000000033300300003333000300033300333000000000003000000000000000100000000000003003033330300003000000000030000000000000000000
00000000000030000300003003000300030000303000000000003000000000000001000000000000003003030030300003000000000030000000000000000000
00000000000030000333303003000300033330300300000000003000000000000000000000000000003330030030333303333000000030000000000000000000
00000000000000000000000000000000000000000000000000000000000000100000000000000000000000000000000000000000000000000001000000000000
