00000000000000000000000000000000000000000000000000000000000000000000000000000000000000000000000000000000000000000000000000000000
00000000000000000000000000000000000000000000000000000000000000000000000000000000000000000000000000000000000000000000000000000000
00000000000000000000000000000000000000000000000000000000000000000000000000000000000000000000000000000000000000000000000000000000
00000000000000000000000000000000000000000000000000000000000000000000000000000000000000000000000000000000000000000000000000000000
00000000000000000000000000000000000000000000000000000000000000000000000000000000000000000000000000000000000000000000000000000000
00000000000000000000000000000000000000000000000000000000000000000000000000000000000000000000000000000000000000000000000000000000
00000000000000000000000000000000000000000000000000000000000000000000000000000000000000000000000000000000000000000000000000000000
00000000000000000000000000000000000000000000000000000000000000000000000000000000000000000000000000000000000000000000000000000000
00000000000000000000000000000000000000000000000000000000000000000000000000000000000000000000000000000000000000000000000000000000
00000000000000000000000000000000000000000000000000000000000000000000000000000000000000000000000000000000000000000000000000000000
00000000000000000000000000000000000000000000000000000000000000000000000000000000000000000000000000000000000000000000000000000000
00000000000000000000000000000000000000000000000000000000000000000000000000000000000000000000000000000000000000000000000000000000
00000000000000000000000000000000000000000000000000000000000000000000000000000000000000000000000000000000000000000000000000000000
00000000000000000000000000000000000000000000000000000000000000000000000000000000000000000000000000000000000000000000000000000000
00000000000000000000000000000000000000000000000000000000000000000000000000000000000000000000000000000000000000000000000000000000
00000000000000000000000000000000000000000000000000000000002222000002220000000000000000000000000000000000000000000000000000000000
00000000000000000000000000000000000000000000000000000000023333200023330000000000000000000000000000000000000000000000000000000000
00000000000000000000000000000000000000000000000000000000023333200023330000000000000000000000000000000000000000000000000000000000
00000000000000000000000000000000000000000000000000000000023333200022230000000000000000000000000000000000000000000000000000000000
00000000000000000000000000000000000000000000000000000000023002300000230000000000000000000000000000000000000000000000000000000000
00000000000000000000000000000000000000000000000000000000023002300000230000000000000000000000000000000000000000000000000000000000
00000000000000000000000000000000000000000000000000000000000023300000230000000000000000000000000000000000000000000000000000000000
00000000000000000000000000000000000000000000000000000000000233000000230000000000000000000000000000000000000000000000000000000000
00000000000000000000000000000000000000000000000000000000000230000000230000000000000000000000000000000000000000000000000000000000
00000000000000000000000000000000000000000000000000000000002303300000230000000000000000000000000000000000000000000000000000000000
00000000000000000000000000000000000000000000000000000000023303300000230000000000000000000000000000000000000000000000000000000000
00000000000000000000000000000000000000000000000000000000023333200022230000000000000000000000000000000000000000000000000000000000
00000000000000000000000000000000000000000000000000000000023333200023320000000000000000000000000000000000000000000000000000000000
00000000000000000000000000000000000000000000000000000000023333200023320000000000000000000000000000000000000000000000000000000000
00000000000000000000000000000000000000000000000000000000022222000022220000000000000000000000000000000000000000000000000000000000
00000000000000000000000000000000000000000000000000000000000000000000000000000000000000000000000000000000000000000000000000000000
00000000000000000000000000000000000000000000000000000000000000000000000000000000000000000000000000000000000000000000000000000000
