00000000000000000000000000000000000000000000000000000000000000000000000000000000000000000000000000002323333111111112233222112110
00000000000000000000000000000000000000000000000000000000000000000000000000000000000000000000000000003333333111111113332222111111
00000000000000000000000000000000000000000000000000000000000000000000000000000000000000000000000000003333333211111113333222112111
00000000000000000000000000000000000000000000000000000000000000000000000000000000000000000000000000023333333211111123333232111111
00000000000000000000000000000000000000000000000000000000000000000000000000000000000000000000000000123333223321111233333322111111
00000000000000000000000000000000000000000000000000000000000000000000000000000000000000000000000000023333223331112333333321111111
00000000000000000000000000000000000000000000000000000000000000000000000000000000000000000000000000133333223333333333333332111111
00000000000000000000000000000000000000000000000000000000000000000000000000000000000000000000000000033333222332233333333332111111
00000000000000000000000000000000000000000000000000000000000000000000000000000000000000000000000000013333222332333333333231112111
00000000000000000000000000000000000000000000000000000000000000000000000000000000000000000000000000002232222222222333332221121111
00000000000000000000000000000000000011111111111111111111111111111111111111111111111111111111111111102232222222211323332222211111
00000000000000000000000000000000011222222222222222222222222222222222222222222222222222222222222222222333332223322333333332111110
00000000000000000000000000000011222222222222222222222222222222222222222222222222222222222222222222111333332223323333333322111100
00000000000000000000000000001222222222222222222222222222222222222222222222222222222222222222222111110333322222333333333321111100
00000000000000000000000001222222222222222222222222222222222222222222222222222222222222222222111111111133322222233333333332111000
00000000000000000000001222222222222222222222222222222222222222222222222222222222222222222111111111111023322222222333333322211000
00000000000000000000001111111111111111111111111111111111111111111111111111111111111111111111111111111003333333222233333331110000
00000000000000000000001111111111111111111111111111111111111111111111111111111111111111111111111111000001333333333333333331100000
00000000000000000000001111111111111111111111111111111111111111111111111111111111111111111111111000000000122233333322222211000000
00000000000000000000001111111111111111111111111111111111111111111111111111111111111111111111000000000000000000000000000000000000
00000000000000000000001111111111111111111111111111111111111111111111111111111111111111221000000000000000000000000000000000000000
00000000000000000000000000000000000000000000000000000000000000000000000000000000000000000000000000000000000000000000000000000000
00000000000000000000000000000000000000000000000000000000000000000000000000000000000000000000000000000000000000000000000000000000
00000000000000000000000000000000000000000000000000000000000000000000000000000000000000000000000000000000000000000000000000000000
00000000000000000000000000000000000000000000000000000000000000000000000000000000000000000000000000000000000000000000000000000000
00000000000000000000000000000000000000000000000001111122111111112211111111111111000000000000000000000000000000000000000000000000
00000000000000000000000000000000001111122222222222222222222222222221121111111111111111111110000000000000000000000000000000000000
00000000000000000000000000012122223333322233333332222222222222222222222211111111111111111111111111110000000000000000000000000000
00000000000000000000112233333333322333333333333333333332323232222222222222221111111111111111111111111111110000000000000000000000
00000000000000122333333333333333333333333333333333333321332233222222222221111211111111111111111111111111111111110000000000000000
00000000112222333333333333333333333333333333333333333322333323223322222222222222222111111111111111111111111111111111100000000000
00001222333333333333333333333333333333333333333333333333333323323333333222222222222222211111111111111111111111111111111111000000
