11111111111100011100001111100000001111111110001111111111111000110000000000000000000000001111000000000000111000000001111000000011
11111111111111111003301111003333300111111100301111111111110030110333333333300333333333301111033333333330110033333301110033333001
11111111111111110033301110033333330011111103301111111111110330110333333333300333333333301111033333333330110333333301100333333300
11111111111111110333301110333000333000111003301111111111100330110000000033000000000033001111000000003300110330000001103330003330
11111111111111110003301110330010033000111033301111111111103330111111110033011111110033011111111111003301110330011111103300100330
11111111111111111103301110330110033000010033301111111111003330111111110330011111110330011111111111033001100330000011003301110330
11111111111111111103300010000110033000100333301111111110033330111111100330111111100330111111111110033011103333333010000001110330
11111111111111111003303201111110033001103303301111111110330330111111103300111111103300111111111100330011103333333000011111100330
11111111101111111103302331111110330000003303301111111100330330111111003301111111003301111111111000330111103300003300111111103300
10011111101110110203302233111100330110033003301111111003300330111111033001111111033001111111111103300111100001100330111111003301
00111111111110001303303233301003300000333003301111110033300330111110033011111110033011111111111003301111111111110330111110033001
01111111112110011203303233320033001003330003300011110333000330001110330011111110330011111111111033002110001211110330111100330011
01111111112211001203303223300330011103333333333011110333333333301100330111111100330111111111110033022210000011100330111003300111
00111111001111000103303333003300111103333333333011110333333333301103300111111103300111101111110330012211003001003300110033000111
10111111001111000003303330033000000000000003300000000000000330001003301111111003301111100000100330001111033300033301100330000000
11111111111111000003303300333333333011000003300003301110000330110033001111110033001111110330003300001111003333333001003333333330
11111111111110100003302303333333333001000003300003300110000330010333011111110333011111110330033301001111100333330011033333333330
11111111111110100000003300000000000000100000000000000010000000010000011111110000011111110000000001111111110000000111000000000000
11111111111101110000033333323200000000000000000000100001000000000000000111111111100111111110111111111111111111111111111101111000
11111111111100111010022333333100000000000000000000010000100000000000000001111111100001111110111111111111111111111110110001101000
11111111111100022110022333221000000000000000000000000000000000000000000001111111100000011110001111111111111111011100100000010000
11111111110012112210023332000000000000000000000000000000000000000000000000111111100000001010000100111111001110001100100000000000
11111111101122110110022320000000000000000000000000000000010000000000000000001111110000000000000101011110000111001100000000000000
00111111012221001111000000000000000000000000000000000000000000000000000000000100011000000000000001101111111111011100000000000000
00111111022200000000000000000000000000000000000000000000000000000000000000000000000000000000000000000000000000000000000000000000
10111111022000330300300330003300333000330033300000003000000000000000000000000000033000300300003000033303030333033000300000000000
11111111101000030300303003030030300303003030030000033000000000000000000000000000030303030300030300030003030030030303030000000000
10012211000000030300303000030030300303003030030000003000000000000000000000000000033003030300030300030000300030030303030000000000
10002221000000030300303033033330300303003033330000003000000000000000000000000000030303030300033300033000300030033303330111000000
00001211100030030300303003030030300303003030300000003000000000000000000000000000030303030300030300030003030030033003030111100000
10000111110003300033000330030030333000330030030000003000000000000000000000000000033300300333030300033303030030030303030111100000
10000111111000000000000000000000000000000000000000000000000000000000000000000000000000000000000000000000000000000000000010000001
