00000000000000000000000000000000000000000000000000000000000000000000000000010000000000000000000000000000000000000000000000000000
00000000000000000003300000003333300000003333300000000333333333300000333300000000333330000000000033333000010000003000000000003300
00000000000100000033300000033333330000033333330000000333333333300003333330000003333333000000000333333300000000033000000000033000
00000000000000000333300000333000333000333000333000000000000033000033000033000033300033300000003330003330000000033000000000330000
00000100000000000003300000330000033000330000033000000000000033000330000003300033000003301000003300000330000000333000000003300000
00000000000000000003300000330000033000000000033000000000000330000330000003300000000003300000000000000330000000333000000033000000
00000000000000000003300000000000033000000000033000000000000330000330000003300000000003300000000000000330000003333000000333330000
00000000000000000003300000000000033000001000330000000000003300000330000003300000100033000000000000003300000033033000003333333000
00000000000001000003300000000000330000000033330000000000003300000330000003300000003333000000000000333300000033033000003330033300
00000000000000000003300000000000330000000033330000000000033000000330000003300000003333000000000000333300000330033000033300003330
00000100000000000003300000000003300000000000333000000000033010000330010003300000000033300000000000003330003330033000033000000330
00000000000000000003300000000033000000000000033000000000330000000330000003300000000003300000000000000330033300033000033000000330
00000000000000000003300000000330000000001000033000000000330000000330000003300000000003300000000000000330033333333330033000000330
00000000000000000003300000003300000003300000033000000003300001000330000003300330000003300000033000000330033333333330033300003330
00000000000000000003300000033000000003330000333000000003300000000033000033000333000033300000033300003330000000033000003330033300
00000000000000000003300000333333333000333333330003300033000100000003333330000033333333000330003333333300001000033000000333333000
00000000000000010003300003333333333000003333300003300333000000000000333300000000333330000330000033333000000000033000000033330000
00000000001000000000000000000000000000100000000000000000000000000100000000000000000000000000000000000000000000000000000000000000
00000000000000000000000000000000000000000001000000000000000000100000010000000000000000000000000000000000000000000000000000100000
00000000000000000000000000000000000000000000000000000010001000000001000000000000000000000000000000000000000000000000000000000000
00000000000000000000000100000000000000000000000000000000000000000000000000000010000100000000000000000100000000000000000000000000
00100000000000000000000000000000000000000000000100000000000000001000000000010000000000000000000000000000000000000000000000000000
00000000000000000000000000000000000000000000000000000000000000000000000000000000000000000000000000000000000000000000000000000000
00000000000000000000000000000000010000000000000000001000000000000000010000000000000000000010000000000000000000000000000000000000
00000000000000000000000000000000000000000000000000000000000000000000000000000000000000000000000000000000000000000000000000000000
00000000000033300300000330030003033330333000000000003000000000000100000001000000033303030333033000300000330003003000300000000000
00000000000030030300003003003030030000300300000000033000001000100000000000000000030003030030030303030000303030303000300000000000
00000000000030030300003003000300030000300300000010003000000000000000000000000000030000300030030303030000330030303000300000000000
00000010000033300300003333000300033300333000000000003000000000000000001000000000033000300030033003330000303033303000300000000000
00000111000030000300003003000300030000303000000000003000000000000000000000000010030003030030030303030000303030303000300000000000
10000010000030000333303003000300033330300301000000003001000010000001000000000000033303030030030303030000330030303330333000000001
00000000000000000000000000000000000000000000000000000000000000000000000000000000000000000000000000000000000000000000000000000000
