00000000000000000000000000000000000000000000000000000000000000000000000000000000000000000000000000000000000000000000000000000000
00000000000000000000000000000000000000000000000000000000000000000000000000000000000000000000000000000000000000000000000000000000
00000000000000000000000000000000000000000000000000000000000000000000000000000000000000000000000000000000000000000000000000000000
00000000000000000000000000000000000000000000000000000000000000000000000000000000000000000000000000000000000000000000000000000000
00000000000000000000000000000000000000000000000000000000000000000000000000000000000000000000000000000000000000000000000000000000
00000000000000000000000000000000000000000000000000000000000000000000000000000000000000000000000000000000000000000000000000000000
00000000000000000000000000000000000000000000000000000000000000000000000000000000000000000000000000000000000000000000000000000000
00000000000000000000000000000000000000000000000000000000000000000000000000000000000000000000000000000000001111111000000011011000
00000000000000000000000000000000000000000011000011003333300111111000000000111100000000001100000000011000001100001100000011011000
00000000000000000000000000000000000000000000033001103333001111111100000000111100000000001100000000011000000000000110000110011000
00000000000000000000000000000013332000000000233301103333011110011110000000001110000000011000000000011000000000000110001110011000
00000000000000000000000000000033333200000001333301100111011100001110000000000110000000110000000000011000000000000110011100011000
00000000000000000000000000000133223310000000333001101211011000000110000000000110000001100000000000011000000000000110011111111110
00000000000000000000000000000122212310000010030011003333011002100110011000000110000011000000000000011000001000001100011111111110
00000000000000000000000000000122111210000111000111030000011100001110011100001110000110000000000000011000011100011100000000011000
00000000000000000000000000000011111200010011111110030110001111111100001111111100001111111110011000011000001111111000000000011000
00000000000000000000000000000000111111013001111100330110300111111000000011111000011111111110011000011000000111110000000000011000
00000000000000000000000000000000111121122200000003330000330000000030000000000000000000000000000000000000000000000000000000000000
00000000000000000000000012322111111122122223322333333333333323333330000000000000000000000000000000000000000000000000000000000000
00000000000000000000001223333212121111110133323333333333323332333320000000000000000000000000000000000000000000000000000000000000
00000000000000000000002212222111000000100033233333333333233333233310000000000000000000000000000000000000000000000000000000000000
00000000000000000000001111221001000000000123233333333332333333233310000000000000000000000000000000000000000000000000000000000000
00000000000000000000001100111000000001111222233333333332333333233200000000000000000000000000000000000000000000000000000000000000
00000000000000000000001100000001111111122212223333333332333332233100000000000000000000000000000000000000000000000000000000000000
00000000000000000000000000000000000000000011222333300033333332233100000000000000000000000000000000000000000000000000000000000000
00000000000011100100000110010001011110111000232333001033222322332000000000000000001110001100100001000000000010000000000000000000
00000000000010010100001001001010010000100100023333011022323222321000000000000000001001010010100001000000000110000000000000000000
00000000000010010100001001000100010000100100012222001022222222210000000000000000001110010010100001000000000010000000000000000000
00000000000011100100001111000100011100111000001221201022222222100000000000000000001001011110100001000000000010000000000000000000
00000000000010000100001001000100010000101000000012201022222221000000000000000000001001010010100001000000000010000000000000000000
00000000000010000111101001000100011110100100000001201022211100000000000000000000001110010010111101111000000010000000000000000000
00000000000000000000000000000000000000000000000000000000000000000000000000000000000000000000000000000000000000000000000000000000
