00000000000000000000000000000000000000000000000000000000000000000000000000000000000000000000000000000000000000000000000000000000
00000000001000000000000110000001100000001111000000000000111100000000111100000000111100000000000011110000000011110000000011110000
00000000011100000000001110100011100100011111100000000001111110010001111110000001111110000000000111111000000111111000000111111000
00000000001000000000011110000111100000110000110000000011000011000011000011000011000011000000001100001100001100001100001100001100
00000000000000000000000110000001100001100000011000000110000001100110000001100110000001100001011000000110011000000110011000000110
00000000000000000000000110000001100001100000011000000110000001100110000001100110000001100000011000000110011000000110011000000110
00000000000000000000000110000001100001100000011000000110000001100110100001100110000001100000011000000110011000000110011000000110
00000000001000000000000110000001100001100000011000010110000001100110000001100110000001100000011000000110011000000110011000000110
00000000000000000000000110000001100001100000011000000110000001100110000001100110000001100000011000000110011000000110011000000110
00000000000000000000000110000101100001100000011000000110100001100110000001100110000001100000011000000110011000000110011000000110
00000000000000000000000110000001100001100000011000000110000001100110001001100110000001100000011000000110011000000110011000000110
00000000000000000000000110000001100001100000011000000110000001100110000001100110000001101000011000000110011000000110011000000110
00000000000000000000000110000001100001100000011000100110010001100110000001100110000001100000011000000110011000000110011000000110
00000000000000000001000110000001100001100000011000000110000001100110000001100110010001100000011000000110011000000110011001000110
00000000000000000000000110000001100000110000110000000011000011000011000011000011000011000000001100001100001100001100001100001100
00000000000000000000000110000001100000011111100001100001111110000001111110001001111110000110000111111000000111111000000111111000
00000000000000000000000110000101100000001111000001100100111100000000111100000000111100000110000011110000000011110000000011110000
00000000000000000000000000000000000001000000000000000000000000000000000000000000000000000000000000000000000000000000000000000000
00000000000000000000000000000000000000000010000000000000000000100000001001000000000000000000000000000000000000000000000000000001
00000000000000000000000000000000000000000000000000000000000000000000000000000000000000000000000000000000000000000000000000000000
00000000000000000000000000000000000000000000000000000100000000000000000000000000000001000000000000000000000000000000000000000000
00000000000000000000010000000000000000000000000000000000000000000000000000000100000000000000000000000000000000000000000000000000
00000000000000000000000000000000000000000000000100000000000000000100000000000000000000000000000000000000000000000000000000000000
00000000000000000000000000000000000000000000000000000000100000100000000000000000000000000000000000000000000000000000000000000000
00000000000000000000000000000000000000000000000000000001000000000000001000000000000000000000000000000000000000000000000000000000
00000000000011100100000110010001011110111000000000001000000000000000000000000000011101010111011000100000110001001000100000000000
00000000000010010100001001001010010000100100000000011000000000000100000000100000010001010010010101010000101010101000100000000000
00000000000010010100001001000100010000100100000000001000001000010000000000000000010000100010010101010000110010101000100000000000
00000000000011100100001111000100011100111000000100001000000000000000000000000000011000100010011001110000101011101000100000000000
00000000000010000100001001000100010000101000000000001000000000000000000000000000010001010010010101010000101010101000100000000000
01000000000030000333303003000300033330300300000000003000000000000000000100000000033303030030030303030000330030303330333000000000
11100000000000000000000000000000000000000000000000000000000000000000100000000000000000000000000000000000000000000000000000000000
