00000000000000000000000000000000000000000000000000000000000000000000000000000000000000000000000000000000000000000000000000000000
00000000000000000000000000000000000000000000000000000000000000000000000000000000000000000000000000000000000000000000000000000000
00000000000000000000000000000000000000000000000000000000000000000000000000000000000000000000000000000000000000000000000000000000
00000000000000000000000000000000000000000000000000000000000000000000000000000000000000000000000000000000000000000000000000000000
00000000000000000000000000000000300000300033300033333300330003300033330033000330003333300000000000000000000000000000000000000000
00000000000000000000000000000000330303300333330033333330333003300033330033300330033333300000000000000000000000000000000000000000
00000000000000000000000000000000330303303330333033000330333303300003300033330330333000000000000000000000000000000000000000000000
00000000000000000000000000000000333333303300033033003330333333300003300033333330330033300000000000000000000000000000000000000000
00000000000000000000000000000000033333003333333033333000330333300003300033033330333003300000000000000000000000000000000000000000
00000000000000000000000000000000033033003300033033033300330033300033330033003330033333300000000000000000000000000000000000000000
00000000000000000000000000000000030003003300033033003330330003300033330033000330003333300000000000000000000000000000000000000000
00000000000000000000000000000000000000000000000000000000000000000000000000000000000000000000000000000000000000000000000000000000
00000000000000000000000000000000000000000000000000000000000000000000000000000000000000000000000000000000000000000000000000000000
00000000000000000000000000000000000000000000000000000000000000000000000000000000000000000000000000000000000000000000000000000000
00000000000000000000000000000000000000000000000000000000000000000000000000000000000000000000000000000000000000000000000000000000
00000000000000000000000000000000000000000000000000000000000000000000000000000000000000000000000000000000000000000000000000000000
00000000000000000000000000000000033333003300033033333330000000000333333000333300330000000333333000000000000000000000000000000000
00000000000000000000000000000000333333303330033033333330000000000333333000333300330000000333333000000000000000000000000000000000
00000000000000000000000000000000330003303333033033000000000000000003300000033000330000000003300000000000000000000000000000000000
00000000000000000000000000000000330003303333333033333000000000000003300000033000330000000003300000000000000000000000000000000000
00000000000000000000000000000000330003303303333033000000000000000003300000033000330000000003300000000000000000000000000000000000
00000000000000000000000000000000333333303300333033333330000000000003300000333300333333000003300000000000000000000000000000000000
00000000000000000000000000000000033333003300033033333330000000000003300000333300333333000003300000000000000000000000000000000000
00000000000000000000000000000000000000000000000000000000000000000000000000000000000000000000000000000000000000000000000000000000
00000000000000000000000000000000000000000000000000000000000000000000000000000000000000000000000000000000000000000000000000000000
00000000000000000000000000000000000000000000000000000000000000000000000000000000000000000000000000000000000000000000000000000000
00000000000000000000000000000000000000000000000000000000000000000000000000000000000000000000000000000000000000000000000000000000
00000000000000000000000000000000000000000000000000000000000000000000000000000000000000000000000000000000000000000000000000000000
00000000000000000000000000000000000000000000000000000000000000000000000000000000000000000000000000000000000000000000000000000000
00000000000000000000000000000000000000000000000000000000000000000000000000000000000000000000000000000000000000000000000000000000
00000000000000000000000000000000000000000000000000000000000000000000000000000000000000000000000000000000000000000000000000000000
00000000000000000000000000000000000000000000000000000000000000000000000000000000000000000000000000000000000000000000000000000000
