00000000000000000000000000000000000000000000000000000000000000000000000000000000000000000000000000000000000000000000000000000000
00000000000000000000000000000000000000000000000000000000000000000000000000000000000000000000000000000000000000000000000000000000
00000000000000000000000000000000000000000000000000000000000000000000000000000000000000000000000000000000000000000000000000000000
00000000000000000000000000000000000000000000000000000000000000000000000000000000000000000000000000000000000000000000000000000000
00000000000330000003300003333000000333000033330000000000000000000000000000000000000000000000000000000000000000000000000000000000
00000000003333000033330003333300003333300333333000000000000000000000000000000000000000000000000000000000000000000000000000000000
00000000003333000033330003303300033303300330033000000000000000000000000000000000000000000000000000000000000000000000000000000000
00000000003303000033030003303330033000000330033000000000000000000000000000000000000000000000000000000000000000000000000000000000
00000000003303000033030003300330033000000033330000000000000000000000000000000000000000000000000000000000000000000000000000000000
00000000003303000033030003300330033000000033330000000000000000000000000000000000000000000000000000000000000000000000000000000000
00000000003303000033030003303330033000000330033000000000000000000000000000000000000000000000000000000000000000000000000000000000
00000000033333300333333003303300033303300330033000000000000000000000000000000000000000000000000000000000000000000000000000000000
00000000033333300333333003333300003333300333333000000000000000000000000000000000000000000000000000000000000000000000000000000000
00000000033003300330033003333000000333000033330000000000000000000000000000000000000000000000000000000000000000000000000000000000
00000000000000000000000000000000000000000000000000000000000000000000000000000000000000000000000000000000000000000000000000000000
00000000011111100111111001111110011111100111111000000000000000000000000000000000000000000000000000000000000000000000000000000000
00000000011111100111111001111110011111100111111000000000000000000000000000000000000000000000000000000000000000000000000000000000
00000000000000000000000000000000000000000000000000000000000000000000000000000000000000000000000000000000000000000000000000000000
00000000000000000000000000000000000000000000000000000000000000000000000000000000000000000000000000000000000000000000000000000000
00000000000000000000000000000000000000000000000000000000000000000000000000000000000000000000000000000000000000000000000000000000
00000000000000000000000000000000000000000000000000000000000000000000000000000000000000000000000000000000000000000000000000000000
00000000000000000000000000000000000000000000000000000000000000000000000000000000000000000000000000000000000000000000000000000000
00000000000000000000000000000000000000000000000000000000000000000000000000000000000000000000000000000000000000000000000000000000
00000000000000000000000000000000000000000000000000000000000000000000000000000000000000000000000000000000000000000000000000000000
00000000000000000000000000000000000000000000000000000000000000000000000000000000000000000000000000000000000000000000000000000000
00000000000000000000000000000000000000000000000000000000000000000000000000000000000000000000000000000000000000000000000000000000
00000000000000000000000000000000000000000000000000000000000000000000000000000000000000000000000000000000000000000000000000000000
00000000000000000000000000000000000000000000000000000000000000000000000000000000000000000000000000000000000000000000000000000000
00000000000000000000000000000000000000000000000000000000000000000000000000000000000000000000000000000000000000000000000000000000
00000000000000000000000000000000000000000000000000000000000000000000000000000000000000000000000000000000000000000000000000000000
00000000000000000000000000000000000000000000000000000000000000000000000000000000000000000000000000000000000000000000000000000000
00000000000000000000000000000000000000000000000000000000000000000000000000000000000000000000000000000000000000000000000000000000
