33333333333333333333333333333333333333333333333333333333333333333333333333333333333333333333333333333333333333333333333333333333
30000000000000000000000000000000000000000000000000000000000000000000000000000000000000000000000000000000000000000000000000000003
30000000000000000000000000000000000000000000000000000000000000000000000000000000000000000000000000000000000000000000000000000003
30000000000000000000000000000000000000000000000000000000000000000000000000000000000000000000000000000000000000000000000000000003
30000000000033000000000000000000033333000000000033300000000330000000000000000000000000000000000000000000000000000000000000000003
30000000000333000000000000000003330003330000000003300000000330003000000000000000000000000000000000000000000000000000000000000003
30000000000333000000000000000003300000330000000003300000000000033000000000000000000000000000000000000000000000000000000000000003
30000000003033000000000000000033000000033033303303303330003330333330003333000033330000033303330000333300033303300333300000000003
30000000030033000000000000000033000000033003330303330333000330033000030003300330030000003330333003000330003330303000330000000003
30000000300033000000000000000033000000033003300003300033000330033000000003300333000000003300033000000330003300000000330000000003
30000000333333300000000000000033000000033003300003300033000330033000000033300033300000003300033000003330003300000003330000000003
30000000000033000000000000000003300000330003300003300033000330033000003303300003330000003300033000330330003300000330330000000003
30000000000033000000000000000003330003330003300003300330000330033000033003300300330000003300330003300330003300003300330000000003
30000000000333300000000000000000033333000033330033333300003333003333033333330333300000003333300003333333033330003333333000000003
30000000000000000000000000000000000000000000000000000000000000000000000000000000000000003300000000000000000000000000000000000003
30000000000000000000000000000000000000000000000000000000000000000000000000000000000000003300000000000000000000000000000000000003
30000000000000000000000000000000000000000000000000000000000000000000000000000000000000003300000000000000000000000000000000000003
30000000000000000000000000000000000000000000000000000000000000000000000000000000000000033330000000000000000000000000000000000003
30000000000000000000000000000000000000000000000000000000000000000000000000000000000000000000000000000000000000000000000000000003
30000000000003330000000000000000000000033333330000000000033300000000000000333333300000000000000000000000000000000000000000000003
30000000000000330000000000000000000000003300333000000000003300000000000000033000300000000000003000000000000000000000000000000003
30000000000000330000000000000000000000003300033000000000003300000000000000033000000000000000033000000000000000000000000000000003
30000000000000330033303330033333330000003300030000033330003300033330000000033000000333303330333330033303300333300000000000000003
30000000000000330003300330030003300000003333300000330033003300300033000000033333300033000300033000003330303000330000000000000003
30000000000000330003300330000033000000003300033003300003303300000033000000033000000003303000033000003300000000330000000000000003
30000000000000330003300330000330000000003300003303300003303300000333000000033000000000330000033000003300000003330000000000000003
30000000000000330003300330000300000000003300003303300003303300033033000000033000000003033000033000003300000330330000000000000003
30000000000000330003300330003000030000003300033300330033003300330033000000033000030033003300033000003300003300330000000000000003
30000000000003333000333333033333330000033333330000033330033330333333300000333333330333033330003333033330003333333000000000000003
30000000000000000000000000000000000000000000000000000000000000000000000000000000000000000000000000000000000000000000000000000003
30000000000000000000000000000000000000000000000000000000000000000000000000000000000000000000000000000000000000000000000000000003
33333333333333333333333333333333333333333333333333333333333333333333333333333333333333333333333333333333333333333333333333333333
