00000000000000000000000000000000000000001100011001111100110000001100011011000110111111101100011000000000000000000000000000000000
00000000000000000000000000000000000000001100011011111110110000001100011011101110111111101110011000000000000000000000000000000000
00000000000000000000000000000000000000001100011011000110110000001100011011111110110000001111011000000000000000000000000000000000
00000000000000000000000000000000000000001110111011000110110000001100011011111110111110001111111000000000000000000000000000000000
00000000000000000000000001111100000000000111110011000110110000001110111011010110110000001101111000000000011111000000000000000000
00000000000000000000000000000000000000000011100011111110111111001111111011000110111111101100111000000000000000000000000000000000
00000000000000000000000000000000000000000001000001111100111111000111110011000110111111101100011000000000000000000000000000000000
00000000000000000000000000000000000000000000000000000000000000000000000000000000000000000000000000000000000000000000000000000000
00000000000000000000000000000000000000000000000000000000000000000000000000000000000000000000000000000000000000000000000000000000
00000000000000000000000000000000000000000000000000000000000000000000000000000000000000000000000000000000000000000000000000000000
00000000000000000000000000000000000000000000000000000000000000000000000000000000000000000000000000000000000000000000000000000000
00000000000000000000000000000000000000000000000000000000000000000000000000000000000000000000000000000000000000000000000000000000
00000000000000000000000000000000000000000000000000000000000000000000000000000000000000000000000000000000000000000000000000000000
00000000000000000000000000000000000000000000000000000000000000000000000000000000000000000000000000000000000000000000000000000000
00000000000000000000000000000000000000000000000000000000000000000000000000000000000000000000000000000000000000000000000000000000
00000000000000000000000000000000000000000000000000000000000000000000000000000000000000000000000000000000000000000000000000000000
00000000222222000000000000000000000000000000000000000000000000000000000000000000000000000000000000000000000000000000000000000000
00000000222222000000000000000000000000000000000000000000000000000000000000000000000000000000000000000000000000000000000000000000
00000000222222000000000000000000000000000000000000000000000000000000000000000000000000000000000000000000000000000000000000000000
00000000222222000000000000000000000000000000000000000000000000000000000000000000000000000000000000000000000000000000000000000000
00000000222222000000000000000000000000000000000000000000000000000000000000000000000000000000000000000000000000000000000000000000
00000000222222000000000000000000000000000000000000000000000000000000000000000000000000000000000000000000000000000000000000000000
00000000000000000000000000000000000000000000000000000000000000000000000000000000000000000000000000000000000000000000000000000000
00000000000000000000000000000000000000000000000000000000000000000000000000000000000000000000000000000000000000000000000000000000
00000000000000000000000000000000000000000000000000000000000000000000000000000000000000000000000000000000000000000000000000000000
00000000000000000000000000000000000000000000000000000000000000000000000000000000000000000000000000000000000000000000000000000000
00000000000000000000000000000000000000000000000000000000000000000000000000000000000000000000000000000000000000000000000000000000
00000000000000000000000000000000000000000000000000000000000000000000000000000000000000000000000000000000000000000000000000000000
00000000000000000000000000000000000000000000000000000000000000000000000000000000000000000000000000000000000000000000000000000000
00000000000000000000000000000000000000000000000000000000000000000000000000000000000000000000000000000000000000000000000000000000
00000000000000000000000000000000000000000000000000000000000000000000000000000000000000000000000000000000000000000000000000000000
00000000000000000000000000000000000000000000000000000000000000000000000000000000000000000000000000000000000000000000000000000000
