00000000000000000000000000000000000000000010000000000000000000000000000000000000000000000000000000000000000000100000000000000000
00000000001000000000000000000000000000000000000000000000003330000000000000000000003330000033300000333000003330000033300000000000
00000000011100000000000000100000000100000000000000000300000003010300030003000300000003000000030000000300030000000000030000000000
00000000001000000000000000000000000000000000000000000300000003000300030003000300000003000000030000000300030000000000030000000000
00000000000000000000000000000000000000000000000000000300000003000300030003000300000003000001030000000300030000000000030000000000
00000000000000000000000000000000000000000000001000000000003330000033300000333000000000000000000000000000003330000033300000000000
00000000000000000000000000000000000000000000000000000300030000000000030000000300000003000000030000000300000003000300000000000000
00000000001000000000000000000000000000000000000000010300030000001000030000000300000003000000030000000301000003000300000000000000
00000000000000000000000000000000000000000000000000000300030000000000030000000300000003000000030000000300000003000300000000000000
00000000000000000000000000000100000000000000010000000000003330000000000000000000000000000000000000000000003330000033300000000000
00000000000000000000000000000000000000000000000000000000000000000000003000000000000000000000003000000000000000000000000000000000
00000000000000000000000000000000000000000000000000000000000000000000000000000000000000001000000000000000000000000000000000000000
00000000000000000000000000000000000000000000000000100000010000000000000000100000000000000000000000000000000000000000000000000000
00000000000000000001000000000000000000000000000000000000000001000100100000000000010000000000000000000000000000000000000001000000
00000000000000000000000000000000000000000000000000000000000000000000000000000000000000000000000000000000000000000000000000000000
00000000000000000000000000000000000000000000000000000000000000000000001000001000000000000000000100000000000000100000000000000000
00000000000000000000000000000100000000000000000010000100000100000000000000000000000000000000000000000000000000000000000000000000
00000000000000000000000000000000000001000000000000000000000000000000000000000000000000000000000000000000000000000000000000000000
00000000000000000000000000000000000000000010000000000000000000100000001001000000000000000000000000000000000000000000000000000001
00000000000000000000000000000000000000000000000000000000000000000000000000000000000000000000000000000000000000000000000000000000
00000000000000000000000000000000000000000000000000000100000000000000000000000000000001000000000000000000000000000000000000000000
00000000000000000000010000000000000000000000000000000000000000000000000000000100000000000000000000000000000000000000000000000000
00000000000000000000000000000000000000000000000100000000000000000100000000000000000000000000000000000000000000000000000000000000
00000000000000000000000000000000000000000000000000000000100000100000000000000000000000000000000000000000000000000000000000000000
00000000000000000000000000000000000000000000000000000001000000000000001000000000000000000000000000000000000000000000000000000000
00000000000033300300000330030003033330333000000000003000000000000000000000000000033303030333033000300000330003003000300000000000
00000000000030030300003003003030030000300300000000033000000000000100000000100000030003030030030303030000303030303000300000000000
00000000000030030300003003000300030000300300000000003000001000010000000000000000030000300030030303030000330030303000300000000000
00000000000033300300003333000300033300333000000100003000000000000000000000000000033000300030033003330000303033303000300000000000
00000000000030000300003003000300030000303000000000003000000000000000000000000000030003030030030303030000303030303000300000000000
01000000000030000333303003000300033330300300000000003000000000000000000100000000033303030030030303030000330030303330333000000000
11100000000000000000000000000000000000000000000000000000000000000000100000000000000000000000000000000000000000000000000000000000
