00023322111110001111111332233210120001210100000112100011111111111111112333333333333333333332323332233333333333310000000000000000
00133332111100000111111233222220121001320100100022110001111111111111111233333333333333333333323233333333333333320000000000000000
11233333211100000111111233333222121001100000110021220011111111111111111123332233333333333332322223333333333333330000000000000000
12233333211100000111111123333222122000001100000012210001100001111111111112332223333333333333323233333333333333331000000000000000
13333333322100000111111112333332222211011000001011100000000000111100011112333222333333333333322222333333333333332000000000000000
13333333333210000111111111233333322222122211001101101220000000000000001111233322223333333333332232333333333333333000000000000000
13333333333321001011111111123333333333333322211112322331000000000000001111233332223333333333333232233333333333333100000000000000
13333333333332000111101111112233333333333333333223333333210000000000000111123332222333333333332222333333333333333100000000000000
13223333333332001011111111111123333333333333333333333333332100000000000111122332222233333333333222223333333333333200000000000000
12222333333332000011111111111123333333333333333333333333333200000000000011112333222233333333333222223333333333333300000000000000
12212333333332100011101111111123333333333333333333333333333300000000010011112333222233333333333222223333333333333310000000000000
12112333333332100000000000000000000000000000000333333333333300000000000011112333222223333333333322333333333333333310000000000000
12222333333332100033300333330033300333300333330222222333333200000000000011111233322223333333333322323333333333333320000000000000
13333333332221110300030003000300030300030003000121223233333100000000000001111233322222333333333322232333333333333320000000000000
12233332222111110300000003000300030300030003002222333333333100000000000001111233322223333333333322222333333333333320000000000000
11222221111111110033300003000300030333300003003211111111111000000000000011111233322222333333333322222333333333333310000000000000
01111111111111110000030003000333330303000003003111111111110000000000000001111233312222333333333222223333333333333320000000000000
11112112122222220000030003000300030300300003002110111111110000000000000001111133321223333333333322222233333333333320000000000000
12222222222222220300030003000300030300030003001111111111110000000000000001111133321222333333333322223333333333333320000000000000
12222222222222230033300003000300030300003003001121111111100000000000000000111233321222333333333322222333333333333310000000000000
12222232222333232000000000000000000000000000001111111111100000000000000000000233321222333333333322222233333333333310000000000000
12222233223322332222232323222223223222322221111111001110000000000000000000011233322222333333333322223333333333333300000000000000
12232232233222222223322233323233333322332111111110000000000000000000000011011233312222333333333222223333333333333200000000000000
12222222221111111333332233333233333333332211111100000000000000000000000000011233212223333333333222222333333333333200000000000000
01111111000000000000000000000000000000000000001100000000000000000000000010111233222000000000000000000033333000333100000000000000
00000000000000330300300330003300333000330033300100003000000000000000000000111233220333000330030000033003330030333000000000000000
00000000000000030300303003030030300303003030030110033000000000000000000000011333220300303003030000300303330330332000000000000000
00000000000000030300303000030030300303003030030220003011000000000000000001112332110333003003030000300302330030331000000000000000
10000000000000030300303033033330300303003033330321003001000000000000000011112332220300303003030000333303333030320000000000000000
11000000000030030300303003030030300303003030300333103000000000000000000011113322120300303003030000300303333030320000000000000000
12000000000003300033000330030030333000330030030333203000000000000000000101123321120333000330033330300303333030300000000000000000
12100000000000000000000000000000000000000000003333300010000000000000000100223221222000000000000000000033333000200000000000000000
