21111111111111111111111111111111111111111111111111111111111111012221011111111111100000112111111110000011100000111000001111111100
11111111111111111111111111111111111111111111111111111111111110123322200111111111003330111111000100333001103330010033301111111110
11111111111111111111111111111111111111111111111111111111111111333222232011111111030000111111030103000301100003010300001111111110
11111111112221111111111111111111111111111111111111111111111102333322223210111111030111111111030103000301111103010301111111111111
11111111111121111111111111111111111111111111111111111111111103333332222331011111030000111111030103000301100003010300001111111111
11111111100022111111111111111111111111111111111111111111111113322332222233111122003330011111000100000001003330010033300111111111
11111111000012111111111111111111111111111111111111111111110023322333222223311111100003011111030103000301030000110300030111111111
11111111100002111111111111111111111111111111111111111111101123322333222223330111111103011111030103000300030000000300030000000000
00000000000000000000000000000000000000000000000000000000000010000000000000000000000003000000030003000300030000000300030000000000
00000000000000000000000000000000000000000000000000000000000000000000000001000000003330000000000000333000003330000033300000000000
00000000000000000000000000000000000000000000000000000000000000000000000000000000000000000000003000000000000000000000000000000000
00000000000000000000000000000000000000000000000000000000000000000000000000000000100000000000000000000000000000000000000000000000
00000000000000000000000000000100000000000000000000000000101000100000100000000000000000000000000000000000000000000000000000000000
10000000000000000000000000000000000000000000010000000000000001000100001000000000000000000010000000000000000000000000000000000000
00000000000000000000000000000000000000000000000000000000000000000001000000000000000000000001000000000000000000000000000000000000
00000000000000000000000000000000000000000000000000000000000100000000000100000000000000000000000000000000000000000000000000000000
00000000000000000000000000000000000000000000000000000000000000000000000000000000000100000000000000000000000000100000000000000000
00000000000000010000000000000000000000000010000000000000000100000010000000100000000000000000000000000000000000000000000000000000
00000000000000000000000000000000000000000000000000100000001000000000001000000000000000000000000000000000000000000000000000000000
00000000000000000000000000000000000000000000000000000000000000100000100000000000000000000000000000000000000000000000000000000000
00000000000000000000000000100000000000000000000000000000000000000001000000100000000000000000000000000000000000000000000000000000
00000000000000000000000000000000010000000000000000000000000000000000000001000001000000000000000000000000000000000000000000000000
00000000000000000000000000000000000000000000000000000000100000100000001000000000000000000000000000000000000000000000000000000000
00000000000000000000000000000000000000000000000000010000000000000000000000000000000000000000000000000000000000000000000000001000
00010000000000000000000000000000000000000000000000000000000000000000000000000000000000000000000000000000000000000000000000011100
00111000000033300300000330030003033330333000000000003000000000000000000000000000003330003300300003000000000030000000000000001000
00010000000030030300003003003030030000300300000000033000000000000010000000000000003003030030300003000000000330000000000000000000
00000000000030030300003003000300030000300300000000003000000000000000000000000000003330030030300003000000000030000000000000000000
00000000000033300300003333000300033300333000000000003000000000100000000000100000003003033330300003000000000030000000000000000000
00000000000030000300003003000300030000303000000100003000000000000000000001110000003003030030300003000000000030000000000000000000
00000000000030000333303003000300033330300300000000003000000000000000000000100000003330030030333303333000000030000000000000000000
00000000000000000000000000000000000000000000000000000000000000000000000000000000000000000000000000000000000000000000000000000000
