00000000000000000000000000000000000000000000000000000000000000000000000000000000000000000000000000000000000000000000000000000000
00000000000000000000000000000000000000000000000000000000000000000000000000000000000000000000000000000000000000000000000000000000
00000000000000000000000000000000000000000000000000000000000000000000000000000000000000000000000000000000000000000000000000000000
00000000000000000000000000000000000000000000000000000000000000000000000000000000000000000000000000000000000000000000000000000000
00000000000000000000000000000000000000000000000000000000000000000000000000000000000000000000000000000000000000000000000000000000
00000000000000000000000000000000000000000000000000000000000000000000000000000000000000000000000000000000000000000000000000000000
00000000000000000000000000000000000000000000000000000000000000000000000000000000000000000000000000000000000000000000000000000000
00000000000000000000000000000000000000000000000000000000000000000000000000000000000000000000000000000000000000000000000000000000
00000000000000000000000000000000000000000000000000000000000000000000000000000000000000000000000000000000000000000000000000000000
00000000000000000000000000000000000000000000000000000000000000000000000000000000000000000000000000000000000000000000000000000000
00000000000000000000000000000000000000000000000000000000000000000000000000000000000000000000000000000000000000000000000000000000
00000000000000000000000000000000000000000000000000000000000000000000000000000000000000000000000000000000000000000000000000000000
00000000000000000000000000000000000000000000003333333000000003300033003333330000030000003333300000000000000000000000000000000000
00000000000000000000000000000000000000000000002222222220000002200220022200220000220000022200000000000000000000000000000000000000
00000000000000000000000000000000000000000000001111111111100001101100110000110001110000111000000000000000000000000000000000000000
00000000000000000000000000000000000000000000000333333333330003300000330003330033300000330000000000000000000000000000000000000000
00000000000000000000000000000000000000000000000033333333333003300000333333300333300003330000000000000000000000000000000000000000
00000000000000000000000000000000000000000000000000022222222002200002222220002222200022220002200000000000000000000000000000000000
00000000000000000000000000000000000000000000000011111111111001110111111001111101100111111011100000000000000000000000000000000000
00000000000000000000000000000000000000000000003333333333330000333333333333330003333300333333300000000000000000000000000000000000
00000000000000000000000000000000000000000000333333333333300000033300033333000003330000033330000000000000000000000000000000000000
00000000000000000000000000000000000000000003333333333300000000000000000000000000000000000000000000000000000000000000000000000000
00000000000000000000000000000000033333300333333333330003333333333333333333333333333333333333333000000000000000000000000000000000
00000000000000000000000000000000022222002222223220000022222222222222222222222222222222222222222000000000000000000000000000000000
00000000000000000000000000000000000000022222222000000000000000000000000000000000000000000000000000000000000000000000000000000000
00000000000000000000000000000000000000000000000000000000000000000000000000000000000000000000000000000000000000000000000000000000
00000000000000000000000000000000000002222200000000000000000000000000000000000000000000000000000000000000000000000000000000000000
00000000000000000000000000000000000022220000000000000000000000000000000000000000000000000000000000000000000000000000000000000000
00000000000000000000000000000000000222200000000000000000000000000000000000000000000000000000000000000000000000000000000000000000
00000000000000000000000000000000000000000000000000000000000000000000000000000000000000000000000000000000000000000000000000000000
00000000000000000000000000000000002220000000000000000000000000000000000000000000000000000000000000000000000000000000000000000000
00000000000000000000000000000000000000000000000000000000000000000000000000000000000000000000000000000000000000000000000000000000
