00000000000000000000000000000000000000000000000000000000000000000000000000000000000000000000000000000000000000000000000000000000
00000000000000000001100000001111000000001111000000000000111111000000111100000000111100000000000011110000000011110000000011110000
00000000000010000011100000011111100000011111100000000001111111000001111110000001111110000000000111111000000111111000000111111000
00000000000000000111100000111001110000110000110000000001100000010011000011000011000011000000001100001100001100001100001100001100
00000001000000000001100001100000011001100000011000000001100000000110000001100110000001101000011000000110011000100110011000000110
00000000000000000001100001100000011001100000011000000001100000000110000001100110000001100000011000000110011000000110011000000110
00000000000000000001100001100000011001100000011000000011111110000110000001100110000001100000011000000110011000000110011000000110
00000000000000000001100001100000011001101000011000000011111110000110000001100110000001100000011000000110011000000110011000000110
00000000000000010001100001110000111001100000011000001011000033000330000003300330000003300000033000100330033000000330033000000330
00000000000000000003300000333333330003300000033000000000000003300330000003300330000003300000033000000330033000000330033000000330
00000000000000000003300000033333330003300000033000000000000003300330100003300330000003300000033000000330033000000330033000000330
00000000000000000003300000000033300003300000033000000000000003300330000003300330000003300000033000000330033000000330033000000330
00000000000000000003300000000033000003300100033000010000010003300330000003300330000003300000033000000330033000000330033000000330
00000000000000000003300100000330000003300000033000000030000033000330000003300330000003300000033000000330033000000330033000000330
00000000000000000003300000003300000000330000330000000333000333000033000033000033000033000000003300003300003300003300003300003300
00000000000000000003300000033000100000033333300003300033333330000003333330000003333330000330000333333000000333333000000333333000
00000000000000001003300000330000000000003333000003300003333300000000333300000000333300000330000033330000000033330000000033330000
00000000000010000000000000000000000000000000000000000000000000000100000000000000000000000000000000000000000000000000000000000000
00000000000000000000000000000000000000000000000000000000000001000000000000000000000000000000000000000000000000000000000000000000
00000000000000000000000000000000000000000000000000000010000000000010000000000000000000000000000000000000000000000000000000000000
00000000000000000000000010000000000000000000000000000000000000000000000000000000000000000000000000000000000000000000000000000000
00001000000000000000000000000000000000000000000010000000000000001000000000000000000000000000000000000000000000000000000000000000
00000000000000000000000000000000000000000001000000000000100001000000000000000000000000000000000000000000000000000000000000000000
00000000000000000000000000000000001000000000000000001000000000000000010000000000000000000100000000000000000000000000100000000000
00000000000000000000000000000000000000000000000000000000000000000100000000000000000000000000000000000000000000000000000000000000
00000000000033300300000330030003033330333000000000003000000000100000000000000000003330003300300003000000000330000000000000000000
00000000000030030300003003003030030000300300000000033000001000000000000000000000003003030030300003000000003003000000000000000000
00000000000030030300003003000300030000300300000010003000000000000000000000000000003330030030300003000000000003000000000000000000
00000000100033300300003333000300033300333000000000003000000000000000001000000100003003033330300003000000000330000000000000000000
00000000000030000300003003000300030000303000100000003001000000000001000000000000003003030030300003000000003000000010000000000100
00000000000030000333303003000300033330300300000000003000000000000000000000000000003330030030333303333000003333000000000000000000
00000000000000000000000000000000000000000000000000000000000000000000000000000000000000000000000000000000000000000000000000000000
