00000000000000000000000000000000000000000000000000000000000000000000000000000000000000000000000000000000000000000000000000000000
00000000000000000000000000000000000000000000333333000000000333333000000033333000000033333000000000033000000033333300000000003000
00000000000000000000000000000000000000000003333333000000003333333300000333333300000333333300000000333000000333333300000000033000
00000000000000000000000000000000000000000003300000000000003300003300003330003330003330003330000003333000000330000000000000033000
00000000000000000000000000000000000000000003300000000000033000000330003300000330003300000330000000033000000330000000000000333000
00000000000000000000000000000000000000000003300000000000033000000330000000000330003300000330000000033000000330000000000000333000
00003333000000333333000033033003333300000033333330033330033300003330033333300330000000330330333330033033303333333033333003333000
00003333000000333333000033333003333330000033333330033330003333333300033330003300000003300330333333033033303333333003333033033000
00003111100000311111100331131103111110000033000033001111300333333001031110333300000033303300311111033011103300003300110033033000
00003111100000311111100331111103111111000000011003301111003333333300031110333300000033003300311111033011100003100330100330033000
00003111100000311111100311111103111111000031111103301111033330033330031110003330000030033001311111033011111113110330003330033000
00000111100000011111100311111100111111100001111103301111033300003330001111100330000000330011011111033011111110110330033300033000
00000111100000011111100311111100111111100000111003301111033003100330000011110330000003300111011111033011100010100330033333333330
00000311000000331111000311001100311031100030010033003111033003100330033000000330000033000311031103033031003000003300033333333330
00000311000000331011000311331100311331100333000333000000033300003330033300003330000330000000000033033031033300033301000000033000
00000311000000311331000311333300311301000033333330000330003333333300003333333300003333333330033030033031003333333000031100033000
00000311033000311331100311011110311111000003333300000330100333333001100033333000033333333330033011033031100333330000031100033000
00000311033000311111100311011110311110000000000000000000110000000011103000000000000000000000000011000031110000000000031100000000
00000311031103311111100311031100311031000331111110003110111103110311003110330000000031100311031103100031100310311000031100000000
00003311331133310033130311331103311031303331003313033110111103113311033113311000000031133311331103130331133313311000331100000000
00003311331133110033110311331103311031303311003311033110311103113311033113311000000031133311331103130331133313311000331100000000
00003111111131111031111311111103111131113111103111131111011103111111031111111000000031111111311113111311111113111100311110000000
00003111111131111031111011111103111131113111103111131111011100111111031111111000000001111111311113111311111113111100311110000000
00003111111131111031111011111103111131113111103111131111031100111111031111111000000001111111311113111311111113111100311110000000
00000111111000000000000000000000000000000011100111100011001100011111001111111000000000000000000000011011111000111100011110000000
00000111111033300300000330030003033330333001100111003011001100011111001111111000003330003300300003011011110030111100011110000000
00000000000030030300003003003030030000300300000000033000000000000000000000000000003003030030300003000000000330000000000000000000
00000000000030030300003003000300030000300300000000003000000000000000000000000000003330030030300003000000000030000000000000000000
00000000000033300300003333000300033300333000000000003000000000000000000000000000003003033330300003000000000030000000000000000000
00000000000030000300003003000300030000303000000000003000000000000000000000000000003003030030300003000000000030000000000000000000
00000000000030000333303003000300033330300300000000003000000000000000000000000000003330030030333303333000000030000000000000000000
00000000000000000000000000000000000000000000000000000000000000000000000000000000000000000000000000000000000000000000000000000000
