00000000000000000000000000000000000000000000000000000000000000000000000000000000000000000000000000000000000000000000000000000000
00000000000000000000000000000000000000000000000000000000000000000000000000000000000000000000000000000000000000000000000000000000
00000000000000000000000000000000000001111111000001111100001100001100110000110001111100000000000000000000000000000000000000000000
00000000000000000000000000000000000001333333300011333330001330001330133000133011333330000000000000000000000000000000000000000000
00000000000000000000000000000000000001333333330113333333001333001330133000133013333333000000000000000000000000000000000000000000
00000000000000000000000000000000000001330001330133300033301333301330133000133013300033000000000000000000000000000000000000000000
00000000000000000000000000000000000001331111330133000013301333301330133000133013311100000000000000000000000000000000000000000000
00000000000000000000000000000000000001333333300133000013301331331330133000133003333330000000000000000000000000000000000000000000
00000000000000000000000000000000000001333333330133000013301330331330133000133000333333000000000000000000000000000000000000000000
00000000000000000000000000000000000001330001330133000113301330133330133001133011000133000000000000000000000000000000000000000000
00000000000000000000000000000000000001331111330033311133301330033330033311333013311133000000000000000000000000000000000000000000
00000000000000000000000000000000000001333333330003333333001330003330003333330003333333000000000000000000000000000000000000000000
00000000000000000000000000000000000000333333300000333330000330000330000333300000333330000000000000000000000000000000000000000000
00000000000000000000000000000000000000000000000000000000000000000000000000000000000000000000000000000000000000000000000000000000
00000000000000000000000000000000000000000000000000000000000330000000333300000000333300000000000033330000000033330000000033330000
00000000000000000000011111111111000001111100000011111111003330000003333330000003333330010011100333333000000333333000000333333000
00000000000000000000013333333333300001333330000013333333033330000033000033000033000033003013003300003300003300003300003300003300
00000000000000000000013333333333300001333330000013333333000330010330033003300330033003303013033003300330033000000330033000000330
00000000000000000000003333333333300011333330000013333333330330110330333303300330333303303003033033330330033000000330033000000330
00000000000000000000000001333000000013331333000013330000130330130330000003300330300003300000033033000330033000000330033000000330
00000000000000000000000001333000000013331333000013330000130330130330000003300330300003300000033033000330033000000330033000000330
00000000000000000000000001333000000013330333000013331111130330330330000003300330311103300000033033000330033000000330033000000330
00000000000000000000000001333000000113300133300013333333330330330330111103300330333303300000033033000330033000000330033000000330
00000000000000000000000001333000000133300133300013333333330330330330133303300330333303300000033033000330033000000330033000000330
00000000000000000000000001333000000133311133300013333333300330330330133303300330333303300000033033000330033000000330033000000330
00000000000000000000000001333000001133333333300013330033330330330330033303300330300003300000033033000330033000000330033000000330
00000000000000000000000001333000001333333333330013330003330330130330000003300330000003300000033003000330033000000330033000000330
00000000000000000000000001333000001333333333330013330001330330030033000033000033000033000000003300003300003300003300003300003300
00000000000000000000000001333000011333000003330013330000330330003003333330030003333330030330000333333000000333333000000333333000
00000000000000000000000001333000013330000001333013330000130330000300333300300100333300330330000033330000000033330000000033330000
00000000000000000000000000333000003330000000333003330000030000000000000000000030000003330000000000000000000000000000000000000000
00000000000000000000000000000000000000000000000000000000000000000000000000000000000000000000000000000000000000000000000000000000
