00000000000000000000000000000000000000000000000000000000000000000000000000000000000000000000000000011100000000000000000000000000
00000000000000000000000000000000000000000000000000000000000000000000000000000000000000000000000000001000000000000000000000000000
00000000000000000000000000000000000000000010000000000000100000000000000000000000000000000000000000000000000000000000000000000000
00000000000000000000000000000000000000000000000000000000000000000000000000000100000000000000000000000000000000000000000000000000
00000000000000000000000000000000100000000000000000000000000000000000001000000000000000000000000000000000000000000000000000000000
00000000000000000000000000000001110000000000000000000000000000000000000000000000000000001000000000000000000000000000000000000000
00000000000000000000000000000000100000000000000010000000000000000100000000000000000000000000000000000000000000000001000000000000
00000000000000000000000000000000000000000000000000000001000000000000000000000000010000000000000000000000000000000000000000000001
00000000000000000000100000000000000000010000000000000000000000000000000000000000000000000000000000000000000000000000000000000000
00000000000000000000000000000000000000000000000000000000000010000000000010000000000000000000000000000000000000000000000000000000
00000000000000000000000000000000000000000000000000000000000000000000000000000000000000000000000010000000000000000000000000000000
00000000000000000000000000000000000000000000000000000000000000000000000000000000000000000000000000000000000000000000000000000000
00000000000000000000000000000001000000000000000000000000101000000000000000000010000000000000000000000000000000000000000000000000
00000100000000000000000000000000000000000000000100000000000001000010010000000000000000001000000000000000000000000000000000000000
00000000000000000000000000000000000000000000000000000000000000000000000000000000000000000000000000000000000000000000000000000000
00000000000000000000000000000000000000000000000000000000000100000000001000000000100000000000000000000000000000000000000000000000
00000000000000000000000000000000000000000000000000000000000000000000000001000000000000000000000000000000001000000000000000000100
00000000000000000001000000000000000000000001000000010000001000000010000000000000000000000000000000000000000000000000000000000000
00000000000000000000000000000000000000000000000000000000000000100000000000000000000000000000000000000000000000000000000000000000
00000000000000000000000000000100000000000000000000000000001000000001000000000000000000000000000000000000000000000000000000000000
00000000000000000000000000000000000010000000000000000000000000000000000001000100000000000000000000000000000000000000000000000000
00000000000000000000000000000000000000000000000000000000000000100000000000000000000000000000000000000000000000000000000000000000
00000000000000000000000000000000000000000000000000010000010000000000010000000000000000000000000000000000000000000000000000000000
00000000000000000000000000000000000000000000000000000000000000000000000000000000000000100000100000000000000000000000001000000000
00000000100000000000000000000000000000000010000000000000000000000000000000000000010000000000000000000000000000000000000000000000
00000000000000000000000000000000000000000000000000000000000000000010000000000000000000000000000000000000000000000000000000000000
00000000000000000000000000000000000000000000000000000000000000000000000000000000000000000000000000000000000000000000000000000000
00000000000000000000000000000000000100000000000000000100000000100000000000000000000000000000000000000000000000000000000000000000
00000000000000000000001000000000000000000000000001000000000000000000000010000000000000000000000000000010000000000000000000000000
00000000000000000000000000000000000000000000000000000000000000000000000000000000000000000000010000000000000000000000000000000000
00000000000000000000000000000000000000000000000000000000000000000000100000000000000000000000000000000000000000000000000000000000
00000000000000000000000000000000000000000000000000000000000000010000000000000010000000000000000000000000000000000000000000000000
