00000000000010000000111000000000000000000000000000000000000000010000000000000000000000000000000000000000000000000000000000000000
00000000000000000000010000000001000000003333330000001000333300000333333333300003333330000000033333333330033333333330000033330000
00000000000000000000000000000000000000033333330000000003333330000333333333300033333333000000033333333330033333333330000333333000
00000000000000000000000000000000000000033000000000000033000033000000000033000033000033000000000000003300000000003300003330033300
00000000000000000000000000000000000000033000100000000330010003300000000033010330000003300000000000003300000000003300033000000330
00000000000000000000000000000000000000033000000000000330000003300000010330000330000003300000000000033000000000033000033000000330
00000000000000000000000000000000000100333333300000100330000003301000000330000333000033300000000000033000000000033000033000000330
00100000000000000000000000000000000000333333300000000330000003301000003300000033333333000000000000330000000000330000033000000330
00000000000000000000000010000000000000330000330000000330000003300000003300000003333330000000000000330000000000330000033300003330
00000000000000000000000000000000000000000000033000000330000003300000033000000033333333000000000003300000000003300000003333333300
00000000000000000000000000000000000000000000033000000330000003300000033000000333300333300000100003300000000003300000000333333300
00000000000000000000000000000000000000000000033000000330000003300000330000000333000033300000000033000000000033000000000000333000
00000000000000000000000000000000000100000000033000000330010003300000330000000330000003300000000033000000000033000000000000330000
00000000000010000000000000000000000000300000330010000330000003300003300000000330000003300000000330000000000330000000000003300000
00000000000000000000000000000000000003330003330000000033000033000003300000000333000033300000000330000000000330000000000033000000
00000000000000000000000000000000000000333333300003300003333330000033001000000033333333000330003300000000003300000000000330000000
00000000000000000000000010000000000000033333000003301000333300000333000100000003333330000330033300001000033300000000003300000000
00001000000000000000000000000000000000000000000000000000000000000000000000000000000000000000000000000000000000000000000000000000
00000000000000000000000000000000010000000000000000000000000000100000001000000000000000000000000000000000000000000000000000000000
00000000000000000000000000000000000000010000000000000000001000000010100100010000000000000000000000000000000000000000000000000000
00000000000000000000000000000000000000000000000000000000000000100000000000000000000000000000000000000000000000000000000000000000
00000000000000000000000000000000000000000000000000001000010000000000000000000000000000000000000000000000000000000000000000000000
00000000000000100000000000000000000000000000000000000000000000000000000000000000001000001000000000000000000000010000000000000000
00000000000000000000000000000000000000000000100000000000000000000100000000000000000000000000000000000000000000000000000000000000
00000000000000000000000000000000000000000000000000000000000000000000000000000000000000000000000000000000000000000000000000000000
00000000000033300300000330030003033330333000000000003010000000100000000000000000003330003300300003000000000030000000000000000000
00000000000030030300003003003030030000300300000000033000000000000000000100000000003003030030300003000000000330000000000000000000
00000000000030030300003003000300030000300300000000003000000000000000000000000000003330030030300003000000000030000000000000000000
00000000000033300300003333000300033300333000000000003000000000000001000000001000003003033330300003000000000030000000000000000000
00001000000030000300003003000300030000303000000000003000010000100000000000000000003003030030300003000000000030000000000000000000
00011100000030000333303003000300033330300300000000003000111000000000000000000000003330030030333303333000000030000000000000000000
00001000000000000000000000000000000000000000010000000000010000000000000000000000000000000000000000000000000000000000000000000000
