00000000011111101111111001111100011111100000000000111100011111001100011001111110001110000011110001111110011111000111110000000000
00000000011111101111111011111110011111100000000001111110111111101110011001111110011111000111111001111110111111101111111000000000
00000000000110001100000011100000000110000000000011000110110001101111011000011000111011101100011000011000110001101110000000000000
00000000000110001111100001111100000110000000000011000000110001101111111000011000110001101100000000011000110001100111110000000000
01111100000110001100000000001110000110000000000011100110110001101101111000011000111111101110011000011000110001100000111001111100
00000000000110001111111011111110000110000000000001111110111111101100111000011000110001100111111000011000111111101111111000000000
00000000000110001111111001111100000110000000000000111100011111001100011000011000110001100011110000011000011111000111110000000000
00000000000000000000000000000000000000000000000000000000000000000000000000000000000000000000000000000000000000000000000000000000
00000000000000000000000000000000000000000000000000000000000000000000000000000000000000000000000000000000000000000000000000000000
00111100011111001100011000110000000000000011110003333300003330000000000000000000000000000000000000000000000000000000000000000000
01111110111111101110011000110000000000000111111033333330033333000000000000000000000000000000000000000000000000000000000000000000
11000110110001101111011000000000000000001100011033003330330033300000000000000000000000000000000000000000000000000000000000000000
11000000110001101111111000000000000000001100000000033300330003300000000000000000000000000000000000000000000000000000000000000000
11100110110001101101111000000000000000001110011003333000333003300000000000000000000000000000000000000000000000000000000000000000
01111110111111101100111000110000000000000111111033333330033333000000000000000000000000000000000000000000000000000000000000000000
00111100011111001100011000110000000000000011110033333330003330000000000000000000000000000000000000000000000000000000000000000000
00000000000000000000000000000000000000000000000000000000000000000000000000000000000000000000000000000000000000000000000000000000
00000000000000000000000000000000000000000000000000000000000000000000000000000000000000000000000000000000000000000000000000000000
00000000000000000000000000000000000000000000000000000000000000000000000000000000000000000000000000000000000000000000000000000000
33333300333333303300033033333000330003303300000003333300000000003333300033333330000000003333333000333000330000000333333000333000
33333330333333303330033033333300330003303300000033333330000000003333330033333330000000003333333003333300330000000333333003333300
33000330330000003333033033003330330003303300000033000330000000003300333033000000000000003300000033303330330000000003300033303330
33333330333330003333333033000330330003303300000033000330000000003300033033333000000000003333300033000330330000000003300033000330
33333300330000003303333033003330333033303300000033000330000000003300333033000000000000003333300033333330330000000003300033333330
33000000333333303300333033333300333333303333330033333330000000003333330033333330000000003300000033000330333333000003300033000330
33000000333333303300033033333000033333003333330003333300000000003333300033333330000000003300000033000330333333000003300033000330
00000000000000000000000000000000000000000000000000000000000000000000000000000000000000000000000000000000000000000000000000000000
00000000000000000000000000000000000000000000000000000000000000000000000000000000000000000000000000000000000000000000000000000000
00000000000000000000000000000000000000000000000000000000000000000000000000000000000000000000000000000000000000000000000000000000
00000000000000000000000000000000000000000000000000000000000000000000000000000000000000000000000000000000000000000000000000000000
00000000000000000000000000000000000000000000000000000000000000000000000000000000000000000000000000000000000000000000000000000000
00000000000000000000000000000000000000000000000000000000000000000000000000000000000000000000000000000000000000000000000000000000
