00000000000000000000000000000000000000000000000000000000000000000000000000000000000000000000000000000000000000000000000000000000
00000000000000000000000000000000000000000000000000000000000000000000000000000000000000000000000000000000000000000000000000000000
00000000000000000000000000000000000000000000000000000000000000000000000000000000000000000000000000000000000000000000000000000000
00000000000000000000000000000000000000000000000000000000000000000000000000000000000000000000000000000000000000000000000000000000
00000000000000000000000000000000000000000000000000000000000000000000000000000000000000000000000000000000000000000000000000000000
00000000000000000000000000000000000000000000000000000000000000000000000000000000000000000000000000000000000000000000000000000000
00000000000000000000000000000000000000000000000000000000000000000000000000000000000000000000000000000000000000000000000000000000
00000000000000000000000000000000000000000000000000000000000000000000000000000000000000000000000000000000000000000000000000000000
00000000000000000000000000000000000000000000000000000000000000000000000000000000000000000000000000000000000000000000000000000000
00000000000000000000000000000000000000000000000000000000000000000000000000000000000000000000000000000000000000000000000000000000
00000000000000000000000000000000000000000000000000000000000000000000000000000000000000000000000000000000000000000000000000000000
00000000000000000000000000000000000000000000000000000000000000000000000000000000000000000000000000000000003300000330330000000003
30000000000033000000000000000000033000033300033003300330003300330033003300300330000000003300330003300330003300003300330000000003
30000000000333300000000000000000333333330000333303333333033330333033333330333300000000003333300003333333033330003333333000000003
30000000000000000000000000000000000000000000000000000000000000000000000000000000000000003300000000000000000000000000000000000003
30000000000000000000000000000000000000000000000000000000000000000000000000000000000000003300000000000000000000000000000000000003
30000000000000000000000000000000000000000000000000000000000000000000000000000000000000003300000000000000000000000000000000000003
30000000000000000000000000000000000000000000000000000000000000000000000000000000000000033330000000000000000000000000000000000003
30000000000000000000000000000000000000000000000000000000000000000000000000000000000000000000000000000000000000000000000000000003
30000000000003330000000000000000000000033333330000000000033300000000000000333333300000000000000000000000000000000000000000000003
30000000000000330000000000000000000000003300333000000000003300000000000000033000300000000000003000000000000000000000000000000003
30000000000000330000000000000000000000003300033000000000003300000000000000033000000000000000033000000000000000000000000000000003
30000000000000330033303330033333330000003300030000033330003300033330000000033000000333303330333330033303300333300000000000000003
30000000000000330003300330030003300000003333300000330033003300300033000000033333300033000300033000003330303000330000000000000003
30000000000000330003300330000033000000003300033003300003303300000033000000033000000003303000033000003300000000330000000000000003
30000000000000330003300330000330000000003300003303300003303300000333000000033000000000330000033000003300000003330000000000000003
30000000000000330003300330000300000000003300003303300003303300033033000000033000000003033000033000003300000330330000000000000003
30000000000000330003300330003000030000003300033300330033003300330033000000033000030033003300033000003300003300330000000000000003
30000000000003333000333333033333330000033333330000033330033330333333300000333333330333033330003333033330003333333000000000000003
30000000000000000000000000000000000000000000000000000000000000000000000000000000000000000000000000000000000000000000000000000003
30000000000000000000000000000000000000000000000000000000000000000000000000000000000000000000000000000000000000000000000000000003
33333333333333333333333333333333333333333333333333333333333333333333333333333333333333333333333333333333333333333333333333333333
