12112222221110000001322100001110112333101122333333333112000002212200012111232000000000010000000000000000000000000000000000000000
11112221222110000001222100000110002332000011112223333223210001112310112222232011112101132111222111000000000000000000000000000000
11112122222210000000111000100000001331110000012112211333332222223321222222222133333311233333333333210000000000000000000000000000
11121111222211000000000000010000001121110000023213321233333333333332222222222212333333333333333333332000000000000000000011122100
01111211222221100000000022111111111111110000011112332333333333333333322122222211133333333333333333333221000000000000001122222200
12111112111221110000000133122222222221111100000001232233333333332112333222111110013333333333333333333333221000000000112222223200
12111111112222110000000233233333333333222221000000133333333333331112222231111110013333333333333333333333322100100001222222223200
12212111212221211000000233333333333333333332110000133333333333332222222121111100023333333333333333333333212211321112222222333100
11211111222222211100000233333333333333333332110000013222333333333333333211111100122233333333333333333333310111322221233322332100
11122112222222211100000233333333333333333332110000013212222222222223332111111000122233333322333233333333310011220011233321222100
11211111222222211100000233333333333333333332220000013111111111111211111111111100212233332322332233333333332112121001232221112200
11111111222332211000000000000000000000000000000000013111111110011111100111111000222222222332332223333333332233222101122111101100
01111221122222220033300333330033300333300333330000012111111100011111100111111000212222222222222323333333333333333221122111001100
11111121222232220300030003000300030300030003000000022000011111111111110011101000211221222222222223333333332333232212333222110000
11122211221232220300000003000300030300030003000000022011111111111111110001111100111122222222222223333333332233232112332312332000
01112211122233220033300003000300030333300003000000022111111111111111110000110100111122222222222223333333331111111112321223332100
01111211222233220000030003000333330303000003000000012111111111111110001011101000111122222222222223333333332211112211112211221000
11111211122233220000030003000300030300300003000000012111111111111110101111111000111111122222222233333333333332333322223100000000
11111112222333320300030003000300030300030003001100121111111111111110000101100000011112222222222223333323323333333333332100000000
11112212122333330033300003000300030300003003002222321111111111100000000101100000012211222222222233333333211333332123321000000000
01211111212333333000000000000000000000000000003333331111111221100000001001110100001221112222222233333333210133332113331000000000
11111111212333333333333333333333333333333333333333331111122222101000011011110110001122212222222233332333321013333212332100000000
11111111122333333333333333333333333333333333333333331111122222210000101111111111101322222222222223332333332002333321233200000000
12111111122233333333333333333333333333333333333333332222222221221000101111100111112322222222223233322333333211233332123320000000
01111111112000000000000000000000000000000033333333300032222222222110111111110111100000000000000000011233333000123332123220000000
01211111112033300300000330030003033330333003333333003033322222222111011111110111203330003300300003010133330030122322111100000000
11111111122030030300003003003030030000300303333222033033333332222211011001100112203003030030300003000123220330111111111010111100
11111111122030030300003003000300030000300303333233003033333333333321000000000011103330030030300003000111000030000011111111111100
11211121222033300300003333000300033300333003333233303033333333333331000000000000003003033330300003000000000030000001111111111100
11121111233030000300003003000300030000303003333333303033333333333320000000000000003003030030300003000000000030000000111101111100
01112122233030000333303003000300033330300303333333303033333333333200000000000000003330030030333303333000000030000000001100111000
11122222333000000000000000000000000000000003233333300033332222221000000000000000000000000000000000000000000000000000000000111000
