00000000011111101111111001111100011111100000000000111100011111001100011001111110001110000011110001111110011111000111110000000000
00000000011111101111111011111110011111100000000001111110111111101110011001111110011111000111111001111110111111101111111000000000
00000000000110001100000011100000000110000000000011000110110001101111011000011000111011101100011000011000110001101110000000000000
00000000000110001111100001111100000110000000000011000000110001101111111000011000110001101100000000011000110001100111110000000000
01111100000110001100000000001110000110000000000011100110110001101101111000011000111111101110011000011000110001100000111001111100
00000000000110001111111011111110000110000000000001111110111111101100111000011000110001100111111000011000111111101111111000000000
00000000000110001111111001111100000110000000000000111100011111001100011000011000110001100011110000011000011111000111110000000000
00000000000000000000000000000000000000000000000000000000000000000000000000000000000000000000000000000000000000000000000000000000
00000000000000000000000000000000000000000000000000000000000000000000000000000000000000000000000000000000000000000000000000000000
00111100011111001100011000110000000000000011110000333300003333000000000000000000000000000000000000000000000000000000000000000000
01111110111111101110011000110000000000000111111003333300033333000000000000000000000000000000000000000000000000000000000000000000
11000110110001101111011000000000000000001100011033303300333000000000000000000000000000000000000000000000000000000000000000000000
11000000110001101111111000000000000000001100000033033330333333000000000000000000000000000000000000000000000000000000000000000000
11100110110001101101111000000000000000001110011033333330333003300000000000000000000000000000000000000000000000000000000000000000
01111110111111101100111000110000000000000111111000003300033333300000000000000000000000000000000000000000000000000000000000000000
00111100011111001100011000110000000000000011110000003300003333000000000000000000000000000000000000000000000000000000000000000000
00000000000000000000000000000000000000000000000000000000000000000000000000000000000000000000000000000000000000000000000000000000
00000000000000000000000000000000000000000000000000000000000000000000000000000000000000000000000000000000000000000000000000000000
00000000000000000000000000000000000000000000000000000000000000000000000000000000000000000000000000000000000000000000000000000000
03333330330003303333330000333300033333303333333033333300000000000333330000000000000000000000000000000000000000000000000000000000
03333330330003303333333000333300033333303333333033333330000000000333333000000000000000000000000000000000000000000000000000000000
00000330330003303300033000033000000330003300000033000330000000000000333000000000000000000000000000000000000000000000000000000000
00000330330003303333333000033000000330003333300033003330000000000003330000000000000000000000000000000000000000000000000000000000
33003330333033303333330000033000000330003300000033333000000000003300033000000000000000000000000000000000000000000000000000000000
33333330333333303300000000333300000330003333333033033300000000003333333000000000000000000000000000000000000000000000000000000000
03333300033333003300000000333300000330003333333033003330000000000333330000000000000000000000000000000000000000000000000000000000
00000000000000000000000000000000000000000000000000000000000000000000000000000000000000000000000000000000000000000000000000000000
00000000000000000000000000000000000000000000000000000000000000000000000000000000000000000000000000000000000000000000000000000000
00000000000000000000000000000000000000000000000000000000000000000000000000000000000000000000000000000000000000000000000000000000
00000000000000000000000000000000000000000000000000000000000000000000000000000000000000000000000000000000000000000000000000000000
00000000000000000000000000000000000000000000000000000000000000000000000000000000000000000000000000000000000000000000000000000000
00000000000000000000000000000000000000000000000000000000000000000000000000000000000000000000000000000000000000000000000000000000
