00000000000000000000000000000000000000000000000000000000322222222222222211112233333333333333332112000233333332000000000000000000
00333000000000000300000003003330030000000300030003000000222222222222221000000123333333333333333322100123333331000000000000000000
00333000000000003030000030003000303000003030303030300000222222222222100000000001232333333333333333210012333200000000000000000000
00033000000000000030000030303300003000000030030030300000222222222221000000000000133233333333333333321002322100000000000000000000
00033000000000000300000033300030030000000300003030300000222222222210000000000000013323323333333333333112111100000000000000000000
00033000000000003000000000303030300000003000303030300000222222222200000000000000002322332333333333333221012100000000000000000000
00033000000000003330030000300300333003003330030003000000222222222100000000000000000332332233333333333331023100000000000000000000
00033000000000000000000000000000000000000000000000000000321122222000000000000000000232232123333333333332223211112211001110000000
00000000000000000000000000000000000001000000000000133333221111112000000000000000000032233112332333322211233322333333223332210000
00000000000000000000000000000000000000000000000000033223222111111000000000000000000023133112333333200110122321233323333333332100
00000000000000000000000000000000000010000000000000023222222111121000000000000000000023133211232333200100110110123333333333333200
00000000000000000000000000000000000010000000000000023322222111121000000000000000000013123211233333210001100000112333333333333200
00000000000000000000000000000000000010000000000000023323221111111000000000000000000023123201233333310002321001112333333333333200
00000000000000000000000000000000000010000000000000023322222111111000000000000000000023123201232233320003332000012233333333333200
00000000000000000000000000000000000011000000000000022322221001111000000000000000000023123201222233320003332000012222333332333300
00000000000000000000000000000000000001000000000000023222221001111000000000000000000023123101222333320002332000012222222322233300
00000000000000000000000000000000000001000000000000033222221011111000000000000000000032133011222333320002331000012222222222223300
00000000000000000000000000000000000001000000000000232222211011111100000000000000000131232011222233321003332000012222222222233200
00000000000000000000000000000000000001100000000000232222210111111100000000000000000231321011223333332123332100001112222222233200
00000000000000000000000000000000000000100000000001322222100011111210000000000000002322310011223333333333333320001212222222233200
00000000000000000000000000000000000000010000000013322221000111111120000000000000013223200112223322333333333310001212222222233100
00000000000000000000000000000000000000012000000122222210000111111111000000000000122222100122233222333333333311002212222222233200
00000000000000000000000000000000000000001211112222222100000011111111200000000002221221011232233333333333332211113322222222322200
00000000000000000000000000000000000000000001222111123210001111111111112100001122212110122233333333333333321111123223332123322200
00000000000000000000000000000000000000000000000000000021111111111111111222222221111000000000000000000032310000122123332123332200
00000000000000330300300330003300333000330033300000003032111111111111111111111111110333000330030000033003200330000123221022211100
00000000000000030300303003030030300303003030030000033023211111111111111111111111110300303003030000300302003003000011100000001100
00000000000000030300303000030030300303003030030000003002221111111111111111111111120333003003030000300300000003000000000000000000
00000000000000030300303033033330300303003033330000003000232222211111111111111111230300303003030000333300000330000000000000000000
00000000000030030300303003030030300303003030300000003000012322222222222222222222220300303003030000300300003000000000000000000000
00000000000003300033000330030030333000330030030000003000001233333333323233323322320333000330033330300300003333000000000000000000
00000000000000000000000000000000000000000000000000000000000022222223323233333322332000000000000000000000000000000000000000000000
