00000000000000000000000000000000000000000000000000000000023333333323333333333333333333102332312332200000000000000000000000000000
00333000030033303330000003000300030000000300030003000000013333333323333333333333333333201221212212200000000000000000000000000000
00333000330030003000000030003030303000003030303030300000001332333332233333333333333333322100211002200000000000000000000000000000
00033000030033003300000033003030303000003030303030300000000232233333223333333333333333333101211112200000000000000000000000000000
00033000030000300030000030303030303000003030303030300000000233223333112333333333333333333221232112200000000000000000000000000000
00033000030030303030000030303030303000003030303030300000000133223333211233333333333333333333333213211111121100001000000000000000
00033000030003000300030003000300030003000300030003000000000023223333311223333333322222222223333323222322133321223221000000001100
00033000000000000000000000000000000000000000000000000000000023322333311112333333320012100222323322222233333333333333210000112200
00000000010000000000000132333222222112000000000000000000000013312333321112333233320001000121211112222123333333333333331001233200
00000000010000000000000132223222222112000000000000000000000013312333320112333333322100000000100001232112333333333333333222333200
00000000010000000000000032223222221112000000000000000000000013322333320112233333332100022221100012222111333333333333333333223100
00000000010000000000000022222222211112000000000000000000000013322333320112222333332100023333210013321102333333333333333331113200
00000000010000000000000032222222221102000000000000000000001013312333320012332333332100023333310002211012333333333333333332012100
00000000010000000000000132222222211102000000000000000000011113312333310112333333332200023333310001111013223333333333333333211100
00000000010000000000000132222222211002100000000000000000111223322333310012222233333200023333310001111012223333333333333333322200
00000000010000000000000122222222211001100000000000000000011233212333300112232233332200023333310001111012222233233333333333223200
00000000001000000000000232222222221011200000000000000000000133212333201112222233332200023333310001111002222233233333333333112200
00000000002000000000000222222222210001210000000000000000000233223333101112223233332210023333310001111001222222323322333332111200
00000000002000000000001222222222210111110000000000000000001332123332011112233333333221133333321101111001222222223222333332222200
00000000001100000000002222222222100111120000000000000000002332233321011112322333333333333333333200111000122222232223333332332100
00000000000210000000013222222222100101112000000000000000013321233210111122322333333333333333333300111100122222222233333331232000
00000000000020000000123222323221001111112100000000000000023222333100111233333332233333333333333201111101222232222233322332223100
00000000000002100001232222333210011001111210000000000000233222331001012333322222333333333333333211111102332222222233321233212200
00000000000001111222222223212211011111111122000000000012322223210011122223332223333333333333332111111113322333333223332123322200
00000000000000000000000000000000000000000022210000000033222222101112233332232233300000000000000000011123210000332123332123322100
00000000000033300300000330030003033330333001232211003022222211111123322233333333303330003300300003011111100330021022221122211100
00000000000030030300003003003030030000300302222333033012222111112222322333333333303003030030300003000000003003010000000011211100
00000000000030030300003003000300030000300302222222003022222121122222222323333333303330030030300003000000000003000000000001111100
00000000000033300300003333000300033300333002222222303023222122233222223333333333303003033330300003000000000330000000000001111100
00000000000030000300003003000300030000303002222332203023222223333332223333333333303003030030300003000000003000000000000000001100
00000000000030000333303003000300033330300302223333203022322233333332333333333333303330030030333303333000003333000000000000000000
00000000000000000000000000000000000000000003333333300022333333333333333333333333300000000000000000000000000000000000000000000000
