00000032000000000000000000000000000000000000000000000000333333333333333333333200022232221111210000000000000000000000000000000000
00333032000000000300000003003330030000000300030003000000233233333333333333333320022331010012210000000000000000000000000000000000
00333023000000003030000030003000303000003030303030300000223233333332333333333333223332111112310000000000000000000000000000000000
00033022000000000030000030303300003000000030030030300000223333233332322222233333333333111112210000001100000000000000000000000000
00033022000000000300000033300030030000000300003030300000112323333332101110011222233333312222321122112221111211000000000000000000
00033022000000003000000000303030300000003000303030300000112223332232000020000221232233322223222333223333233333221000000000001100
00033022000000003330030000300300333003003330030003000000112322332332100000000120121012223222222223333333333333332100000000112100
00033022000000000000000000000000000000000000000000000000112222222333210000100000010000012322232213333333333333333220000011223200
00000021222222112000000000000000000000001332213333333001011233333333211000122111100000021222332111333333333333333332111122233200
00022221222221112000000000000000000000001332123333333100112222233333221000133333221000032232221101233333333333333333333332333200
00022221212111112000000000000000000000001332113333332100112322233333221000133333332100023333211101233333333333333333333222333200
00022111212111112000000000000000000000001332113333332001112222333333221000133333332100023333211101233333333333333333322111333200
00022111211121111000000000000000000000002332113333332001112322223323221000133333332100011122111002222333333333333333332201222100
00022211211111111100000000000000000000012332123333332000112222223323221000133333332100011011111002222232333333333333333321222100
00022211211111111100000000000000000000012322123333331000112222223333221000133333332100011011111001222223333233333333333333333200
00122211211111111100000000000000000000013321133333320011112222233333321000133333332000011111111001222222233322333333322222333200
00122211111121110100000000000000000000023321133333310011112222222233222000133333332000011111111001112222222222233333322211322100
00222112212211110110000000000000000000023311233333200001112222222233322100233333332100001111111001122222222223233333322221222000
01222112212211100010000000000000000000133221233333100011112222233333333333333333333222100111111000122222222223233333333332221000
02222112222211100011000000000000000000233212333331000111112222323333333333333333333333100011111100122222222223333333333233211000
12222122221221000002100000000000000002332212333320000111122222222233333333333333333333100111111100122222222222333333332223210000
13221122222220000001200000000000000013321123333200011012232222222223333333333333333333101111111111132222222223233322333223321000
12211222221210000000110000000000000123321123332000010122222222332233333333333333333232111111111111232222222333333321233322332000
12212222110122100000111000000000001232211233310000011222222223323333333333333333333232211111111112332123333332233332223332233100
01112210000000000000000000000000000000000032100001100022222223322333333333333333300000000000000000032123330000133333213332222100
01000000000033300300000330030003033330333001111101003022222223323333333333333333303330003300300003021013300330023322112222111000
00000000000030030300003003003030030000300301111111033023222222333333333333333333303003030030300003000022203003011110001211111100
00000000000030030300003003000300030000300301111122003033222333333333333333333333303330030030300003000011100003000000000111111100
00000000000033300300003333000300033300333001111222203033332333333333333333333333303003033330300003000000000330000000000011111100
00000000000030000300003003000300030000303002222332203022233333333333333333331111103003030030300003000000003000000000000000110000
00000000000030000333303003000300033330300302222233203022333333333333333333210000003330030030333303333000003333000000000000000000
00000000000000000000000000000000000000000002222223300033333333333333333322100000000000000000000000000000000000000000000000000000
