01000000000000100000000000000000000000000000000000000000000000000000000000000000000000000000000000000000000000000000000000000000
00000000000000000000001000000000100000000000333333001000000000003000000000003300000330000000000033330000000033333000000033333000
00000000000000000000000000000000000000000003333333000000000000033000000000033000003330000000000333333000000333333300000333333300
00000000000000000000000000000000000000000003300000000000000000033000000000330000033330000000003300003300003330003330003330003330
00000000000000000000000000000000000000000003300000000000010000333000000003300000000330000000033000000330003300000330003300000330
00000000000000000000000000000000000000000003300000000000000000333000010033000000000330000000033000000330003300000330003300000330
00000000000000000000000000000000000010000033333330100000000003333000000333330000000330000000033000000330000000000330000000000330
00001000000000000000000000000000000000000033333330000000000033033000003333333000000330000000033000000330000000000330000000000330
00000000000000000000000000100000000000000033000033000000100033033000003330033300000330000000033000000330000000003300010000003300
00000000000000000000000000000000000000000000000003300000000330033000033300003330000330000000033000000330000000003300000000003300
00000000000000000000000000000000000000000000000003300000003330033000033000000330000330000010033000000330000000033000000000033000
00000000000000000000000000000000000000000000000003300000033300033000033000000330000330000000033000000330000000330000000000330000
00000000000000000000000000000000000010000000000003300000033333333330033000000330000330000000033000000330000003300000000003300000
00000000000000100000000000000000000000000030000033000000033333333330033300003330000330000000033000000330000033000000000033000001
00000000000000000000000000000000000000000333000333000000000000033000003330033300000330000000003300003300000330000000000330000000
00000000000000000000000000000000000000000033333330000330000000033000000333333000000330000330000333333000003333333330003333333330
00000000000000000000000000100000000000000003333300000330000100033000000033330000000330000330000033330000033333333330033333333330
00000010000000000000000000000000000000000000000000000000000000000000000000000000000000000000000000000000000000000000000000000000
01000000000000000000000000000000001000000000000000000000000000000010001000000000000000000000000000000000000000000000000000000000
00000000000000000000000000000000000000001000000000000000000000100000000100000000000000000000000000000000000000000000000000000000
00000000000000000000000000000000000000000000000000000100010000000000100000000000000000000000000000000000000000000000000000000000
00000000000000000000000000000000000000000000000000000000000000000000000000000000010000010000000000000000000001000000000000000000
00000000000000001000000000000000000000000000000000000000000000000000000000000010000000000000000000000000000000000000000000000000
00000000000000000000000000000000000000000000010000000000000000000100000000000000000000000000000000000000000000000000000000000000
00000000000000000000000000000000000000000000000000000000000000000000000000000000000000000000000000000000000000000000000000000000
00000000000033300300000330030003033330333000000000003001000000100000000000000000003330003300300003000000000030000000000000000000
00000000000030030300003003003030030000300300000000033000000000000000000000000000003003030030300003000000000330000000000000000000
00000000000030030300003003000300030000300300000000003000000000000010000000000000003330030030300003000000000030000000000000000000
00000010000033300300003333000300033300333000000000003000000000000000000000010000003003033330300003000000000030000000000000000000
00000111000030000300003003000300030000303000000000003000010000000000000000000000003003030030300003000000000030000000000000000000
00000010000030000333303003000300033330300300010000003000000000000000000000000000003330030030333303333000000030000000000000000000
00000000000000000000000000000000000000000000000000000000000000000000000010000000000000000000000000000000010000000000001000000000
