00000000000000000000000000000000000000000000000000000000000000000000000000001000010000000000000000000000000000000000000000000000
00333000030003000300000033300300030000000300030003000000000000000000000000000000000000000000000000010000000000000000000000000001
00333000330030303030000000303030303000003030300030000000000000010000000000000000000000000000000000000000000000000000000000000000
00033000030000300300000003003030030000000300303033000000000000000000000000000000000000000000000000000000000000000000000000000000
00033000030003000030000003003030003000000030333030300000000000000000000000000000000000000100000000000000000000000010000000000000
00033000030030003030000030003030303000003030003030300000010000000000000000000000000000000000000000000000000000000000000000000000
00033000030033300300030030000300030003000300003003000000000000000000100000000000000000000000000000000000000000000000000000000000
00033000000000000000000000000000000000000000000000000000000000000000000000000000000000000000000000000100000000000000000000100000
00000000000000000000000000000000000000000000000000000000000000000000000000010000000000000000000000000000000001000000000000000000
00000000000000000000000000000010000000000000010000000000100000000000000000000000000000000000000000000000000000000000000000000000
00010000000000000000000000000000000000000000000000000000000000000000010000000000000000000000000000000000000000000000000000000000
00000000000000000000000000000000000000000000000000000000000000000000000000000000000000100000000000000000000000000000000000000000
00000000000000000000000000000000000000010000000000000000010000000000000001000000000000000000000000000000000000000000000000000000
00000000000000000000100000000000000000000000000000100000000001000101000000000000010000000000000000000000000000000000001000000000
00000000000000000000000000000000000000000000000000000000000000000000000000000000000000000000000000000000000000000000000000000000
00000000000000000000000000000010000000000000000000000000000000000000010000010000000000000000010000000000000010000000000000000000
00000000000000000000000000000000000000000000000010000000000100000000000000000000000000000000000000000000000000000000000000000000
00000000010000000000000000000000000000100000000000000000000000000100000000000000000000000000000000000000000000000000000000000100
00000000000000000000000000000000000000000001000000000000000000000000010001000000000000000000000000000000000000000000000000001110
00000000000000000000000000000000000000000000000000000010001000000001000000000000000000000000000000000000000000000000000000000100
00000000000000000000000000000000000000000000000000000000000000000000000000000001000010000000000000000010000000000000000000000000
00000000000000000000001000000000000000000000000100000000000000000000000000010000000000000000000000000000000000000000000000000000
00000000000000000000000000000000000000000000000000000000000000000000000000000000000000000000000000000000000000000000000000000000
00000000000000000000000000000000000000000010000000001001000000100000000000000000000000000001000000000000000000000000000000000000
00000000000000000000000000000000000000000000000000000000000000000000010000000000000000000000000000000000000000000000000100000000
00000000000033300300000330030003033330333000000000003000000000000100000000000000003330003300300003000000000330000000000000000000
00000000000030030300003003003030030000300300000000033000000000100000000000000000003003030030300003000000003003000000000000000000
00000000000030030300003003000300030000300300000000003000000000000000000000000000003330030030300003000000000003000000000000000000
00000000000033300300003333000300033300333000000100003000000000000000000000000000003003033330300003010000000330000000000000000000
00001000000030000300003003000300030000303000000000003000000000000000001000000000003003030030300003000000003000000000000000000000
00000000000030000333303003000300033330300301000000003000000000000001000000000000003330030030333303333000003333000000001000000000
00000000000000000000000000000000000000000000000000000000000010000000000000000000000000000000000000000000000000000000000000000000
