00000000000000000000000000000000000000000000000000000000000000000000000000000000000000000000000000000000000000000000000000000000
00333000000033303330000003000300030000000300030003000000000000000000000000000000000000000000000000100000000000000000000000000000
00333000000000300030000030303030303000003030303030300000000000000000000000000100000000000000000000000000000000000000000000000000
00033000000003000300000003003030303000003030303030300000010000000000000000001110000000000000000000000000000000000000000000000000
00033000000003000300000030303030303000003030303030300000000000000000001000000100000000000000000000000000000000000000000000000000
00033000000030003000000030303030303000003030303030300000000000000000000000000000000000010000000000000000000000000000000000000000
00033000000030003000030003000300030003000300030003000000000000001000000000000000000000000000000000000000000000000100000000001000
00033000000000000000000000000000000000000000000000000000000000000000000000000000100000000000000000000000000000000000000000011100
00000000000000000000010000000000000000001000000000000001000000000000000000000000000000000000000000000000000000000000000000001000
00000000000000000000000000000000000000000000000000000000000010000000000010000000000000000000000000000000000000000000000000000000
00000000000000000000000000000000000000000000000000000000000000000000000000000000000000000000001000000000000000000000000000000000
00000000000000000000000000000000000000000000000000000000000000000000000000000100000000000000000000000000000000000000000000000000
00000000000000000000000000000000010000000000000000000000100000000000000000000000000000000000000000000000000000000000000000000000
00000000100000000000000000000000000000000000000100000000000001000010010000000000000000010000000000000000000000000000000000000000
00000000000000000000000000000000000000000000000000000000000000000000000000000000000000000000000000000000000000000000000000000000
00000000000000000000000000000000000000000000000000000000000010000000000000000000100000000000000000000000000000000000000000000000
00000000000000000000010000000000000000000000000000000000000000000000000010000000000000000000000000000001000000000000000000100000
00000000000000000000000000000000000000000000100000010000000000000100010000000000000000000000000000000000000000000000000000000000
00000000000000000000000000000001000000000000000000000000001000100000000000000000000000000000000000000000000000000000000000000000
00000000000000000000000000000000000000000000000000000000000000000001000000001000000000000000000000000000000000000000000000000000
00000000000000000000000000000000000001000000000000000000000000100000000010000000000000000000000000000000000000000000000000000000
00000000000000000000000000000000000000000000000000000000100000000000000000000000000000000000000000000000000000000000000000000000
00000000000000000000000000000000000000000000000000010000000000000000010000000000000010000000000000000000000000000001000000000000
00000000001000000000000000000000000000000000000000000000000000000000000000000000000000000001000000000000000000000000000000000000
00000000000000000000000000000000000000000001000000000000000000000010000000000000000000000000000000000000000000000000000000000000
00000000000033300300000330030003033330333000000000003000000000000000000000000000033303030333033000300000330003003000300000000000
00000000000030030300003003003030030000300300000000033010000000100000000000000000030003030030030303030000303030303000300000000000
00000000000030030300003003000300030000300300000001003000000000000000000010000000030000300030030303030000330030303000300000000000
00000000000033300300003333000300033300333000000000003000000000000000000000000000033000300030033003330000303033303000300000000000
00000000000030000300003003000300030000303000000000003000000000000001000000000000030003030030030303030000303030303000300000000000
00000000000030000333303003000300033330300300000000003000000000000000000000000100033303030030030303030000330030303330333000000000
10000000000000000000000000000000000000000000000000000000100000010000000000000000000000000000000000000000000000000000000000000000
