00000000000000000000000000000000000000000000000000000000233200011111111111112333333333333333333222332233333333333310000000000000
00333000000000000000333033300300000003000300333000000000111000011111111111111233332333333333333222222233333333333320000000000000
10333000000000000000300030003030000030303030300000000000012220011111111111111123332333333333333322222323333333333331000000000000
10033000000000000000330033003030000030303030330000000000011110010000111111111112333222333333333332223333333333333332000000000000
13033010000000000000003000303030000030303030003000000000011110010000011111011111333222333333333333222223333333333332000000000000
13033022000000000000303030303030000030303030303000000000100001100000000000001111233322222333333333222223333333333333100000000000
13033032000000000000030003000300030003000300030000000000101212310000000000000111123322223333333333222223333333333333100000000000
13033023000000000000000000000000000000000000000000000000212333331000000000000111123332222333333333222223333333333333200000000000
13000033333333333333333333332100111111111123333333333333333333333220000000000111113332222333333333322222233333333333300000000000
13322232223333333332333333332000011111111013333333333333333333333332000000000011112333222333333333322222223333333333310000000000
13322222123233333321133333332000111111111113333333333333333333333333000000000001111333222333333333332222233333333333320000000000
12322211012233333211123333332000111111111013333333333333333333333333100000000001111233222233333333332222233333333333320000000000
12221110011122222222233333332000010111101013333333333332221222233333000000000001111233222223333333332222223333333333320000000000
11111111111112122223333333221100110111111013333333333321122222333333000000000000111233322223333333332222233333333333320000000000
01111111112111121122233211111110111111111012333333333332222233333332000000000000111233312223333333332222333333333333320000000000
01112222222210011111112211111110011111111111111112333333211111111110000000000000111133321222333333333222223333333333320000000000
01222222222110011111111111111111111111111111112223333333111111111100000000000000001123321222333333332222223333333333320000000000
01222222222222222222222222222222222222222222222333333322111111011100000000000000110123311222333333332222233333333333320000000000
12222222222222222222222222332222222222222333333333333321111111111000000000000000111123322222333333332222233333333333320000000000
12222222222222232233223233322322222222233333323333333211111111011000000000000000111123322223333333332222233333333333320000000000
12222222222222233223332333333333222222222322222322222111111111100000000000000000010123311223333333332222223333333333310000000000
12222222222222222232222323322333233332222322222222111111000000000000000000000000010133311223333333332222323333333333310000000000
12222222222222222222222221211323322333322323333332111110000000000000000000000001100133312222333333332222233333333333310000000000
12222222222332111111110110000223333333333333333333221111000000000000000000000000011133222223333333332222233333333333200000000000
12332223333000000000000000000000000000000033333333300012000000000000000000000000000000000000000000022222330000333333200000000000
12332223333033300300000330030003033330333003333333003022100000000000000000000000103330003300300003022212300330033333100000000000
12333222323030030300003003003030030000300303333333033032210000000000000000000000003003030030300003022222203003033332000000000000
13333223333030030300003003000300030000300303333333003033320000000000000000000000103330030030300003022222200030033332000000000000
12333233333033300300003333000300033300333003333333303033331000000000000000000001103003033330300003022222300003033331000000000000
12333223233030000300003003000300030000303003333333303033333100000000000000000000103003030030300003000022203003033320000000000000
13333233333030000333303003000300033330300303333333303033333200000000000000000001103330030030333303333022200330033310000000000000
13333333333000000000000000000000000000000003333333300033333310000000000000000101100000000000000000000022230000333100000000000000
