00000000000000000000000000000000000000000000000000000000000000000000000000000000000000000000000000000000000000000000000000000000
00000000001000000000000000001111100000001111100000000000111100000000111100000000111100000000000011110000000011110000000011110000
00000000011100000000000000011111110000011111110000000001111110010001111110000001111110000000000111111000000111111000000111111000
00000000001000000000000000111000111000111000111000000011100111000011000011000011000011000000001100001100001100001100001100001100
00000000000000000000000000110000011000110000011000000110000001100110000001100110000001100001011000000110011000000110011000000110
00000000000000000000000000000000011000000000011000000110000001100110000001100110000001100000011000000110011000000110011000000110
00000000000000000000000000000000011000000000011000000110000001100110100001100110000001100000011000000110011000000110011000000110
00000000001000000000000000000000110000000000110000010110000001100110000001100110000001100000011000000110011000000110011000000110
00000000000000000000000000000011110000000011110000000111000011100110000001100110000001100000011000000110011000000110011000000110
00000000000000000000000000000011110000000011110000000011111111000110000001100110000001100000011000000110011000000110011000000110
00000000000000000000000000000000111000000000111000000001111111000110001001100110000001100000011000000110011000000110011000000110
00000000000000000000000000000000011000000000011000000000001110000110000001100110000001101000011000000110011000000110011000000110
00000000000000000000000000000000011000000000011000100000001100000110000001100110000001100000011000000110011000000110011000000110
00000000000000000001000001100000011001100000011000000000011001000110000001100110010001100000011000000110011000000110011001000110
00000000000000000000000001110000111001110000111000000000110000000011000011000011000011000000001100001100001100001100001100001100
00000000000000000000000000111111110000111111110001100001100000000001111110001001111110000110000111111000000111111000000111111000
00000000000000000000000000001111100000001111100001100011000100000000111100000000111100000110000011110000000011110000000011110000
00000000000000000000000000000000000001000000000000000000000000000000000000000000000000000000000000000000000000000000000000000000
00000000000000000000000000000000000000000010000000000000000000100000001001000000000000000000000000000000000000000000000000000001
00000000000000000000000000000000000000000000000000000000000000000000000000000000000000000000000000000000000000000000000000000000
00000000000000000000000000000000000000000000000000000100000000000000000000000000000001000000000000000000000000000000000000000000
00000000000000000000010000000000000000000000000000000000000000000000000000000100000000000000000000000000000000000000000000000000
00000000000000000000000000000000000000000000000100000000000000000100000000000000000000000000000000000000000000000000000000000000
00000000000000000000000000000000000000000000000000000000100000100000000000000000000000000000000000000000000000000000000000000000
00000000000000000000000000000000000000000000000000000001000000000000001000000000000000000000000000000000000000000000000000000000
00000000000000110100100110001100111000110011100000001000000000000000000000000000000111000110010000011000000010000000000000000000
00000000000000010100101001010010100101001010010000011000000000000100000000100000000100101001010000100100000110000000000000000000
00000000000000010100101000010010100101001010010000001000001000010000000000000000000111001001010000100100000010000000000000000000
00000000000000010100101011011110100101001011110100001000000000000000000000000000000100101001010000111100000010000000000000000000
00000000000010010100101001010010100101001010100000001000000000000000000000000000000100101001010000100100000010000000000000000000
01000000000001100011000110010010111000110010010000001000000000000000000100000000000333000330033330300300000030000000000000000000
11100000000000000000000000000000000000000000000000000000000000000000100000000000000000000000000000000000000000000000000000000000
