00000000000000000000000000000000000000000000000000000000222222222222333322221223333333333321000000000000000000000000000000000000
00333000030033303330000003000300030000000300030003000000222222222222223333332333333333333333200000000000000000000000000000000000
00333000330030003000000030003030303000003030303030300000322222222221111233333333333333333333322100000000000000000000000112122100
10033011030033003300000033003030303000003030303030300000333321212222111123333333333333333333333322110000000000000000012222233100
13033022030000300030000030303030303000003030303030300000233331112121100023333333333333333333333333332220000000000001222223332100
13033022030030303030000030303030303000003030303030300000222221111111110123333333333333233333333332123231000100000012233333333200
13033033030003000300030003000300030003000300030003000000322121111111000233333333333333333333333333101122112221110122232333333200
13033033000000000000000000000000000000000000000000000000331221111111001233333333333333333333333333100012233223212333333333333200
00000000133333321111111111111111211222222222222222121111111111001232233333333333333333333333333222211112132101112333322223333200
00000000133333332211111111111110111111111111111111111111111111001223233333333333333333333333333222332112123200112322311112233200
00000000133333332222221011111111111111100001111111110111111111002222232333333233333333333333333321233333222210011321211111133200
00000000233333332222222111011111111111000001111111111011111110002222222332233222233333333333333331023333333222111222211000123200
00000000233333332222221000011111111111111001111111111011111110002222222222223322223333333333333331023333333321233333222110012200
00000000233333332222221110111111111111011111111111111011111110001122222222223323333333333333333211123333233221133333223322011200
00000000233333333232221100011111111111010111111111111001111111001112222222222223323333333333333312232222222111233223223333211100
00000000233333333332111111111111111111111111111111111101111111001212222222222222233333333333333322332111111111123222223332221000
00000000233333322222111111111111111111111111111111010111111110001122222222222222222333333333333333333332122222222223111111011000
00000000233333332321111111111111111111111111111111000111111110000122222222222222222333333333333333333333333333333323100000001000
00000000233333332211111111111111111111112111111111000111111110000122222222222222223233333332333333333333333333333332100000001000
00000001233333332111111111211111111111122111111000001111110100000122222222222222232333333332333333211233333322233321000000001100
01111112333333333211111111111111111211112111111000000111111111000012222222222222223333333333333333210123333321133321000000000000
12223233333333322322111111111111112111222211111100001111111111100011222222222222233333333333333333321012333332123332100000000000
12333333333333201233222111211121112112222221111100001111111111111101222222222222223333333333233333332101333333212333200000000100
13333333333333200233333222211122222112222221111101111111111110111101222222222222233233333321123333333211233333321233310000001100
13333333333300000000000000000000000000000000001111100011111110111111232222222233323000000000000000000021120000321133320000012200
13333333333000330300300330003300333000330033300111003011111111111112333322233233320333000330030000033001100330021122210000012200
13333333333000030300303003030030300303003030030111033011111110111133333331122222330300303003030000300300003003021121110000122200
12333333333000030300303000030030300303003030030111003011111111112333333321000112330333003003030000300300000003011111111111122100
12333222323000030300303033033330300303003033330000003000000000112222222221100012330300303003030000333300000330001111111111212100
12333223322030030300303003030030300303003030300100003000000000000001110000000123220300303003030000300300003000000122211111122100
13222322322003300033000330030030333000330030030200003000000000000000000000000011100333000330033330300300003333000011110112222100
13233333221100000000000000000000000000000000003100000000000000000000000000000000000000000000000000000000000000000000100121222100
