00000000000000000000000000000000000000000000000000000000000000000000000000000000000000000000000000000000000000000000000000000000
00000000000000000000000000000000000000000000000000000000000000000000000000000000000000000000000000000000000000000000000000000000
00000000000000000000000000000000000000000000000000000000000000000000000000000000000000000000000000000000000000000000000000000000
00000000000000000000000000000000000000000000000000000000000000000000000000000000000000000000000000000000000000000000000000000000
00000000000000000000000000000000000000000000000000000000000000000000000000000000000000000000000000000000000000000000000000000000
00000000000000000000000000000000000000000000000000000000000000000000000000000000000000000000000000000000000000000000000000000000
00000000000000000000000000000000000000000000000000000000000000000000000000000000000000000000000000000000000000000000000000000000
00000000000000000000000000000000000000000000000000000000000000000000000000000000000000000000000000000000000000000000000000000000
00000000000000000000000000000000000000000000000000000000000000000000000000000000000000000000000000000000000000000000000000000000
00000000000000000000000000000000000000000000000000000000000000000000000000000000000000000000000000000000000000000000000000000000
00000000000000000000000000000000000000000000000000000000000000000000000000000000000000000000000000000000000000000000000000000000
00000000000000000000000000000000000000000000000000000000000000000000000000000000000000000000000000000000000000000000000000000000
00000000000000000000000000000000000000000000000000000000000000000000000000000000000000000000000000000000000000000000000000000000
00000000000000000000000000000000000000000000000000000000000000000000000000000000000000000000000000000000000000000000000000000000
00111111100000000000111111100010000000000000110000001000001111000111000001000001000000000010000010000000001000000111111100000000
00111111100000000000111111100010000000000000100000001000000000000100000001000001000000000010000010000000001110000000000111000000
00111111100000000000111111100010000000000000110000001000000000000110000001000001000000000010000010000000000011100000000001100000
00111111100000000000111111100010000011110000011000001000001111100011100001000001000000000010000010000000000000111111100000110000
00111111100000000000111111100010000010011000001000001000001000110000100001000001000000000010000010000000000000000000111000011000
00011111110000000001111111000010000010001000001000001000001000010000110001000001000000000010000010000000011111110000001000001000
00011111111000000011111111000010000010001000001000001000001000010000010001000001000000000010000010000000010000011000001000001000
00001111111100000111111110000010000010001000001000001000001000010000010001000001000000000010000010000000010000001100011000001000
00001111111111111111111110001110000011101000001110001000001000110000010111000001110000001110000011100000010000000111110000011000
00000111111111111111111100001000000000101000000010111000001111100000110100000000010000001000000000100000010000000000000000010000
00000011111111111111111000001000000000101000000010100000000000000001100100000000010000001000000000100000010000000000000001110000
00000000111111111111100000001000000000101000000010100000000000000111000100000000010000001000000000100000010000111100000011000000
00000000001111111110000000001111111111101111111110111111111111111100000111111111110000001111111111100000011111100111111110000000
00000000000000000000000000000000000000000000000000000000000000000000000000000000000000000000000000000000000000000000000000000000
00000000000000000000000000000000000000000000000000000000000000000000000000000000000000000000000000000000000000000000000000000000
00000000000000000000000000000000000000000000000000000000000000000000000000000000000000000000000000000000000000000000000000000000
00000000000000000000000000000000000000000000000000000000000000000000000000000000000000000000000000000000000000000000000000000000
00000000000000000000000000000000000000000000000000000000000000000000000000000000000000000000000000000000000000000000000000000000
