00000000000000000000000000000000000010000000000000000000000000000000000000010000000000000000000000000000000000000000000000000000
00000000000000000000000000000000000000000000333330000000033333333330000330000000333330000000000033333000000033333000033333333330
00000000000000000001000000000000000000000003333333000000033333333330003330000003333333000000000333333300000333333300033333333330
00000000000000000011100000000000000000000033300033301000000000003300033330000033300033300000003330003330003330003330000000003300
00000000000000000001000000000000000000000033000003300000000000003300000330000033000003300000003300000330003300000330000000003300
00000000000000000000000000000000000000000000001003300000100000033000000330000033000003300000003300000330000000000330000000033000
00000000000000000000000000000000000000000000000003300000000000033001000330000000000003300000000000000330000000000330000000033000
00000000000000000000000000000000000000000000000033000000000000330000000330000000100003300000000000000330000000003300000000330000
00000000000000000000000000000000000000000000003333000000000000330000000330100000000033000000000000003300000000333300000000330000
00000000000000000000000000000000000000000000103333000001000003300000000330000000000033000000000000003300000000333300000003300000
00010000000000000000000000000000000000000000000033300000000003300000100330000000000330000000000000033000000000003330000003300000
00111000000000000000000000000000000000000000000003300000000033000000000330000000003300100000000000330000000000000330000033000000
00010000000000000000000000000000010000100000000003300000100033000000000330000000033000000000000003300000000000000330000033000000
00000000000000000000000000000000110000000330000003300000000330001010000330000000330000000000000033000000033000000330100330000000
00000000000000000000000000000000010000000333000033300000000330000000000330000003300000000000000330000000033300003330100330000000
00000000000000000000000000000000000000000033333333000330003300000000010330000033333333300330003333333330003333333300003300000000
00000000000000000000000000000000000000000000333330000330033300000000000330000333333333300330033333333330000033333000033300000000
00000000000000000000000000000000000010000000000000000000000000000000000000000000000000000000000000000000000000000000000000000000
00000000000000000000000000000000000000000100000000000000000000001000100010000000000000000000000000000000000000000000000000000000
00000000000000000000000000000000000000000000000000000000100000000010000000000000000000000000000000000100000000000000000000000000
00000000000000000000000000000000000000000000000000000000000000000000000000000000000100000000000000000000000000000000000000000000
00000000000000000000000000010000000000000000000000000000000000000000000000010010000000000000000000000000000000000000000000000000
00000000000000000000000000111000000000000000001000000000000000010000000000000000000000000000000000000000000000000000000000000000
00000000000000000000000000010000000000001000000000000010000001000000000000000000000000000000000000000000000000000000000000000000
00000000000000000000000000000000000000000000000000000000000000000000100000000000000000000000000000000000000000000000000000000000
00000000000033300300000330030003033330333000000000003000000000000000000000000000003330003300300003000000000330000000000000000000
00000000000030030300003003003030030000300300000000033000000000000000000001000000003003030030300003000000003003000000000000000000
00000000000030030300003003000300030000300300000000003000100001000000000000000000003330030030300003000000000030000000000000000000
00000000000033300300003333000300033300333000001000003000000000000000000000000000003003033330300003000000000003000000000000000000
00000000000030000300003003000300030000303000000000003000000000000000010000000000003003030030300003000000003003000000000000000000
00000000000030000333303003000300033330300300000000003000000000000000000000000010003330030030333303333000000330000000000000000000
00000000000000000000000000000000000000000000000000000000000100000000000000000111000000000000000000000000000000000000000000000000
