10000031000000000000000000000000000000000000000000000000211123221000232222333111112322210002233333323333333333322223333333310000
10333032000000000000030003000300000003000300030000000000211123221000011111333101112333332222333223322333333333333322333333320000
10333033000000000000303030303030000030303030303000000000111113222100101100122101112333333333321222232333233333333322233333332000
20033033000000000000030030303030000030303030303000000000111112322100001100210001111332112332321111122332233333333222223333333100
13033033000000000000303030303030000030303030303000000000111111232200001100100021001232111221131001111122223333333222222333333200
13033033000000000000303030303030000030303030303000000000111111123320000000000100011132211101021001111112333233333322223333333200
13033033000000000000030003000300030003000300030000000000221111112332111211000000111123211100021001111111233222333322223333333200
13033033000000000000000000000000000000000000000000000000330011111223233332100122211112321110021000000111123322333333222333333200
13000033222100000000000010023333333333333333333333333333331001111111233333322233322111222221101010000001112322233333222333333300
13333333222100000000000000023333333333333332221122223333320001111101133333333333333221112322221121000000111332233333322333333300
12222222221100000011111101023333333333333332221122122222330001111111133333333333333331011133333332210000011232223333322233333200
01111111111000000001111111122233323333333333332232233333320000001110133333333323332331000033333333321000011132123333332233333200
01111101110111000001111111111111111111122223322222222222210111111111133333333211222232100023333333332100011123122333332233333200
01111111111111110000001111111111111112222223321111111111111111111111123333332212222233200133333222333200001123212333332223333300
12212222222222222122222212222222222222222233331111111111110001011011112332111111111111111233333122321000001013212333332223333300
12222222322222222222222222222222222222222233332222222221111011122222223333212222111111112333111110000000010013212333332223333200
12222222222222222222222222222222222222222223233333332232222223333333333333333333323333333332111100000000011013212333332223333300
12222222222222222222222232222222333223223232333333333333333233333333333333333333333333333331111000000000000113312333332223333200
12222222222222322222323333322222322223323333333333333333333333333333333333333333333333333321110000000000000013212333332222333300
12222222222223232222223333322233332332333333333333333333333333333333333322222223333333332210000000000000000013212333332222333300
12222222222222333333333333333333323333333232222222121223333333333333333320000012333333332210000000000000011023212333332222333200
12222222222222333333333333333333333333333333100000000012333333333333333332000001333333333310000000000000001123122333322222333200
12211111111111233333333333333333333333333333200000000001333333333333333333200000233333333332000000000000000123112333322223333300
00000000000000133333333333333333333333333333320000100000133333333333333333310000123333333333100000000000000132122333322233333200
00000000000000000000000000000000000000000033331000000000023333333333333333321000000000000000000000000000000000223333222223333200
00000000000033300300000330030003033330333003332100003000012333333333333333332100103330003300300003000000000330023332222223333200
00000000000030030300003003003030030000300303333200033000102333333333333333333200003003030030300003000000003003033332222223333200
00000000000030030300003003000300030000300303333320003000001233333333333333333310003330030030300003000000100030033322222223333200
00000011000033300300003333000300033300333003333321003000011123333333333333333320003003033330300003000001200003033222222223333100
00000011000030000300003003000300030000303003333332103000111113333333333333333320003003030030300003000012203003032222222233331000
00000100000030000333303003000300033330300303333333203010111112333333333333333210003330030030333303333022200330022222222333320000
11001100011000000000000000000000000000000003333333300010111112333333333333322100000000000000000000000022120000222222222232200000
