00000011211000000000012001100012110000111113322221110001221002333100111011111112333223333333333333322333333333333320000000000000
00000012222110000000001000000012110000111112332221121000111101233100111111111111233332333333333333222333333333333331000000000000
12111022322221110000001210000023200001111111332222011001222101011100011111111111113333223333333333222333333333333332000000000000
12322123222222221100001332211133310001111111233222101101111002012220111100101111112333222233333333222222223333333333100000000000
13333333233332222211002333332233321000111111123333211101121121000010100000011111111233322333333333332223233333333333200000000000
13333333333333333322113333333333332100011111112333322211010000001000000000011000111123322223333333332223233333333333200000000000
13333333333333333333333333333333333321111111111233332222222110101112100000000000011123332223333333333222233333333333310000000000
13333333333333333333333333333333333333210111100122333332333321111223210000000000001112332223333333333222223333333333320000000000
13333333333333333333333333333333333333310010111111123333333333332333332100000000001112333222233333333322233333333333320000000000
13333333333333333333333333333333333333310011111111023333333333333333333320000000000111233222233333333322222333333333331000000000
13333333333333333333221233333322233333310000011111023333333333333333333331000000000111233322233333333322222333333333331000000000
13333333333333333000000000000000000000000000000111023333333333333333333331000000000111133312233333333322223333333333331000000000
13333333333333330033300333330033300333300333330111023333333333222222223332000000000111123322223333333322222333333333332000000000
13332233333333220300030003000300030300030003000111023333333333112122223331000000000011123321223333333322222333333333332000000000
12112111211111110300000003000300030300030003001111012332233333222223332220000000000011123321223333333322223333333333332000000000
01000110111111120033300003000300030333300003001111111111233333211111111000000000000101113322223333333332223333333333333000000000
11111111121221220000030003000333330303000003001112222233333333111111110000000000000101023321223333333332222333333333333000000000
12222222222222220000030003000300030300300003002223333333333332111111110000000000000111113321222333333322223333333333332000000000
12222222222222220300030003000300030300030003003333333233333321111101100000000000000001113321122333333332222333333333332000000000
12222222222222220033300003000300030300003003003333333322333211111111000000000000000000013321222333333332222333333333332000000000
12222222222222232000000000000000000000000000003333333232222111111111000000000000000110113321222333333332223333333333331000000000
12222222222222222222333333333332222222233323332333333333211100000000000000000000000001123321223333333322222333333333330000000000
12222222222222222222222222222222111111333323332333333333211100000000000000000000001101123321223333333332222233333333330000000000
12232222333332333233333210000000000000233333333333333333332110000000000000000000001101123311223333333322222333333333320000000000
13333333333000000000000000000000000000000033333333300033333221000000000000000000000000000000000000033322222000333333310000000000
12333233233033300300000330030003033330333003333333003033333332100000000000000000003330003300300003033222220030333333300000000000
12232233332030030300003003003030030000300303333333033033333333210000000000000000003003030030300003032222220330333333200000000000
12332233323030030300003003000300030000300303333333003033333333320000000000000000003330030030300003022222220030333333100000000000
12333333323033300300003333000300033300333003333333303033333333331000000000000000003003033330300003022222222030333333000000000000
13333333322030000300003003000300030000303003333333303033333333332000000000000000003003030030300003000022223030333331000000000000
13333333333030000333303003000300033330300303333333303033333333333200000000000000003330030030333303333022223030333320000000000000
13333333333000000000000000000000000000000003333333300033333333333210000000000000000000000000000000000022222000333310000000000000
