00000001100000000000000000000000000000110000000000000000000000000000000000000000000000000000000000000000000000000000000000000000
00000000000000000000000330000000333330000003300000000000333330000000333330000000333330000000000033333000000033333000000033330000
00000000000000000000003330000003333333000033300000000003333333000003333333000003333333000000000333333300000333333300000333333000
00000000000000000000033330000033300033300333300000100033300033300033300033300033300033300000003330003330003330003330003300003300
00000000000000000000000330000033000003300003300001110033000003300033000003300033000003300000003300000330003300000330033000000330
00000000000000000000000330000033000003300003300000100033000003300033000003300033000003300000003300000330000000000330033000000330
00000000000000000000000330000000000003300003300000000000000003300000001003300000001003300000000000000330000000000330033000000330
00000000000000000000000330000000000003300003300000000100000003300000000003300000011003300000000000000330000000003300033000000330
00000000000000000000000330000000000033000003300000000000000033000000000033000000001033000000000000003300000000333300033000000330
00000000000000000000000330000000000033000003300000000000000033000000000033000000000033000000000000003300000000333300033000000330
00000000100000000000000330000000000330000003300000000000000330000000000330000000000330000000000000033000000000003330033000000330
00000001110000000000000330000000003300000003300000000000003300000000003300000000003300000000100000330000000000000330033000000330
00000000100000000000000330000000033000000003300000000000033000000000033000001000033000000000010003300000000000000330033000000330
00000000000000000000000330000000330010000003300000001000330000010000330000000000330000000000000033000000033000000330033000000330
00000000000000000000000330000003300000000003300000000003300000000003300000000003300000000000000330000000033300003330003300003300
00000000000000000000000330000033333333300003300003300033333333300033333333300033333333300330003333333330003333333300000333333000
00000000000000000000000330000333333333300003300003300333333333300333333333300333333333300330033333333330000033333000000033330000
00000000000000000000000000000000000000000000000000000000000000000000000000000000000000000000000000000000000000000000000000000000
00000000000000000000000000000000000000000000000000000000000000000001000100010000000000000000000000100000000000000000000000000000
00000000000000000000000000000000000000000000000000000000000100000000010000000000001000000000000000000000000000000000000000000000
00000000000000000000000000000000000000000001000000000001000000000000000000000000000010000000000000000000000000000000000000000000
00000000000000000000000000000010000000000010000000000000000000000000000000000010000000000000000000000000000000000000000000000000
00000000000000000000000000000100000000000000000001000000000000000010000000000000000000000000000000000000000000000000000000000000
00001000000000000000000000000000000000000000000000000000010000001000000000000000000000000000000000000000000000000000000000000000
00010000000000000000000000000000000000000000000000000010000000000000000100000000000000000000000000000000000000000000000000000000
00000000000033300300000330030003033330333000000000003000000000000000000000000000003330003300300003000000000030000000000000000000
00000000000030030300003003003030030000300300000000033000000000000001000000010000003003030030300003000000000330000000000000000000
00000000000030030300003003000300030000300300000000003000000010001000000000000000003330030030300003000000000030000000000000000000
00000000000033300300003333000300033300333000000000003000000000000000000000000000003003033330300003000000000030000000000000000000
00000000000030000300003003000300030000303001000000003010000000000000000000001000003003030030300003000000000030000000000000000000
00000000000030000333303003000300033330300301000000003000000000000000000000000100003330030030333303333000000030000000000100000000
00000000000000000000000000000000000000000001100000000000000000000000000000000000000000000000000000000000001000000000001110000000
