00000000000000000000000000001000000000000000000000010000000000000000000000000000000000000000000000000000000000000000000000000000
00000000000000000000000000000000000000000000000000000000333330000000000330000000000030000003300000100003300000033000000000003000
00000000000000000000000000000000000000000001000000000003333333000000003330000100000330000033300000000033300000333000000000033000
00000000000000000000000000000000000000000011100000000033300033300000033330001110000330000333300000000333300003333000000000033000
00000000000000000000000000000000000000000001000000000033000003300000000330000100003330000003300000000003300000033000000000333000
00000000000000000000000000000000010000000000000000000033000003300000000330000000003330010003300000000003300000033000000000333000
00000000000000000000000000000000000000000000000001000000000003301000000330000000033330000003300000000003300000033000000003333000
00000000000000000000000000000000000000000000000000000000000003300000000330000000330330000003300000000003300000033000000033033000
00000000000000000000010000000000000000001000000000000001000033000000000330000000330330000003300000000003300000033000000033033000
00000000000000000000000000000000000000000000000000000000000033000000000330000003300330000003300000000003300000033000000330033000
00000000000000000000000000000000000000000000000000000000000330000000000330000033300330000003301000000003300000033000003330033000
00000000000000000000000000000000000000000000000000000000003300000000000330000333000330000003300000000003300000033000033300033000
00000000000000000000000000000000010000000000000000000000033000000000000330000333333333300003300000000003300000033000033333333330
00000000100000000000000000000000000000000000000100000000330001000010010330000333333333300003300000000003300000033000033333333330
00000000000000000000000000000000000000000000000000000003300000000000000330000000000330000003300000000003300000033000000000033000
00000000000000000000000000000000000000000000000000000033333333300330000330000000100330000003300003300003300000033000000000033000
00000000000000000000010000000000000000000000000000000333333333300330000330000000000330000003300003300003300000033000000000033000
00000000000000000000000000000000000000000000100000010000000000000000010000000000000000000000000000000000000000000000000000000000
00000000000000000000000000000001000000000000000000000000001000100000000000000000000000000000000000000000000000000000000000000000
00000000000000000000000000000000000000000000000000000000000000000001000000001000000000000000000000000000000000000000000000000000
00000000000000000000000000000000000001000000000000000000000000100000000010000000000000000000000000000000000000000000000000000000
00000000000000000000000000000000000000000000000000000000100000000000000000000000000000000000000000000000000000000000000000000000
00000000000000000000000000000000000000000000000000010000000000000000010000000000000010000000000000000000000000000001000000000000
00000000001000000000000000000000000000000000000000000000000000000000000000000000000000000001000000000000000000000000000000000000
00000000000000000000000000000000000000000001000000000000000000000010000000000000100000000000000000000000000000000000000000000000
00000000000033300300000330030003033330333000000000003000000000000000000000000000003330003300300003000000000030000000000000000000
00000000000030030300003003003030030000300300000000033010000000100000000000000000003003030030300003000000000330000000000000000000
00000000000030030300003003000300030000300300000001003000000000000000000010000000003330030030300003001000000030000000000000000000
00000000000033300300003333000300033300333000000000003000000000000000000000000000003003033330300003000000000030000000000000000000
00000000000030000300003003000300030000303000000000003000000000000001000000000000003003030030300003000000000030000000000000000000
00000000000030000333303003000300033330300300000000003000000000000000000000000100003330030030333303333000000030000000000000000000
10000000000000000000000000000000000000000000000000000000100000010000000000000000000000000000000000000000000000000000000000000000
