00000000000000000000000000000000000000000000000000000000000000000000000000000000000000000000000000000000000000000000000000000000
00000000000000000000000000000000000003333333333000000333333333300333333333300000000033000000033333333330000033330000000033333000
00000000000000000001000000000000000003333333333000000333333333300333333333300000000330000000033333333330000333333000000333333300
00000000000000000011100000000000000000000000330000000000000033000000000033000000003300000000000000003300003300003300003330003330
00000000000000000001000000000000000000000000330000000000000033000000000033000000033000000000000000003300033000000330003300000330
00000000000000000000000000000000000000000003300000000000100330000000000330000000330000000000000000033000033000000330003300000330
00000000000000000000000000000000000000000003300000000000000330000001000330000003333300000000000000033000033000000330000000000330
00000000000000000000000000000000000000000033000000100000003300000000003300000033333330000000000000330000033000000330000000000330
00000000000000000000000000000000000000000033000000000000003300000000003300100033300333000000000000330000033000000330000000003300
00000000000000000000000000000000000000000330000000000001033000000000033000000333000033300000000003300000033000000330000000003300
00010000000000000000000000000000000000000330000000000000033000000000033000000330000003300000000003300000033000000330000000033000
00111000000000000000000000000000000000003300000000000000330000000000330000000330000003300000000033000000033000000330000000330000
00010000000000000000000000000000010000003300000000000000330000000000330010000330000003300000000033000000033000000330000003300000
00000000000000000000000000000000110000033000000001000003300010001003300000000333000033300000000330000000033000000330100033000000
00000000000000000000000000000000010000033000000000000003300000000003300000000033300333000000000330000000003300003300100330000000
00000000000000000000000000000000000000330000000003300033000000000033000000000003333330000330003300000000000333333000003333333330
00000000000000000000000000000000000003330000000103300333001000000333000000000000333300000330033300000000000033330000033333333330
00000000000000000000000000000000000000000000000000000000000000000000000000000000000000000000000000000000000000000000000000000000
00000000000000000000000000000000000000000100000000000000000000001000100010000000000000000000000000000000000000000000000000000000
00000000000000000000000000000000000000000000000000000000100000000010000000000000000000000000000000000100000000000000000000000000
00000000000000000000000000000000000000000000000000000000000000000000000000000000000100000000000000000000000000000000000000000000
00000000000000000000000000010000000000000000000000000000000000000000000000010010000000000000000000000000000000000000000000000000
00000000000000000000000000111000000000000000001000000000000000010000000000000000000000000000000000000000000000000000000000000000
00000000000000000000000000010000000000001000000000000010000001000000000000000000000000000000000000000000000000000000000000000000
00000000000000000000000000000000000000000000000000000000000000000000100000000000000000000000000000000000000000000000000000000000
00000000000033300300000330030003033330333000000000003000000000000000000000000000003330003300300003000000000030000000000000000000
00000000000030030300003003003030030000300300000000033000000000000000000001000000003003030030300003000000000330000000000000000000
00000000000030030300003003000300030000300300000000003000100001000000000000000000003330030030300003000000000030000000000000000000
00000000000033300300003333000300033300333000001000003000000000000000000000000000003003033330300003000000000030000000000000000000
00000000000030000300003003000300030000303000000000003000000000000000010000000000003003030030300003000000000030000000000000000000
00000000000030000333303003000300033330300300000000003000000000000000000000000010003330030030333303333000000030000000000000000000
00000000000000000000000000000000000000000000000000000000000100000000000000000111000000000000000000000000000000000000000000000000
