00000000000000000000000000000000000000000000000000000000000000000000000000000000000000000000000000000000000000000000000000000000
00000000000000000000000000000000000003333333333000000333333333300333333333300000000033000000033333333330000033330000000033333000
00000000000000000000000000000000000003333333333000000333333333300333333333300000000330000000033333333330000333333000000333333300
00000000000000000000000000000000000000000000330000000000000033000000000033000100003300000000000000003300003300003300003330003330
00000000000000000000000000000000100000000000330000000000000033000000000033000000033000000000000000003300033000000330003300000330
00000000000000000000000000000001110000000003300000000000000330000000000330000000330000001000000000033000033000000330003300000330
00000000000000000000000000000000100000000003300010000000000330000100000330000003333300000000000000033000033000000330000000000330
00000000000000000000000000000000000000000033000000000001003300000000003300000033333330000000000000330000033000000330000000000330
00000000000000000000100000000000000000010033000000000000003300000000003300000033300333000000000000330000033000000330000000003300
00000000000000000000000000000000000000000330000000000000033000000000033000000333000033300000000003300000033000000330000000003300
00000000000000000000000000000000000000000330000000000000033000000000033000000330000003300000000003300000033000000330000000033000
00000000000000000000000000000000000000003300000000000000330000000000330000000330000003300000000033000000033000000330000000330000
00000000000000000000000000000001000000003300000000000000330000000000330000000330000003300000000033000000033000000330000003300000
00000100000000000000000000000000000000033000000100000003300001000003300000000333000033301000000330000000033000000330000033000000
00000000000000000000000000000000000000033000000000000003300000000003300000000033300333000000000330000000003300003300000330000000
00000000000000000000000000000000000000330000000003300033000100000033001000000003333330000330003300000000000333333000003333333330
00000000000000000000000000000000000003330000000003300333000000000333000001000000333300000330033300000000000033330000033333333330
00000000000000000001000000000000000000000001000000000000001000000000000000000000000000000000000000000000000000000000000000000000
00000000000000000000000000000000000000000000000000000000000000100000000000000000000000000000000000000000000000000000000000000000
00000000000000000000000000000100000000000000000000000000001000000001000000000000000000000000000000000000000000000000000000000000
00000000000000000000000000000000000010000000000000000000000000000000000001000100000000000000000000000000000000000000000000000000
00000000000000000000000000000000000000000000000000000000000000100000000000000000000000000000000000000000000000000000000000000000
00000000000000000000000000000000000000000000000000010000010000000000010000000000000000000000000000000000000000000000000000000000
00000000000000000000000000000000000000000000000000000000000000000000000000000000000000100000100000000000000000000000001000000000
00000000100000000000000000000000000000000010000000000000000000000000000000000000000000000000000000000000000000000000000000000000
00000000000033300300000330030003033330333000000000003000000000000010000000000000003330003300300003000000000030000000000000000000
00000000000030030300003003003030030000300300000000033000000000000000000000000000003003030030300003000000000330000000000000000000
00000000000030030300003003000300030000300300000000003000000000100000000000000000003330030030300003000000000030000000000000000000
00000000000033300300003333000300033300333000000001003000000000000000000010000000003003033330300003000010000030000000000000000000
00000000000030000300003003000300030000303000000000003000000000000000000000000000003003030030300003000000000030000000000000000000
00000000000030000333303003000300033330300300000000003000000000000000100000000000003330030030333303333000000030000000000000000000
00000000000000000000000000000000000000000000000000000000000000010000000000000010000000000000000000000000000000000000000000000000
