00000000000000000000000000000000000000000000000000000000000000000000000000000000000000000000000000000000000000000000000000000000
00000000000000000000000000000000000000000000000000000000000000000000000000000000000000000000000000000000000000000000000000000000
00000000000000000000000000000000000000000000000000000000000000000000000000000000000000000000000000000000000000000000000000000000
00000000000000000000000000000000000000000000000000000000000000000000000000000000000000000000000000000000000000000000000000000000
00000000000000000000000000000000000000000000000000000000000000000000000000000000000000000000000000000000000000000000000000000000
00000000000000000000000000000000000000000000000000000000000000000000000000000000000000000000000000000000000000000000000000000000
00000000000000000000000000000000000000000000000000000000000000000000000000000000000000000000000000000000000000000000000000000000
00000000000000000000000000000000000000000000000000000000000000000000000000000000000000000000000000000000000000000000000000000000
00000000000000000000000000000000000000000000000000000000000000000000000000000000000000000000000000000000000000000000000000000000
30000030333333000333330033000330003333300000000033333300003333000333330003333300000000000000000000000000000000000000000000000000
33030330333333303333333033300330033333300000000033333330003333003333333033333330000000000000000000000000000000000000000000000000
33030330330003303300033033330330333000000000000033003330000330003300033033300000000000000000000000000000000000000000000000000000
33333330330033303300033033333330330033300000000033333300000330003300033003333300000000000000000000000000000000000000000000000000
03333300333330003300033033033330333003300000000033003330000330003300033000003330000000000000000000000000000000000000000000000000
03303300330333003333333033003330033333300000000033333330003333003333333033333330000000000000000000000000000000000000000000000000
03000300330033300333330033000330003333300000000033333300003333000333330003333300000000000000000000000000000000000000000000000000
00000000000000000000000000000000000000000000000000000000000000000000000000000000000000000000000000000000000000000000000000000000
00000000000000000000000000000000000000000000000000000000000000000000000000000000000000000000000000000000000000000000000000000000
00000000000000000000000000000000000000000000000000000000000000000000000000000000000000000000000000000000000000000000000000000000
00000000000000000000000000000000000000000000000000000000000000000000000000000000000000000000000000000000000000000000000000000000
00000000000000000000000000000000000000000000000000000000000000000000000000000000000000000000000000000000000000000000000000000000
00000000000000000000000000000000000000000000000000000000000000000000000000000000000000000000000000000000000000000000000000000000
00000000000000000000000000000000000000000000000000000000000000000000000000000000000000000000000000000000000000000000000000000000
00000000000000000000000000000000000000000000000000000000000000000000000000000000000000000000000000000000000000000000000000000000
00000000000000000000000000000000000000000000000000000000000000000000000000000000000000000000000000000000000000000000000000000000
00333300003330003300033033000330033333000333333000000000003333000333330033000330033333300033330033000330330003303333333000000000
03333330033333003330033033300330333333300333333000000000033333303333333033300330033333300033330033300330330003303333333000000000
33000330333033303333033033330330330003300003300000000000330003303300033033330330000330000003300033330330330003303300000000000000
33000000330003303333333033333330330003300003300000000000330000003300033033333330000330000003300033333330330003303333300000000000
33300330333333303303333033033330330003300003300000000000333003303300033033033330000330000003300033033330333033303300000000000000
03333330330003303300333033003330333333300003300000000000033333303333333033003330000330000033330033003330333333303333333000000000
00333300330003303300033033000330033333000003300000000000003333000333330033000330000330000033330033000330033333003333333000000000
