00000000000000000000000000000000000000000000000000000000000000000000000000000000000000000000000000000000000000000000000000000000
03000300030000000300030003000000030003000300000000000000000000000000000000000000000000000000000000000000000000000000000000000000
30303030303000003000303030000000300030303000000000000000000000000000000000000000000000000000000000000000000000000000000000000000
00300300030000003300303033000000330000303300000000000000000000000000000000000000000000000000000000000000000000000000000000000000
03000030003000003030033030300000303003003030000000000000000000000000000000000000000000000000000000000000000000000000000000000000
30003030303000003030003030300000303030003030000000000000000000000000000000000000000000000000000000000000000000000000000000000000
33300300030003000300330003000300030033300300000000000000000000000000000000000000000000000000000000000000000000000000000000000000
00000000000000000000000000000000000000000000000000000000000000000000000000000000000000000000000000000000000000000000000000000000
00000000000000000000000000000000000000000000000000000000000000003333330000000000000000000000000000000000000000000000000000000000
00000000000000000000000000000000000000000000000000000000000000333222230000000000000000000000000000000000000000000000000000000000
00000000000000000000000000000000000000000000000000000000000003323333330000000000000000000000000000000000000000000000000000000000
00000000000000000000000000000000000000000000000000000000000033333000000000000000000000000000000000000000000000000000000000000000
00000000000000000000000000000000000000000000000000000000000333300000000000000000000000000000000000000000000000000000000000000000
00000000000000000000000000000000000000000000000000000000003333000000000000000000000000000000000000000000000000000000000000000000
00000000000000000000000000000000000000000000000000000000003330000000000000000000000000000000000000000000000000000000000000000000
00000000000000000000000000000000000000000000000000000000033300333330000000000000000000000000000000000000000000000000000000000000
00000000000000000000000000000000000000000000000000000000032303322233300000000000000000000000000000000000000000000000000000000000
00000000000000000000000000000000000000000000000000000000032333333332330000000000000000000000000000000000000000000000000000000000
00000000000000000000000000000000000000000000000000000000032233300033230000000000000000000000000000000000000000000000000000000000
00000000000000000000000000000000000000000000000000000000032330000003333000000000000000000000000000000000000000000000000000000000
00000000000000000000000000000000000000000000000000000000032300000000323000000000000000000000000000000000000000000000000000000000
00000000000000000000000000000000000000000000000000000000033300000000323000000000000000000000000000000000000000000000000000000000
00000000000000000000000000000000000000000000000000000000003330000000323000000000000000000000000000000000000000000000000000000000
00000000000000000000000000000000000000000000000000000000003333000003333000000000000000000000000000000000000000000000000000000000
00000000000000000000000000000000000000000000000000000000000333333333330000000000000000000000000000000000000000000000000000000000
00000000000000000000000000000000000000000000000000000000000033222233300000000000000000000000000000000000000000000000000000000000
00000000000000000000000000000000000000000000000000000000000003333330000000000000000000000000000000000000000000000000000000000000
00000000000000000000000000000000000000000000000000000000000000000000000000000000000000000000000000000000000000000000000000000000
00000000000000000000000000000000000000000000000000000000000000000000000000000000000000000000000000000000000000000000000000000000
00000000000000000000000000000000000000000000000000000000000000000000000000000000000000000000000000000000000000000000000000000000
00000000000000000000000000000000000000000000000000000000000000000000000000000000000000000000000000000000000000000000000000000000
00000000000000000000000000000000000000000000000000000000000000000000000000000000000000000000000000000000000000000000000000000000
