00000001100000000000000000000000000001110000000000000000000000000001000000000000000000000000000000000000000000000000000000000000
00000000000000000000000000000000000000100000000000000000000000000000000000333000003330000033300000333000003330000033300000000000
00000000000000000000000000000000000000000000000000000000000000000100000000000300030000000300030003000300030003000300000000000000
00000000000000000000000100000000000000000000000000100001000000000000000000000300030000000300030003000300030003000300000000000000
00000000000000000000001000000000000000000000000001110000000000000000000000000300030000000300030003000300030003000300000000000000
00000000000000000000000000000000000000000000000000100000000010000000000000333000003330000000000000000000000000000033300000000000
00000000000000000000000000000000000000000000000000000000000000000000001003000000000003000300030003000300030003000000030000000000
00000000000000000000000000000000000000000000000000000100000000000000000003000000011103000300030003000300030003000000030000000100
00000000000000000000000000000000000000000000000000000000000000000000000003000000000003000300030003000300030003000000030000001110
00000000000000000000000000000000000000000000000000000000001000000000000000333000003330000033300000333000003330000033300000000100
00000000100000000000000000000000000000000000000000000000000000000000000100000000000000000000003000000000000000000000000000000000
00000001110000000000000000000000000000000000000000000000000000000000000000000000000000000000100000000000000000000000000000000000
00000000100000000000000000000000000100000000000000000000000100000000000000001000000000000000010000000000000000000000000000000000
00000000000000000000000000000000001110000000000000001000000000010001010000000000000000000000000000000000000000010000000000000000
00000000000000000000000000000000000100000000000000000000000000000000000000000000000000000000000000000000000000001000000000000000
00000000000000000000000000000000000000000000000000000000000000000000000100000000000000000000000000000000000000000000000000000000
00000000000000000000000000000000000000000000000000100001000001000000000000000000000000000000000000000000000000000000000000000000
00000000000000000000000000000000000000000000000000000000000000000000000000000000000000000000000001000000000000000000000000000000
00000000000000000000000000000000000000000000000000000000000000000001000100010000000000000000000000100000000000000000000000000000
00000000000000000000000000000000000000000000000000000000000100000000010000000000001000000000000000000000000000000000000000000000
00000000000000000000000000000000000000000001000000000001000000000000000000000000000010000000000000000000000000000000000000000000
00000000000000000000000000000010000000000010000000000000000000000000000000000010000000000000000000000000000000000000000000000000
00000000000000000000000000000100000000000000000001000000000000000010000000000000000000000000000000000000000000000000000000000000
00001000000000000000000000000000000000000000000000000000010000001000000000000000000000000000000000000000000000000000000000000000
00010000000000000000000000000000000000000000000000000010000000000000000100000000000000000000000000000000000000000000000000000000
00000000000033300300000330030003033330333000000000003000000000000000000000000000003330003300300003000000000330000000000000000000
00000000000030030300003003003030030000300300000000033000000000000001000000010000003003030030300003000000003003000000000000000000
00000000000030030300003003000300030000300300000000003000000010001000000000000000003330030030300003000000000003000000000000000000
00000000000033300300003333000300033300333000000000003000000000000000000000000000003003033330300003000000000330000000000000000000
00000000000030000300003003000300030000303001000000003010000000000000000000001000003003030030300003000000003000000000000000000000
00000000000030000333303003000300033330300301000000003000000000000000000000000100003330030030333303333000003333000000000100000000
00000000000000000000000000000000000000000001100000000000000000000000000000000000000000000000000000000000000000000000001110000000
