00000000000000000000000000000000000000000000000000000000000000000000000000000000000000000000000000000000000000000000000000000000
00000000000000000000000000000000000333333300000000000333333000000000000333333330000333330000000000003333300000000003333300030000
00333333333333333300000000000000333333333333300000000333333300000000000333333330000333331000000000003333310000000333333333330000
00113333311111133333000000000003333111111133330000000001333330000000000011331111000033311000000000000333110000033331111133331000
00001333311111113333300000000033331111000013333000000000333333000000000011331111000033310000000000000333100000033311100013331000
00000333310000000333300000000333311100000000333300000000033333000000000000331000000033310000000000000333100000333110000001331000
00000333310000000033310000003333110000000000033330000000033333300000000000331000000033310000000000000333100000333110000000131000
00000333310000000033331000003331110000000000003333000000033333330000000000331000000033310000000000000333100000333100000000031000
00000333310000000033331000033331100000000000003333000000033133333000000000331000000033310000000000000333100000333300000000011000
00000333310000000033331000033311100000000000003333100000033103333300000000331000000033310000000000000333100000333310000000000000
00000333310000000033311000333311000000000000000333300000000000333300000000331000000003310000000000000333100000000333000000000000
00000333310000000333311000333311000000000000000333310000333330033300333300331000333300310000000033330033100033330033300033330000
00000333310000003333111000333311000000000000000333310003333333003003333330031003333330010000000333333003100333333003300333333000
00000333310000333331110000333310000000000000000333310033300033300033000033000033000033000000003300003300003300003300003300003300
00000333333333333311100000333310000000000000000333311033003003300330000003300330000003300000033000000330033000000330033003000330
00000333311111133333300000333310000000000000000333311033033103300330330003300330000003300000033000000330033000000330033033300330
00000333311111111333300000333310000000000000000333311000033103300330333003300330000003300000033000000330033000000330033033330330
00000333310000000133330000333310000000000000000333311000033003300330333303300330000003300000033000000330033000000330033033330330
00000333310000000033333000333310000000000000000333311000033033000330333303300330000003300000033000000330033000000330033033330330
00000333310000000003333100333310000000000000000333310000030033000330333303300330000003300000033000000330033000000330033013330330
00000333310000000003333100033311000000000000003333110000000330000330033303300330000003300000033000000330033000330330033003330330
00000333310000000003333100033331000000000000003333110000003300000330003303300330000003300000033000000330033000330330033000330330
00000333310000000003333100003331000000000000003333110000033000000330000303300330000003300000033000000330033000330330033000330330
00000333310000000033331100003333000000000000033331100000330000000330000003300330000003301000033000000330033000300330033000300330
00000333310000000033331100000333300000000000333311100003300000000033000033000033000033000000003300003300003300003300003300003300
00000333310000000333311100000033330000000003333111000033333333300003333330031003333330030330000333333001100333333000000333333000
00003333330000333333111000000013333000000033331110000333333333300000333300331000333300330330330033330011000033330030000033330000
03333333333333333311110000000001133333333333111100000000000000000000000000031000000000010000333000000110000000000333333000000100
00000111111111111111100000000000011333333311111000000000011110000000000000011000000000001113333331111000000000331133333311111000
00111111111111111110000000000000000111111111100000000011111111100000000000001000000000000011111111100000000000001111111111100000
00000000000000000000000000000000000000000000000000000000000000000000000000000000000000000000000000000000000000000000000000000000
00000000000000000000000000000000000000000000000000000000000000000000000000000000000000000000000000000000000000000000000000000000
