00000000000000000000000000000000000000000000000000000000000000000000000000000000000000000000000000000000000000000000000000000000
00000000000000000000000000000003300000000000300000000000000030000000333300000000333300000000000033330000000033330000000033330000
00000000000010000000000000000033300000000003300000000000000330000003333330000003333330000000000333333000000333333000000333333000
00000000000000000000000000000333300000000003300000000000000330010033000033000033000033000000003300003300003300003300003300003300
00000001000000000000000000000003300000000033300000000000003330000330000003300330000003301000033000000330033000100330033000000330
00000000000000000000000000000003300000000033300000000000003330000330000003300330000003300000033000000330033000000330033000000330
00000000000000000000000000000003300000000333300000000000033330000330000003300330000003300000033000000330033000000330033000000330
00000000000000000000000000000003300000003303300000000000330330000330000003300330000003300000033000000330033000000330033000000330
00000000000000010000000000000003300000003303300000001000330330010330000003300330000003300000033000100330033000000330033000000330
00000000000000000000000000000003300000033003301000000003300330000330000003300330000003300000033000000330033000000330033000000330
00000000000000000000000000000003300000333003300000000033300330000330100003300330000003300000033000000330033000000330033000000330
00000000000000000000000000000003300003330003300000000333000330000330000003300330000003300000033000000330033000000330033000000330
00000000000000000000000000000003300003333333333000010333333333300330000003300330000003300000033000000330033000000330033000000330
00000000000000000000000100000003300003333333333000000333333333300330000003300330000003300000033000000330033000000330033000000330
00000000000000000000000000000002300000000003300000000000000330000033000033000033000033000000003300003300003300003300003300003300
00000000000000000000000000000000300000000003300003300010000330000003333330000003333330000330000333333000000333333000000333333000
00000000000000001000000000000000300000000003300003300000000330000000333300000000333300000330000033330000000033330000000033330000
00000000000010000000000000000000000000010000000000000000000000000100000000000000000000000000000000000000000000000000000000000000
00000000000000000000000000000000000000000000000000000000000001000000000000000000000000000000000000000000000000000000000000000000
00000000000000000000000000000000000000000000000000000010000000000010000000000000000000000000000000000000000000000000000000000000
00000000000000000000000010000000000000000000000000000000000000000000000000000000000000000000000000000000000000000000000000000000
00001000000000000000000000000000000000000000000010000000000000001000000000000000000000000000000000000000000000000000000000000000
00000000000000000000000000000000000000000001000000000000100001000000000000000000000000000000000000000000000000000000000000000000
00000000000000000000000000000000001000000000000000001000000000000000010000000000000000000100000000000000000000000000100000000000
00000000000000000000000000000000000000000000000000000000000000000100000000000000000000000000000000000000000000000000000000000000
00000000000000330300300330003300333000330033300000003000000000100000000000000000033000300300003000033303030333033000300000000000
00000000000000030300303003030030300303003030030000033000001000000000000000000000030303030300030300030003030030030303030000000000
00000000000000030300303000030030300303003030030010003000000000000000000000000000033003030300030300030000300030030303030000000000
00000000100000030300303033033330300303003033330000003000000000000000001000000100030303030300033300033000300030033303330000000000
00000000000030030300303003030030300303003030300000003001000000000001000000000000030303030300030300030003030030033003030000000100
00000000000003300033000330030030333000330030030000003000000000000000000000000000033300300333030300033303030030030303030000000000
00000000000000000000000000000000000000000000000000000000000000000000000000000000000000000000000000000000000000000000000000000000
