10000033000000000000000000000000000000000000000000000000100011123322112333323332111111122333232333333333222222333333333200000000
10333033000000000000030003000300000003000300030000000000100111123322211222312332011111111233332333333333222222333333333310000000
10333033000000000000300030303030000030303030303000000000000111113322111111210233111111111122332223333333322322333333333320000000
10033033000000000000303030303030000030303030303000000000000111112322112100100022000111111111233222333333332222233333333331000000
13033033000000000000333030303030000030303030303000000000210101111322211201100121110011111111123322233333333222233333333332000000
12033033000000000000003030303030000030303030303000000000321010111233211111110111121000001111112332223333333222232333333333000000
12033033000000000000003003000300030003000300030000000000332110111123321211110000000000001101112232223333333322222333333333100000
12033033000000000000000000000000000000000000000000000000333221111112332222121000011000000000111233222233333332223333333333200000
12000033333333331001111111111111111233333333333333333333333333310101122333332221123200000000011123222233333332223333333333300000
01122222223333331001011101110111111133333333333333333333333333320001111233333333333322000000011113322223333333222333333333310000
12222222223333321000110001111111111133333333333333332333332333310001110233333333333333200000001112332223333333222233333333320000
12333333333333321110110001100111110133333333333332211233321133320001110133333333333333310000001102332223333333222233333333320000
12222122222222221111110011001111110233333333333321110122222223310011000133333333323333320000001111332223333333222233333333330000
12101110111111111111111111101111110122332332233321111222222233210111000233333331212323321000000111332122333333222233333333330000
12100111111111111111111000000000000001111111112222011111211111111111110123333221222322100000000111232122333333222233333333330000
12211111111111111111111111110111112112122212222232111111111111111111111223333111111100000000000111232122333333322233333333330000
12211222122222222221111111112222222233222322333332222222222222222222223333332101111000000000001111232122333333222333333333330000
12222222222222222222122122222222232333222322233333333333333333333333333333332111110000000000000111232122333333222233333333330000
12222222222222222222222222222233332222323332332333333333333333333333333333321101110000000000000001233112333333222233333333320000
12322222222222222232222222222233333333333333333333333333333333333333333322210001000000000000000001232112333333222223333333320000
12222222222223322332222222222223333233333333333332322222222333333333333321100000000000000000000011232112333333212223333333310000
12222233222222222223333222322222222233233333333331111001101333333333333322100000000000000000001111332122333333222223333333310000
12222222222221111122233333323333333333333333333331000000000233333333333333220000000000000000000111332122333333222223333333300000
12221111100000000001133333333333333333333333333332100000000123333333333333331000000000000000000101321223333333222223333333200000
13210000000000000000000000000000000000000033333333300000000013333333333333333100000000000000000000021223330000222233333333100000
13320000000033300300000330030003033330333003333333003000000002333333333333333210003330003300300003011223300330022223333332100000
13321000000030030300003003003030030000300303333333033000000001333333333333333321003003030030300003012233303003022233333332000000
13332000000030030300003003000300030000300303333333003000000000233333333333333332003330030030300003012233300003022233333331000000
13333200000033300300003333000300033300333003333333303000010000133333333333333333103003033330300003022233300330022223333320000000
13333200000030000300003003000300030000303003333333303020000000023333333333333333203003030030300003000033303000022233333210000000
13333320000030000333303003000300033330300303333333303031000000012333333333333332103330030030333303333033303333022233333100000000
13333320000000000000000000000000000000000003333333300032100000001333333333332221000000000000000000000033200000023333332000000000
