13322220000000000000000000000000000000000000122222222222222000222233333333333333333320000000000000000000000000000000000000000000
13332210000000000000000000000000000000000000222222222222220000222233333333333333333320000000000000000000000000000000000000000000
13332210000000000000000000000000000000000000000002222222220000222333333333333333333331000000000000000000000000000000000000000000
13333220000000000000000000000000000000000000000002222222220000223333333333333333333331000000000000000000000000000000000000000000
13333220000000000000000000000000000000000000000002222222222000223233333333333333333332000000000000000000000000000000000000000000
13333210000000000000000000000000000000000000000002221222222000222333333333333333333332000000000000000000000000000000000000000000
13333210000000000000000000000000000000000000000002222222222000222233333333333333333333000000000000000000000000000000000000000000
13333320000000000000000000000000000000000000000002222222222000222333333333333333333333100000000000000000000000000000000000000000
13333321111111112222233333333333333333333333222122222222222222223333333333333333333333100000000000000000000000000000000000000000
13333331111111112122222333333333333333333333221111222222222222222333333333333333333333200000000000000000000000000000000000000000
13333331111111111122223333333333333333333333222222222222222222222233333333333333333333100000000000000000000000000000000000000000
13333331111111111122223333333333333333333333222222212222222222222233333333333333333333200000000000000000000000000000000000000000
13333332111111112122223333333333333333333333222222122222222222322233333333333333333333200000000000000000000000000000000000000000
13333332111111111122223333333333333333333333222222212222222222223233333333333333333333200000000000000000000000000000000000000000
13333332111111111122223333333333333333333333222211222222222222222233333333333333333333200000000000000000000000000000000000000000
13333332111111111112222333333333333333333333322212222222222222222333333333333333333333200000000000000000000000000000000000000000
12333332111111111112222333333333333333333333222212212222222222223333333333333333333333200000000000000000000000000000000000000000
12333333111111111112222233333333333333333333322211122222222222222322333333333333333333200000000000000000000000000000000000000000
12333333111111111112223333333333333333333333222111111222222222222322333333333333333333200000000000000000000000000000000000000000
02333333111111111112223333333333333333333333322111111122222222222223333333333333333333200000000000000000000000001121111113211122
22222222222222222222223333333333333333333333333333333333333222110000000000000000000000000000000000000000011111111111111122100122
22222222222222222222222233333333333333333333333333333333333322211111000000000000000000000000000000000000011111111222111222100222
22222222222223322222222233333333333333333333333333333333333333322121000000000000000000000000000000000000011111111222111222111222
22222222222222322222222333333333333333333333333333333333333333333222111100000000000000000000000000011100001111111122111222222222
22222222222222222222222333333333333333333333333333333333333333333333222110000000000000000000000000011000100111012112112222222222
22222222222222222222222322333333233333333333333333333333333333333333332221000000000000000000000000000000111111001211112222222222
22222222222222232222222222233333333333333333333333333333333333333333333332110000000000000000000000000011111111001111122222222211
22222222222222222322222222222222333333333333333333333333333333333333333333221000000000000000000000000000111111101111122222221100
22222222222222222222211111222222222232233333333333333333333333333333333333332111000000000000000000000000011101211111112222221110
22222222222222222222111111122222222222222223333333333333333333333333333333333211000000000000000000000000011110121111111222112110
22222222222222222222111111122222222222222222333333333333333333333333333333333322210000000000000000000000001110021111122222122110
22222222222222222211111111112122222222222222233333333333333333333333333333333333211000000000000000000000001111011111122222111110
