00000000000000000000000000000000000000000000000000000000333333333333222300000000000000000000000000000000000000000000000000000000
00333000000000000000000000000000000000000300000000000000333333333333333303333300000000000000000000000000000000000300000000000000
00333000000000000000000000000000000000003030000000000000121111222233333333333330000000000000000000000000000000003030000000000000
00033000000000000000000000000000000000003030000000000000232000121133323333003330000000000000000000000000000000003030000000000000
00033000000000000000000000000000000000003030000000000000212000021123301100033300000000000000000000000000000000003030000000000000
00033000000000000000000000000000000000003030000000000000000000011012110103333000000000000000000000000000000000003030000000000000
00033000000000000000000000000000000000000300000000000000000001000001110033333330000000000000000000000000000000000300000000000000
00033000000000000000000000000000000000000000000000000000000022221111100033333330000000000000000000000000000000000000000000000000
00000000000000002333112333333333320000112222222333332110000133333333221000000000212222211110133333333333333333331123222223223200
00000000000000002332111333333333320001012222222322332210000133333333332100002333333332111100223333333333333333332133332233322200
00000000000000002332112333333333310000112222222222232210000133333333332100001233333332111101222333333323333333333122111133322100
00000000000000000000000000000000000000000000000000000000000133333333332100000002000000000000000000000000000000000000000000000000
03333300000000000000000000000000000000000300000000000000000133333333332200333301000000000000000000000000000000000300000000000000
03333330000000000000000000000000000000003030000000000000000133333333332203333301000000000000000000000000000000003030000000000000
00003330000000000000000000000000000000003030000000000000000023333333332133303300000000000000000000000000000000003030000000000000
00033300000000000000000000000000000000003030000000000000000023333333332133033330000000000000000000000000000000003030000000000000
33000330000000000000000000000000000000003030000000000000000133333333332233333330000000000000000000000000000000003030000000000000
33333330000000000000000000000000000000000300000000000000000133333333333200003300000000000000000000000000000000000300000000000000
03333300000000000000000000000000000000000000000000000000212333333333333221103301000000000000000000000000000000000000000000000000
00000000000001233211233333333210000000112222223323333333333333333333333333300000000011110100112222122212223333333333223321100000
00000000000001332211233333333100000000112122222222333333333333333333333333320000001011111100122222122222233333322333212331000000
00000000000002332111233333321000000001122222222222233333333333333333333333321100001011111111022222222222223333311233321232100000
00000000000013322112333333320000000012222222222222233333333333333333333223322210111111111111133222222222233333321123332233200000
00000000000123221112333332200000000122222222222222233333333333333333333323222221011111111111233212222232322233332113333223320000
00000000001000000000000000000000000000000022222222300033333333333333233323322222100000000000000000023333321000333112333212210000
00000000012033300300000330030003033330333002222223003032333333333333233223333322103330003300300003033333310030332102222111110000
00000011223030030300003003003030030000300302222233033023333333333322333333333333203003030030300003033332200330111001111111111000
12111222222030030300003003000300030000300302223333003033333333333333333333333333203330030030300003022111000030000000011111111100
01222222111033300300003333000300033300333002233333303033333333333333333333333333103003033330300003000000000030000000000111111100
00111111111030000300003003000300030000303002333333303033333333333233333332222111003003030030300003000000000030000000000011001000
01001111111030000333303003000300033330300303333333303033333333333212111111000000003330030030333303333000000030000000000000001100
01111111111000000000000000000000000000000003333333300033333333322000000000000000000000000000000000000000000000000000000000000000
