00000000000000000000000000000000000000000000000000000000000000000000000000000000000000000233333111111112222211111100000000000000
00000000000000000000000000000000000000000000000000000000000000000000000000000000000000000323333111111112222122111100000000000000
00000000000000000000000000000000000000000000000000000000000000000000000000000000000000001323333111111102233222212110000000000000
00000000000000000000000000000000000000000000000000000000000000000000000000000000000000002323333111111112332222111110000000000000
00000000000000000000000000000000000000000000000000000000000000000000000000000000000000003333333211111113333222112111000000000000
00000000000000000000000000000000000000000000000000000000000000000000000000000000000000013333333311111123333232111111000000000000
00000000000000000000000000000000000000000000000000000000000000000000000000000000000000023333223321111133333322111111000000000000
00000000000000000000000000000000000000000000000000000000000000000000000000000000000000023333223332112333333331111111000000000000
00000000000000000000000000000000000000000000000000000000000000000000000000000000000000123333223333333333333332111111000000000000
00000000000000000000000000000000000000000000000000000000000000000000000000000000000000033333222332233333333332111111000000000000
00000000000000000000000000000000000011111111111111111111111111111111111111111111111111113333222332333333333231112111000000000000
00000000000000000000000000000000011222222222222222222222222222222222222222222222222222202233222232222333332221121110000000000000
00000000000000000000000000000011222222222222222222222222222222222222222222222222222222222232222222221323332222211110000000000000
00000000000000000000000000001222222222222222222222222222222222222222222222222222222222221333332222322323333332111110000000000000
00000000000000000000000001222222222222222222222222222222222222222222222222222222222222220333332223323333333332111110000000000000
00000000000000000000001222222222222222222222222222222222222222222222222222222222222222220233332222333333333331111100000000000000
00000000000000000000001111111111111111111111111111111111111111111111111111111111111111111133322222233333333332111000000000000000
00000000000000000000001111111111111111111111111111111111111111111111111111111111111111111023322222222333333322211000000000000000
00000000000000000000001111111111111111111111111111111111111111111111111111111111111111111103333332222233333331110000000000000000
00000000000000000000001111111111111111111111111111111111111111111111111111111111111111111111333333333333333331100000000000000000
00000000000000000000001111111111111111111111111111111111111111111111111111111111111111221000123333333332223321000000000000000000
00000000000000000000000000000000000000000000000000000000000000000000000000000000000000000000000000000000000000000000000000000000
00000000000000000000000000000000000000000000000000000000000000000000000000000000000000000000000000000000000000000000000000000000
00000000000000000000000000000000000000000000000000000000000000000000000000000000000000000000000000000000000000000000000000000000
00000000000000000000000000000000000000000000000000000000000000000000000000000000000000000000000000000000000000000000000000000000
00000000000000000000000000000000000000000000000001111122111111112211111111111111000000000000000000000000000000000000000000000000
00000000000000000000000000000000001111122222222222222222222222222221121111111111111111111110000000000000000000000000000000000000
00000000000000000000000000012122223333322233333332222222222222222222222211111111111111111111111111110000000000000000000000000000
00000000000000000000112233333333322333333333333333333332323232222222222222221111111111111111111111111111110000000000000000000000
00000000000000122333333333333333333333333333333333333321332233222222222221111211111111111111111111111111111111110000000000000000
00000000112222333333333333333333333333333333333333333322333323223322222222222222222111111111111111111111111111111111100000000000
00001222333333333333333333333333333333333333333333333333333323323333333222222222222222211111111111111111111111111111111111000000
