00000000000000000000000000000000000000000000000000000000000000000000000000000000000000000000000000000000000000000000000000000000
00000000000000000000000000000000000000000000000000000000000000000000000000000000000000000000000000000000000000000000000000000000
00000000000000000000000000000000000000003333333033300033300333333300003333333003333333330000000000000000000000000000000000000000
00000000000000000000000000000000000000033111113331300031303311111330033111113303111111130000000000000000000000000000000000000000
00000000000000000000000000000000000000031333331331300031333133333133331333331333333133330000000000000000000000000000000000000000
00000000000000000000000000000000000000031300031331300031331330003313313300033130003130000000000000000000000000000000000000000000
00000000000000000000000000000000000000031333333331333331331300000313313000003130003130000000000000000000000000000000000000000000
00000000000000000000000000000000000000033111333031111111331300000313313000003130003130000000000000000000000000000000000000000000
00000000000000000000000000000000000000003333113331333331331300000313313000003130003130000000000000000000000000000000000000000000
00000000000000000000000000000000000000033303331331300031331300000313313000003130003130000000000000000000000000000000000000000000
00000000000000000000000000000000000000031300031331300031331330003313313300033130003130000000000000000000000000000000000000000000
00000000000000000000000000000000000000031333331331300031333133333133331333331330003130000000000000000000000000000000000000000000
00000000000000000000000000000000000000033111113331300031303311111330033111113300003130000000000000000000000000000000000000000000
00000000000000000000000000000000000000003333333033300033300333333300003333333000003330000000000000000000000000000000000000000000
00000000000000000000000000000000000000000000000000000000000000000000000000000000000000000000000000000000000000000000000000000000
00000000000000000000000000000000000000000000000000000000000000000000000000000000000000000000000000000000000000000000000000000000
00000000000000000000000000000000000000000000000000000000000000000000000000000000000000000000000000000000000000000000000000000000
00000000000000000000000000000000000000000000000000000000000000000000000000000000000000000000000000000000000000000000000000000000
00000000000000003330003333333333303333333303333333333333333330003330000000003330000333000333333333333033333330000000000000000000
00000000000000003130003133111111333111111333111111133111111133003130000000033133000313300313311111113331111133000000000000000000
00000000000000003130003133133333133133333133133333333133333313003130000000031313000311330313313333333313333313000000000000000000
00000000000000003130003133130003133130003133130000003130000313003130000000031313000313130313313000000313000313000000000000000000
00000000000000003130003133130003133130003133133333333130000313003130000000331313300313133313313333333313333333000000000000000000
00000000000000003130003133133333133133333133111111133133333313003130000000313331300313313313311111113331113330000000000000000000
00000000000000003130003133111111333111111333133333333111111133003130000003313331330313313313313333333033331133000000000000000000
00000000000000003130003133133333303133333303130000003133313330003130000003111111130313331313313000000333033313000000000000000000
00000000000000003133033133130000003130000003130000003130331330003130000033133333133313031313313000000313000313000000000000000000
00000000000000003313331333130000003130000003133333333130033133003133333331330003313313033113313333333313333313000000000000000000
00000000000000000331113303130000003130000003111111133130003313003111111331300000313313003313311111113331111133000000000000000000
00000000000000000033333003330000003330000003333333333330000333003333333333300000333333000333333333333033333330000000000000000000
00000000000000000000000000000000000000000000000000000000000000000000000000000000000000000000000000000000000000000000000000000000
00000000000000000000000000000000000000000000000000000000000000000000000000000000000000000000000000000000000000000000000000000000
