0x0000013c
00000000000000000000000000000000000000000000000000000000000000000000000000000000000000000000000000000000000000000000000000000000
00000000000000000000000000000000000000000000000000000000000000000000000000000000000000000000000000000000000000000000000000000000
00000000000000000000000000000000000000000000000000000000000000000000000000000000000000000000000000000000000000000000000000000000
00000000000000000000000000000000000000000000000000000000000000000000000000000000000000000000000000000000000000000000000000000000
00000000000000000000000000000000000000000000000000000000000000000000000000000000000000000000000000000000000000000000000000000000
00000000000000000000000000000000000000000000000000000000000000000000000000000000000000000000000000000000000000000000000000000000
00000000000000000000000000000000000000000000000000000000000000000000000000000000000000000000000000000000000000000000000000000000
00000000000000000000000000000000000000000000000000000000000000000000000000000000000000000000000000000000000000000000000000000000
00000000000000000000000000000000000000000000000000000000000000000000000000000000000000000000000000000000000000000000000000000000
00000000000000000000000030000030003330000033330003333330003333003300033000333330000000000000000000000000000000000000000000000000
00000000000000000000000033030330033333000033330003333330003333003330033003333330000000000000000000000000000000000000000000000000
00000000000000000000000033030330333033300003300000033000000330003333033033300000000000000000000000000000000000000000000000000000
00000000000000000000000033333330330003300003300000033000000330003333333033003330000000000000000000000000000000000000000000000000
00000000000000000000000003333300333333300003300000033000000330003303333033300330000000000000000000000000000000000000000000000000
00000000000000000000000003303300330003300033330000033000003333003300333003333330000000000000000000000000000000000000000000000000
00000000000000000000000003000300330003300033330000033000003333003300033000333330000000000000000000000000000000000000000000000000
00000000000000000000000000000000000000000000000000000000000000000000000000000000000000000000000000000000000000000000000000000000
00000000000000000000000000000000000000000000000000000000000000000000000000000000000000000000000000000000000000000000000000000000
00000000000000000000000000000000000000000000000000000000000000000000000000000000000000000000000000000000000000000000000000000000
00000000000000000000000000000000000000000000000000000000000000000000000000000000000000000000000000000000000000000000000000000000
00000000000000000000000000000000000000000000000000000000000000000000000000000000000000000000000000000000000000000000000000000000
00000000000000000000000000000000000000000000000000000000000000000000000000000000000000000000000000000000000000000000000000000000
00000000000000000000000000000000000000000000000000000000000000000000000000000000000000000000000000000000000000000000000000000000
00000000000000000000000000000000000000000000000000000000000000000000000000000000000000000000000000000000000000000000000000000000
00000000000000000000000000000000000000000000000000000000000000000000000000000000000000000000000000000000000000000000000000000000
00000000000000000000000000000000000000000000000000000000000000000000000000000000000000000000000000000000000000000000000000000000
00000000000000000000000000000000000000000000000000000000000000000000000000000000000000000000000000000000000000000000000000000000
00000000000000000000000000000000000000000000000000000000000000000000000000000000000000000000000000000000000000000000000000000000
00000000000000000000000000000000000000000000000000000000000000000000000000000000000000000000000000000000000000000000000000000000
00000000000000000000000000000000000000000000000000000000000000000000000000000000000000000000000000000000000000000000000000000000
00000000000000000000000000000000000000000000000000000000000000000000000000000000000000000000000000000000000000000000000000000000
00000000000000000000000000000000000000000000000000000000000000000000000000000000000000000000000000000000000000000000000000000000

0x0000014d
00000000000000000000000000000000000000000000000000000000000000000000000000000000000000000000000000000000000000000000000000000000
00000000000000000000000000000000000000000000000000000000000000000000000000000000000000000000000000000000000000000000000000000000
00000000000000000000000000000000000000000000000000000000000000000000000000000000000000000000000000000000000000000000000000000000
00000000000000000000000000000000000000000000000000000000000000000000000000000000000000000000000000000000000000000000000000000000
00000000000000000000000000000000000000000000000000000000000000000000000000000000000000000000000000000000000000000000000000000000
00000000000000000000000000000000000000000000000000000000000000000000000000000000000000000000000000000000000000000000000000000000
00000000000000000000000000000000000000000000000000000000000000000000000000000000000000000000000000000000000000000000000000000000
00000000000000000000000000000000000000000000000000000000000000000000000000000000000000000000000000000000000000000000000000000000
00000000000000000000000000000000000000000000000000000000000000000000000000000000000000000000000000000000000000000000000000000000
00000000000000000000000030000030003330000033330003333330003333003300033000333330000000003333333003333300333333000000000000000000
00000000000000000000000033030330033333000033330003333330003333003330033003333330000000003333333033333330333333300000000000000000
00000000000000000000000033030330333033300003300000033000000330003333033033300000000000003300000033000330330003300000000000000000
00000000000000000000000033333330330003300003300000033000000330003333333033003330000000003333300033000330330033300000000000000000
00000000000000000000000003333300333333300003300000033000000330003303333033300330000000003333300033000330333330000000000000000000
00000000000000000000000003303300330003300033330000033000003333003300333003333330000000003300000033333330330333000000000000000000
00000000000000000000000003000300330003300033330000033000003333003300033000333330000000003300000003333300330033300000000000000000
00000000000000000000000000000000000000000000000000000000000000000000000000000000000000000000000000000000000000000000000000000000
00000000000000000000000000000000000000000000000000000000000000000000000000000000000000000000000000000000000000000000000000000000
00000000000000000000000000000000000000000000000000000000000000000000000000000000000000000000000000000000000000000000000000000000
00000000000000000000000000000000000000000000000000000000000000000000000000000000000000000000000000000000000000000000000000000000
00000000000000000000000000000000000000000000000000000000000000000000000000000000000000000000000000000000000000000000000000000000
00000000000000000000000003333000000000003333330000333300033333300333330000000000003333003333330033000330000000000000000000000000
00000000000000000000000033003300000000003333333000333300033333303333333000000000033333303333333033000330000000000000000000000000
00000000000000000000000033333300000000003300333000033000000330003330000000000000330003303300033033000330000000000000000000000000
00000000000000000000000003333000000000003333330000033000000330000333330000000000330000003333333033000330000000000000000000000000
00000000000000000000000033033330000000003300333000033000000330000000333000000000333003303333330033303330000000000000000000000000
00000000000000000000000033000330000000003333333000333300000330003333333000000000033333303300000033333330000000000000000000000000
00000000000000000000000003333300000000003333330000333300000330000333330000000000003333003300000003333300000000000000000000000000
00000000000000000000000000000000000000000000000000000000000000000000000000000000000000000000000000000000000000000000000000000000
00000000000000000000000000000000000000000000000000000000000000000000000000000000000000000000000000000000000000000000000000000000
00000000000000000000000000000000000000000000000000000000000000000000000000000000000000000000000000000000000000000000000000000000
00000000000000000000000000000000000000000000000000000000000000000000000000000000000000000000000000000000000000000000000000000000

0x000001a0
00000000000000000000000000000000000000000000000000000000000000000000000000000000000000000000000000000000000000000000000000000000
03333300333333300333333003333330003333003300033000333330000000000000000000000000000000000000000000000000000000000000000000000000
33333330333333300333333003333330003333003330033003333330000000000000000000000000000000000000000000000000000000000000000000000000
33300000330000000003300000033000000330003333033033300000000000000000000000000000000000000000000000000000000000000000000000000000
03333300333330000003300000033000000330003333333033003330000000000000000000000000000000000000000000000000000000000000000000000000
00003330330000000003300000033000000330003303333033300330000000000000000000000000000000000000000000000000000000000000000000000000
33333330333333300003300000033000003333003300333003333330000000000000000000000000000000000000000000000000000000000000000000000000
03333300333333300003300000033000003333003300033000333330000000000000000000000000000000000000000000000000000000000000000000000000
00000000000000000000000000000000000000000000000000000000000000000000000000000000000000000000000000000000000000000000000000000000
33333000333333303333333000333000330003303300000000000000000000000000000000000000000000000000000000000000000000000000000000000000
33333300333333303333333003333300330003303300000000000000000000000000000000000000000000000000000000000000000000000000000000000000
33003330330000003300000033303330330003303300000000000000000000000000000000000000000000000000000000000000000000000000000000000000
33000330333330003333300033000330330003303300000000000000000000000000000000000000000000000000000000000000000000000000000000000000
33003330330000003333300033333330333033303300000000000000000000000000000000000000000000000000000000000000000000000000000000000000
33333300333333303300000033000330333333303333330000000000000000000000000000000000000000000000000000000000000000000000000000000000
33333000333333303300000033000330033333003333330000000000000000000000000000000000000000000000000000000000000000000000000000000000
00000000000000000000000000000000000000000000000000000000000000000000000000000000000000000000000000000000000000000000000000000000
00000000000000000000000000000000000000000000000000000000000000000000000000000000000000000000000000000000000000000000000000000000
00000000000000000000000000000000000000000000000000000000000000000000000000000000000000000000000000000000000000000000000000000000
00000000000000000000000000000000000000000000000000000000000000000000000000000000000000000000000000000000000000000000000000000000
00000000000000000000000000000000000000000000000000000000000000000000000000000000000000000000000000000000000000000000000000000000
00000000000000000000000000000000000000000000000000000000000000000000000000000000000000000000000000000000000000000000000000000000
00000000000000000000000000000000000000000000000000000000000000000000000000000000000000000000000000000000000000000000000000000000
00000000000000000000000000000000000000000000000000000000000000000000000000000000000000000000000000000000000000000000000000000000
00000000000000000000000000000000000000000000000000000000000000000000000000000000000000000000000000000000000000000000000000000000
00000000000000000000000000000000000000000000000000000000000000000000000000000000000000000000000000000000000000000000000000000000
00000000000000000000000000000000000000000000000000000000000000000000000000000000000000000000000000000000000000000000000000000000
00000000000000000000000000000000000000000000000000000000000000000000000000000000000000000000000000000000000000000000000000000000
00000000000000000000000000000000000000000000000000000000000000000000000000000000000000000000000000000000000000000000000000000000
00000000000000000000000000000000000000000000000000000000000000000000000000000000000000000000000000000000000000000000000000000000
00000000000000000000000000000000000000000000000000000000000000000000000000000000000000000000000000000000000000000000000000000000
00000000000000000000000000000000000000000000000000000000000000000000000000000000000000000000000000000000000000000000000000000000

0x000001c1
00000000000000000000000000000000000000000000000000000000000000000000000000000000000000000000000000000000000000000000000000000000
03333300333333300333333003333330003333003300033000333330000000000000000000000000000000000000000000000000000000000000000000000000
33333330333333300333333003333330003333003330033003333330000000000000000000000000000000000000000000000000000000000000000000000000
33300000330000000003300000033000000330003333033033300000000000000000000000000000000000000000000000000000000000000000000000000000
03333300333330000003300000033000000330003333333033003330000000000000000000000000000000000000000000000000000000000000000000000000
00003330330000000003300000033000000330003303333033300330000000000000000000000000000000000000000000000000000000000000000000000000
33333330333333300003300000033000003333003300333003333330000000000000000000000000000000000000000000000000000000000000000000000000
03333300333333300003300000033000003333003300033000333330000000000000000000000000000000000000000000000000000000000000000000000000
00000000000000000000000000000000000000000000000000000000000000000000000000000000000000000000000000000000000000000000000000000000
33333000333333303333333000333000330003303300000003333330000000003300033000333000330000003300033033333330033333000000000000000000
33333300333333303333333003333300330003303300000003333330000000003300033003333300330000003300033033333330333333300000000000000000
33003330330000003300000033303330330003303300000000033000000000003300033033303330330000003300033033000000333000000000000000000000
33000330333330003333300033000330330003303300000000033000000000003330333033000330330000003300033033333000033333000000000000000000
33003330330000003333300033333330333033303300000000033000000000000333330033333330330000003330333033000000000033300000000000000000
33333300333333303300000033000330333333303333330000033000000000000033300033000330333333003333333033333330333333300000000000000000
33333000333333303300000033000330033333003333330000033000000000000003000033000330333333000333330033333330033333000000000000000000
00000000000000000000000000000000000000000000000000000000000000000000000000000000000000000000000000000000000000000000000000000000
00000000000000000000000000000000000000000000000000000000000000000000000000000000000000000000000000000000000000000000000000000000
00000000000000000000000000000000000000000000000000000000000000000000000000000000000000000000000000000000000000000000000000000000
00000000000000000000000000000000000000000000000000000000000000000000000000000000000000000000000000000000000000000000000000000000
00000000000000000000000000000000000000000000000000000000000000000000000000000000000000000000000000000000000000000000000000000000
33333300333333003333333003333300033333000000000003333300033333300033300033333300033333300000000000000000000000000000000000000000
33333330333333303333333033333330333333300000000033333330033333300333330033333330033333300000000000000000000000000000000000000000
33000330330003303300000033300000333000000000000033300000000330003330333033000330000330000000000000000000000000000000000000000000
33333330330033303333300003333300033333000000000003333300000330003300033033003330000330000000000000000000000000000000000000000000
33333300333330003300000000003330000033300000000000003330000330003333333033333000000330000000000000000000000000000000000000000000
33000000330333003333333033333330333333300000000033333330000330003300033033033300000330000000000000000000000000000000000000000000
33000000330033303333333003333300033333000000000003333300000330003300033033003330000330000000000000000000000000000000000000000000
00000000000000000000000000000000000000000000000000000000000000000000000000000000000000000000000000000000000000000000000000000000
00000000000000000000000000000000000000000000000000000000000000000000000000000000000000000000000000000000000000000000000000000000
00000000000000000000000000000000000000000000000000000000000000000000000000000000000000000000000000000000000000000000000000000000
00000000000000000000000000000000000000000000000000000000000000000000000000000000000000000000000000000000000000000000000000000000

0x000002bb
00000000000000000000000000000000000000000000000000000000000000000000000000000000000000000000000000000000000000000000000000000000
00000000000000000000000000000000000000000000000000000000000000000000000000000000000000000000000000000000000000000000000000000000
00000000000000000000000000000000000000000000000000000000000000000000000000000000000000000000000000000000000000000000000000000000
00000000000000000000000000000000000000000000000000000000000000000000000000000000000000000000000000000000000000000000000000000000
00000000000000000000000000000000000000000000000000000000000000000000000000000000000000000000000000000000000000000000000000000000
00000000000000000000000000000000000000000000000000000000000000000000000000000000000000000000000000000000000000000000000000000000
00000000000000000000000000000000000000000000000000000000000000000000000000000000000000000000000000000000000000000000000000000000
00000000000000000000000000000000000000000000000000000000000000000000000000000000000000000000000000000000000000000000000000000000
00000000000000000000000000000000000000000000000000000000000000000000000000000000000000000000000000000000000000000000000000000000
00000000000000000000000000000000000000000000000000000000000000000000000000000000000000000000000000000000000000000000000000000000
00000000000000000000000000000000000000000000000000000000000000000000000000000000000000000000000000000000000000000000000000000000
00000000000000000000000000000000000000000000000000000000000000000000000000000000000000000000000000000000000000000000000000000000
00000000000000000000000000000000000000000000000000000000000000000000000000000000000000000000000000000000000000000000000000000000
00000000000000000000000000000000000000000000000000000000000000000000000000000000000000000000000000000000000000000000000000000000
00000000000000000000000000000000000000000000000000000000000000000000000000000000000000000000000000000000000000000000000000000000
00000000000000000000000000000000000000000000000000000000000000000000000000000000000000000000000000000000000000000000000000000000
00000000000000000000000000000000000000000000000000000000000000000000000000000000000000000000000000000000000000000000000000000000
00000000000000000000000000000000000000000000000000000000000000000000000000000000000000000000000000000000000000000000000000000000
00000000000000000000000000000000000000000000000000000000000000000000000000000000000000000000000000000000000000000000000000000000
00000000000000000000000000000000000000000000000000000000000000000000000000000000000000000000000000000000000000000000000000000000
00000000000000000000000000000000000000000000000000000000000000000000000000000000000000000000000000000000000000000000000000000000
00000000000000000000000000000000000000000000000000000000000000000000000000000000000000000000000000000000000000000000000000000000
00000000000000000000000000000000000000000000000000000000000000000000000000000000000000000000000000000000000000000000000000000000
00000000000000000000000000000000000000000000000000000000000000000000000000000000000000000000000000000000000000000000000000000000
00000000000000000000000000000000000000000000000000000000000000000000000000000000000000000000000000000000000000000000000000000000
00000000000000000000000000000000000000000000000000000000000000000000000000000000000000000000000000000000000000000000000000000000
00000000000000000000000000000000000000000000000000000000000000000000000000000000000000000000000000000000000000000000000000000000
00000000000000000000000000000000000000000000000000000000000000000000000000000000000000000000000000000000000000000000000000000000
00000000000000000000000000000000000000000000000000000000000000000000000000000000000000000000000000000000000000000000000000000000
00000000000000000000000000000000000000000000000000000000000000000000000000000000000000000000000000000000000000000000000000000000
00000000000000000000000000000000000000000000000000000000000000000000000000000000000000000000000000000000000000000000000000000000
00000000000000000000000000000000000000000000000000000000000000000000000000000000000000000000000000000000000000000000000000000000

0x000002cc
00000000000000000000000000000000000000000000000000000000000000000000000000000000000000000000000000000000000000000000000000000000
00000000000000000000000000000000000000000000000000000000000000000000000000000000000000000000000000000000000000000000000000000000
00000000000000000000000000000000000000000000000000000000000000000000000000000000000000000000000000000000000000000000000000000000
00000000000000000000000000000000000000000000000000000000000000000000000000000000000000000000000000000000000000000000000000000000
00000000000000000000000000000000000000000000000000000000000000000000000000000000000000000000000000000000000000000000000000000000
00000000000000000000000000000000000000000000000000000000000000000000000000000000000000000000000000000000000000000000000000000000
00000000000000000000000000000000000000000000000000000000000000000000000000000000000000000000000000000000000000000000000000000000
00000000000000000000000000000000000000000000000000000000000000000000000000000000000000000000000000000000000000000000000000000000
00000000000000000000000000000000000000000000000000000000000000000000000000000000000000000000000000000000000000000000000000000000
33333330333333303333330033333300033333003300033000000000333333300000000000000000000000000000000000000000000000000000000000000000
33333330333333303333333033333330333333303330333000000000333333300000000000000000000000000000000000000000000000000000000000000000
33000000330000003300033033000330330003303333333000000000330000000000000000000000000000000000000000000000000000000000000000000000
33333000333330003333333033003330330003303333333000000000333330000000000000000000000000000000000000000000000000000000000000000000
33000000330000003333330033333000330003303303033000000000333330000000000000000000000000000000000000000000000000000000000000000000
33333330333333303300000033033300333333303300033000000000330000000000000000000000000000000000000000000000000000000000000000000000
33333330333333303300000033003330033333003300033000000000330000000000000000000000000000000000000000000000000000000000000000000000
00000000000000000000000000000000000000000000000000000000000000000000000000000000000000000000000000000000000000000000000000000000
00000000000000000000000000000000000000000000000000000000000000000000000000000000000000000000000000000000000000000000000000000000
00000000000000000000000000000000000000000000000000000000000000000000000000000000000000000000000000000000000000000000000000000000
00000000000000000000000000000000000000000000000000000000000000000000000000000000000000000000000000000000000000000000000000000000
00000000000000000000000000000000000000000000000000000000000000000000000000000000000000000000000000000000000000000000000000000000
00000000000000000000000000000000000000000000000000000000000000000000000000000000000000000000000000000000000000000000000000000000
00000000000000000000000000000000000000000000000000000000000000000000000000000000000000000000000000000000000000000000000000000000
00000000000000000000000000000000000000000000000000000000000000000000000000000000000000000000000000000000000000000000000000000000
00000000000000000000000000000000000000000000000000000000000000000000000000000000000000000000000000000000000000000000000000000000
00333300003330003300033033000330033333000333333000000000003333000333330033000330033333300033330033000330330003303333333000000000
03333330033333003330033033300330333333300333333000000000033333303333333033300330033333300033330033300330330003303333333000000000
33000330333033303333033033330330330003300003300000000000330003303300033033330330000330000003300033330330330003303300000000000000
33000000330003303333333033333330330003300003300000000000330000003300033033333330000330000003300033333330330003303333300000000000
33300330333333303303333033033330330003300003300000000000333003303300033033033330000330000003300033033330333033303300000000000000
03333330330003303300333033003330333333300003300000000000033333303333333033003330000330000033330033003330333333303333333000000000
00333300330003303300033033000330033333000003300000000000003333000333330033000330000330000033330033000330033333003333333000000000

0x000002ed
00000000000000000000000000000000000000000000000000000000000000000000000000000000000000000000000000000000000000000000000000000000
00000000000000000000000000000000000000000000000000000000000000000000000000000000000000000000000000000000000000000000000000000000
00000000000000000000000000000000000000000000000000000000000000000000000000000000000000000000000000000000000000000000000000000000
00000000000000000000000000000000000000000000000000000000000000000000000000000000000000000000000000000000000000000000000000000000
00000000000000000000000000000000000000000000000000000000000000000000000000000000000000000000000000000000000000000000000000000000
00000000000000000000000000000000000000000000000000000000000000000000000000000000000000000000000000000000000000000000000000000000
00000000000000000000000000000000000000000000000000000000000000000000000000000000000000000000000000000000000000000000000000000000
00000000000000000000000000000000000000000000000000000000000000000000000000000000000000000000000000000000000000000000000000000000
00000000000000000000000000000000000000000000000000000000000000000000000000000000000000000000000000000000000000000000000000000000
33333330333333303333330033333300033333003300033000000000333333300033300000333300330000003300033033333300333333300000000000000000
33333330333333303333333033333330333333303330333000000000333333300333330000333300330000003300033033333330333333300000000000000000
33000000330000003300033033000330330003303333333000000000330000003330333000033000330000003300033033000330330000000000000000000000
33333000333330003333333033003330330003303333333000000000333330003300033000033000330000003300033033003330333330000000000000000000
33000000330000003333330033333000330003303303033000000000333330003333333000033000330000003330333033333000330000000000000000000000
33333330333333303300000033033300333333303300033000000000330000003300033000333300333333003333333033033300333333300000000000000000
33333330333333303300000033003330033333003300033000000000330000003300033000333300333333000333330033003330333333300000000000000000
00000000000000000000000000000000000000000000000000000000000000000000000000000000000000000000000000000000000000000000000000000000
00000000000000000000000000000000000000000000000000000000000000000000000000000000000000000000000000000000000000000000000000000000
00000000000000000000000000000000000000000000000000000000000000000000000000000000000000000000000000000000000000000000000000000000
00000000000000000000000000000000000000000000000000000000000000000000000000000000000000000000000000000000000000000000000000000000
00000000000000000000000000000000000000000000000000000000000000000000000000000000000000000000000000000000000000000000000000000000
00000000000000000000000000000000000000000000000000000000000000000000000000000000000000000000000000000000000000000000000000000000
00000000000000000000000000000000000000000000000000000000000000000000000000000000000000000000000000000000000000000000000000000000
00000000000000000000000000000000000000000000000000000000000000000000000000000000000000000000000000000000000000000000000000000000
00000000000000000000000000000000000000000000000000000000000000000000000000000000000000000000000000000000000000000000000000000000
00333300003330003300033033000330033333000333333000000000003333000333330033000330033333300033330033000330330003303333333000000000
03333330033333003330033033300330333333300333333000000000033333303333333033300330033333300033330033300330330003303333333000000000
33000330333033303333033033330330330003300003300000000000330003303300033033330330000330000003300033330330330003303300000000000000
33000000330003303333333033333330330003300003300000000000330000003300033033333330000330000003300033333330330003303333300000000000
33300330333333303303333033033330330003300003300000000000333003303300033033033330000330000003300033033330333033303300000000000000
03333330330003303300333033003330333333300003300000000000033333303333333033003330000330000033330033003330333333303333333000000000
00333300330003303300033033000330033333000003300000000000003333000333330033000330000330000033330033000330033333003333333000000000

