00000100000000000000000000000000000000000100000000000000000000000000000000000000000000000000000000000100000000100000000000000000
00001110000000000100000001000000000000000000000000000000000000010000000000000000000000000000000000000000000000000000000000000000
00000100000000000000000000000000001000000000000000000100000000000000000000000000000000000000000000000000000000000000001000000000
00000000000000000000000000000000000000000000000000000000000000000000000000000000000000000000100000000000000000000000011100000000
00000000000000000000000000000000000000000000000000000000010000000000000000000000000000000000000000000000000000000000001000000000
00000000000000000000000000000000000000000000001000000000000000000000000001000000000000000000000000000000000000000000000000000000
00000000000000000000000000000000000000000000000000000000000000000000100000000000001000000000000000000000000000000000000000000000
00000000100000000000000000000000000000000000000000010000000000001000000000000000000000000000000000000000100000000000000000000000
00000000000000000000000000000000000000000000000000000000000000000000000000001000000000000000000000000000000000000100000000000000
00000000000000000000000000001000000000000000100000000000100010000000000000000000000000000000000000000000000000000000000000000000
00000000000000000000000000000000000000000000000000000000000000000000010000000000000000000000000000000000000000000000000000000000
00000000000000000000000000000000000000000000000000000000000000000000000000000000000000000000000000000000000000000000000000000000
00000000000000000000000000000000000000100000000000000000001000000000000000100000000000000000000000000000000000000000000000000000
00000000000000000100000000000000000000000000000000000000000001000101000000000000001000000000000000000000000000000000000000100000
00000000000000000000000000000000000000000000000000000000000000000000000000000000000000000000000000000000000000000000000000000000
00000000000000000000000000000000000000000000000000000000000000000000001000001000000000000000000010000000000000010000000000000000
00000000000000000000000000001000000000000000000100000100000100000000000000000000000000000000000000000000000000000000000000000000
00000000001000000000000000000000000010000000000000000000000000000100010000000000000000000000000000000000000000000000000000000000
00000100000000000000000000000000000000000100000000000000000000100000000000100000000000000000000000000000000000000000000000000000
00000000000000000000000000000000000000000000000000000000000000000000000000000000000000000000000000000000000000000000000000000000
00000000000000000000000000000000000000000000000000000100010000000001000000000000000000000000000000000000000000000000000000000000
00000000000000000001000000000000000000000000000000000000000000000000000000000000100000000000000000000000000000000000000000000000
00000000000000000000000000000000000000000000001000000000000000000100000000000000000000000000000000000000000000000000000000000000
00000000000000000000000000000000000000000000000000000000000000000000000000000000000000000000000000000000000000000000000000000000
00000000000000000000000000000000000000000000000000000001000000100000000000000000000000000000000000000000000000000000000000000000
00000000000000330300300330003300333000330033300000003000000000000000001000000000000333000330030000033000000030000000000000001000
00000000000000030300303003030030300303003030030000033000000000000010000000000000000300303003030000300300000330000000000000000000
00000000000000030300303000030030300303003030030000003000000000100000000000000000000333003003030000300300000030000000000000000000
00000000001000030300303033033330300303003033330000003000010000000000000000000000000300303003030000333300000030000000000000000000
00000000000030030300303003030030300303003030300000003000000000000000000000000000000300303003030000300300000030000000000000000000
10000000000003300033000330030030333000330030030000003000000000000000000100000000000333000330033330300301000030000010000000000000
00000000000000000000000000000000000000000000000000000000000000000000100000000000100000000000000000000010000000000000000000100000
