00000000000000000000000000000000011111101111111000111100110001101100011000111100001111000011100011000000000000000000000000000000
00000000000000000000000000000000011111101111111001111110110001101110011000111100011111100111110011000000000000000000000000000000
00000000000000000000000000000000000110001100000011000110110001101111011000011000110001101110111011000000000000000000000000000000
00000000000000000000000000000000000110001111100011000000111111101111111000011000110000001100011011000000000000000000000000000000
00000000000000000111110000000000000110001100000011100110111111101101111000011000111001101111111011000000000000000111110000000000
00000000000000000000000000000000000110001111111001111110110001101100111000111100011111101100011011111100000000000000000000000000
00000000000000000000000000000000000110001111111000111100110001101100011000111100001111001100011011111100000000000000000000000000
00000000000000000000000000000000000000000000000000000000000000000000000000000000000000000000000000000000000000000000000000000000
11111100011111000011100011111100111110000000000001111110111111100111110001111110000000000000000000000000000000000000000000000000
11111110111111100111110011111110111111000000000001111110111111101111111001111110000000000000000000000000000000000000000000000000
11001110110001101110111011000110110011100000000000011000110000001110000000011000000000000000000000000000000000000000000000000000
11111100110001101100011011001110110001100000000000011000111110000111110000011000000000000000000000000000000000000000000000000000
11001110110001101111111011111000110011100000000000011000110000000000111000011000000000000000000000000000000000000000000000000000
11111110111111101100011011011100111111000000000000011000111111101111111000011000000000000000000000000000000000000000000000000000
11111100011111001100011011001110111110000000000000011000111111100111110000011000000000000000000000000000000000000000000000000000
00000000000000000000000000000000000000000000000000000000000000000000000000000000000000000000000000000000000000000000000000000000
00333300333333003333333033333000003333000333333003333300000000000000000000000000000000000000000000000000000000000000000000000000
03333330333333303333333033333300003333000333333033333330000000000000000000000000000000000000000000000000000000000000000000000000
33000330330003303300000033003330000330000003300033300000000000000000000000000000000000000000000000000000000000000000000000000000
33000000330033303333300033000330000330000003300003333300000000000000000000000000000000000000000000000000000000000000000000000000
33300330333330003300000033003330000330000003300000003330000000000000000000000000000000000000000000000000000000000000000000000000
03333330330333003333333033333300003333000003300033333330000000000000000000000000000000000000000000000000000000000000000000000000
00333300330033303333333033333000003333000003300003333300000000000000000000000000000000000000000000000000000000000000000000000000
00000000000000000000000000000000000000000000000000000000000000000000000000000000000000000000000000000000000000000000000000000000
01111110001111001100000001111110011111000000000000000000000000000000000000000000000000000000000000000000000000000000000000000000
01111110001111001100000001111110111111100000000000000000000000000000000000000000000000000000000000000000000000000000000000000000
00011000000110001100000000011000111000000000000000000000000000000000000000000000000000000000000000000000000000000000000000000000
00011000000110001100000000011000011111000000000000000000000000000000000000000000000000000000000000000000000000000000000000000000
00011000000110001100000000011000000011100000000000000000000000000000000000000000000000000000000000000000000000000000000000000000
00011000001111001111110000011000111111100000000000000000000000000000000000000000000000000000000000000000000000000000000000000000
00011000001111001111110000011000011111000000000000000000000000000000000000000000000000000000000000000000000000000000000000000000
00000000000000000000000000000000000000000000000000000000000000000000000000000000000000000000000000000000000000000000000000000000
