00000000000000000000000000000000000000000000000000000000000100000000000000000000000000000000000000000000000000000000000000000000
00000000000000000000000000000000000000000000000000000000000000000033300000000000100000000000000000000000000000000000000000000000
00000000000010000000000000000000000000000000100000000000000000000000030000000000000000000000000010000000000000000000000000000000
00000000000000000000000000000100000000000000000000000000000000010000030000000000000000000000000000000000000000000000000000000000
00000001000000000000000000000000000000000000000000000000000000000000030000000000000000001000000000000000000000100000000000000000
00000000000000000000000000000000000000000000000000000000000000000033300000000000000000000000000000000000000000000000000000000000
00000000000000000000000000000000000000000000000000000000000000000000030010000000000000000000000000000000000000000000000000000000
00000000000000000000000000000000000000001000000000000000000000000001030000000001000000000000000000000000000000000000001000000000
00000000000000010000000000000000000000000000000000001000000000010000030000000000000000000000000000100000001000000000000000000100
00000000000000000000000000000000100000000000001000000000100000000033300000000000000000000000000000000000000000000000000000000000
00000000000000000000000000000000000000000000000000000000000010000000003000000000000000000000000000000000000000000000000000000000
00000000000000000000000000000000000000000000000000000000000000000000000000000000000001000000000000000000110000333001033300033000
11111111111111111111111000133333332200001111033011111000000003301110033001110333333333301111111003300111111100330010033333333330
11111111111111111111111000022133332203300110033011110030000033001100330011110333333333301111110033001111111003300110033333333330
11111111101111111111111000013123333303330000333000000333000333011003300000000000000330000000100330000000110033001110000000033000
10011111101110111111010000002312333300333333330003300033333330010033333333301111110330110330003333333330100330011111111111033011
00111111111110111111100100001322332330003333300103301003333300110333333333301111110330110330033333333330103300111100111111033011
01111111112110111111100100000133332223200000001100001100000001110000000000001111110000110000000000000000000001111000111111000011
01111111112211111111110110000123332222232001111111111111011111111111111111111111111111111111111100122210000111110000111111110111
00111111001111111111110111000012333332331001011111111100000000111111111111111111111111101111111100012211000111110000111111110111
10111111001111111111100121100002223333310000001111111010000000111111111111111111011111101111111100001111100011110001111110011110
11111111111111111111001112210002222211000000100011111110000000111111111111111110011111111001111100001111110011111111111100011111
11111111111111111100011101111012211101000000100001100110000000011011111111111011111111111000111111001111110111111111111000110111
11111111111110111011122100110001110000100000000001110010000000011001111111111001111111111100111111111111111111111111111101111111
11111111111000000000000000000000000000000000000000100001000000000000000111111111100000000000000000011111111000111111111101111000
11111111111033300300000330030003033330333000000000003000100000000000000001111111103330003300300003011111110030111110110001101000
11111111111030030300003003003030030000300300000000033000000000000000000001111111103003030030300003011111110330011100100000010000
11111111111030030300003003000300030000300300000000003000000000000000000000111111103330030030300003011111000030001100100000000000
11111111111033300300003333000300033300333000000000003000010000000000000000001111103003033330300003011110000030001100000000000000
00111111111030000300003003000300030000303000000000003000000000000000000000000100003003030030300003000011111030011100000000000000
00111111111030000333303003000300033330300300000000003000000000000000000000000000003330030030333303333011110030011100000000000000
10111111111000000000000000000000000000000000000000000000000000000000000000000000000000000000000000000011110000001110000000000000
