00000000000000000000000000111000111110000111111011000110011111000111111011000110111111101100011001111110000000000000000000000000
00000000000000000000000001111100111111000111111011000110111111100111111011101110111111101110011001111110000000000000000000000000
00000000000000000000000011101110110011100000011011000110111000000001100011111110110000001111011000011000000000000000000000000000
00000000000000000000000011000110110001100000011011000110011111000001100011111110111110001111111000011000000000000000000000000000
00000000011111000000000011111110110011101100111011101110000011100001100011010110110000001101111000011000000000000111110000000000
00000000000000000000000011000110111111001111111011111110111111100001100011000110111111101100111000011000000000000000000000000000
00000000000000000000000011000110111110000111110001111100011111000001100011000110111111101100011000011000000000000000000000000000
00000000000000000000000000000000000000000000000000000000000000000000000000000000000000000000000000000000000000000000000000000000
03333300033333003300033033000330333330000000003033000330003333003333300033333330033333000000000000000000000000000000000000000000
33333330333333303300033033300330333333000000030033000330003333003333330033333330333333300000000000000000000000000000000000000000
33300000330003303300033033330330330033300000300033000330000330003300333033000000330003300000000000000000000000000000000000000000
03333300330003303300033033333330330003300003000033303330000330003300033033333000330003300000000000000000000000000000000000000000
00003330330003303330333033033330330033300030000003333300000330003300333033000000330003300000000000000000000000000000000000000000
33333330333333303333333033003330333333000300000000333000003333003333330033333330333333300000000000000000000000000000000000000000
03333300033333000333330033000330333330003000000000030000003333003333300033333330033333000000000000000000000000000000000000000000
00000000000000000000000000000000000000000000000000000000000000000000000000000000000000000000000000000000000000000000000000000000
00111110001110001100011011111110000000000000000000000000000000000000000000000000000000000000000000000000000000000000000000000000
01111110011111001110111011111110000000000000000000000000000000000000000000000000000000000000000000000000000000000000000000000000
11100000111011101111111011000000000000000000000000000000000000000000000000000000000000000000000000000000000000000000000000000000
11001110110001101111111011111000000000000000000000000000000000000000000000000000000000000000000000000000000000000000000000000000
11100110111111101101011011000000000000000000000000000000000000000000000000000000000000000000000000000000000000000000000000000000
01111110110001101100011011111110000000000000000000000000000000000000000000000000000000000000000000000000000000000000000000000000
00111110110001101100011011111110000000000000000000000000000000000000000000000000000000000000000000000000000000000000000000000000
00000000000000000000000000000000000000000000000000000000000000000000000000000000000000000000000000000000000000000000000000000000
01111110111111100011110011000110110001100011110000111100001110001100000000000000000000000000000000000000000000000000000000000000
01111110111111100111111011000110111001100011110001111110011111001100000000000000000000000000000000000000000000000000000000000000
00011000110000001100011011000110111101100001100011000110111011101100000000000000000000000000000000000000000000000000000000000000
00011000111110001100000011111110111111100001100011000000110001101100000000000000000000000000000000000000000000000000000000000000
00011000110000001110011011111110110111100001100011100110111111101100000000000000000000000000000000000000000000000000000000000000
00011000111111100111111011000110110011100011110001111110110001101111110000000000000000000000000000000000000000000000000000000000
00011000111111100011110011000110110001100011110000111100110001101111110000000000000000000000000000000000000000000000000000000000
00000000000000000000000000000000000000000000000000000000000000000000000000000000000000000000000000000000000000000000000000000000
