00000000000000000000000011222212211100000000000000000000002101112100000000000000000000000000000000122110000001212200000000000000
00000000000000000000000111122222222100000000000000003333300111112100333330000003300000003333000000111100333300212003300000033000
00000000000000000000011111222211222100000000000000033333330011112003333333000033300000033333300000111003333330010033300000333000
00000000000000000000011111222211222100000000000110333000333011112033300033300333300000330000330000110033000033000333300003333000
00000000000000000000111111112112221100000000111110330020033001222033000003300003300003300000033000000330022003300003300000033000
00000000000000000000111111112112310000000111112110000111033011322000011203300003300003300000033000000330211103302203300000033000
00000000000000000000111111111122210000012221222101111110033022232112222003300003300003300000033000000330111103301203300000033000
00000000000000000000001111111123100000122121221000111000330011231112200033000003300003300000033000000330000103301103300000033000
00000000000000000000011121111212100000121221221000011033330112222212203333000003300003300000033000000330000003300003300000033000
00000000000000000000011111112321100000012112211000011033330011123222303333000003300003300000033000000330000003300003300000033000
00000000000000000000001111122210000000112112111000011000333011122233300033300003300003300000033000000330000003300003300000033000
00000000000000000000000011122110000111111112111101111110033011222122332003300003300003300000033000000330000003300003300000033000
00000000000000000000000012121000001122111113211100001112033012230000232203300003300003300000033000000330000003300003300000033000
00000000000000000000000001110000001121111111111103300110033012320330022003300003300003300000033000000330000003300003300000033000
00000000000000000000000000000000001121111000111103330000333000000333000033300003300000330000330000000033000033000003300000033000
00000000000000000000000000000000001111110000111100333333330003300033333333000003300000033333300003300003333330000003300000033000
00000000000000000000000000000000010111100110111110003333300203302000333330000003300000003333000003300000333300000003300000033000
00000000000000000000000000000000111111111111110111100000001100002230000000000000000000000000000000000000000000000000000000000000
00000000000000000000000000000000111110111111110111111111111111223233211211000000000000000000000000000000000000000000000000000000
00000000000000000000000000000000111100111111111100000001111111222233212221000000000000000000000000000000000000000000000000000000
00000000000000000000000000000000011001111111011100000011111222321122221110000000000000000000000000000000000000000000000000000000
00000000000000000000000000000000001101111110012110011111111122221111221100000000000000000000000000000000000000000000000000000000
00000000000000000000000000000000001100000111111110111111111111121122222100000000000000000000000000000000000000000000000000000000
00000000000000000000000000000000000000000111100110011011111011112222122100000000000000000000000000000000000000000000000000000000
00000000000000000000000000000000000010000110111110010011000011122221111000000000000000000000000000000000000000000000000000000000
00000000000000000000000000000000000111000010111110110011000011111232111100000000000000000000000000000000000000000000000000000000
00000000000000000000000000000000000010000000111110110011110111111122212110000000000000000000000000000000000000000000000000000000
00000000000000000000000000000000000000000000110110000011100110001122211110000000000000000000000000000000000000000000000000000000
00000000000000000000000000000000000000001001110000000011100011001232222100000000000000000000000000000000000000000000000000000000
00000000000000000000000000000000000000000001100000000000011111112333322100000000000000000000000000000000000000000000000000000000
00000000000000000000000000000000000000000000000000011110011111122333322100000000000000000000000000000000000000000000000000000000
00000000000000000000000000000000000000111000100000011221121112232233221000000000000000000000000000000000000000000000000000000000
