00000000000000000000000000000000000000000010000000000000000000000000000000000000000000000000000000000000000000000000000000000000
00000000001000000000000000000000000010000000000010000000000110000000111100000000111100000000000011110000000011110000000011110000
00000000011100000000000000100000000110000000000110000000001110010001111110000001111110000000000111111000000111111000000111111000
00000000001000000000000000000000000110000000000110000100011110000011000011000011000011000000001100001100001100001100001100001100
00000000000000000000000000000000001110000000001110000000000110000110000001100110000001100001011000000110011000000110011000000110
00000000000000000000000000000000001110000000001110000000000110000110000001100110000001100000011000000110011000000110011000000110
00000000000000000000000000000000011110000000011110000000000110000110100001100110000001100000011000000110011000000110011000000110
00000000001000000000000000000000110110000000110110010000000110000110000001100110000001100000011000000110011000000110011000000110
00000000000000000000000000000000110110000000110110000000000110000110000001100110000001100000011000000110011000000110011000000110
00000000000000000000000000000001100110000001100110000000100110000110000001100110000001100000011000000110011000000110011000000110
00000000000000000000000000000011100110000011100110000000000110000110001001100110000001100000011000000110011000000110011000000110
00000000000000000000000000000111000110000111000110000000000110000110000001100110000001101000011000000110011000000110011000000110
00000000000000000000000000000111111111100111111111100000010110000110000001100110000001100000011000000110011000000110011000000110
00000000000000000001000000000111111111100111111111100000000110000110000001100110010001100000011000000110011000000110011001000110
00000000000000000000000000000000000110000000000110000000000110000011000011000011000011000000001100001100001100001100001100001100
00000000000000000000000000000000000110000000000110000110000110000001111110001001111110000110000111111000000111111000000111111000
00000000000000000000000000000100000110000000000110000110000110000000111100000000111100000110000011110000000011110000000011110000
00000000000000000000000000000000000000000000000000000000000000000000000000000000000000000000000000000000000000000000000000000000
00000000000000000000000000000000000000000010000000000000000000100000001001000000000000000000000000000000000000000000000000000001
00000000000000000000000000000000000000000000000000000000000000000000000000000000000000000000000000000000000000000000000000000000
00000000000000000000000000000000000000000000000000000100000000000000000000000000000001000000000000000000000000000000000000000000
00000000000000000000010000000000000000000000000000000000000000000000000000000100000000000000000000000000000000000000000000000000
00000000000000000000000000000000000000000000000100000000000000000100000000000000000000000000000000000000000000000000000000000000
00000000000000000000000000000000000000000000000000000000100000100000000000000000000000000000000000000000000000000000000000000000
00000000000000000000000000000000000000000000000000000001000000000000001000000000000000000000000000000000000000000000000000000000
00000000000011100100000110010001011110111000000000001000000000000000000000000000001110001100100001000000000010000000000000000000
00000000000010010100001001001010010000100100000000011000000000000100000000100000001001010010100001000000000110000000000000000000
00000000000010010100001001000100010000100100000000001000001000010000000000000000001110010010100001000000000010000000000000000000
00000000000011100100001111000100033300333000000100003000000000000000000000000000003003033330300003000000000030000000000000000000
00000000000030000300003003000300030000303000000000003000000000000000000000000000003003030030300003000000000030000000000000000000
01000000000030000333303003000300033330300300000000003000000000000000000100000000003330030030333303333000000030000000000000000000
11100000000000000000000000000000000000000000000000000000000000000000100000000000000000000000000000000000000000000000000000000000
