00000000000000000000000000000000000000000111110001111100110001101100011011111000000000000000000000000000000000000000000000000000
00000000000000000000000000000000000000001111111011111110110001101110011011111100000000000000000000000000000000000000000000000000
00000000000000000000000000000000000000001110000011000110110001101111011011001110000000000000000000000000000000000000000000000000
00000000000000000000000000000000000000000111110011000110110001101111111011000110000000000000000000000000000000000000000000000000
00000000000000000000000001111100000000000000111011000110111011101101111011001110000000000111110000000000000000000000000000000000
00000000000000000000000000000000000000001111111011111110111111101100111011111100000000000000000000000000000000000000000000000000
00000000000000000000000000000000000000000111110001111100011111001100011011111000000000000000000000000000000000000000000000000000
00000000000000000000000000000000000000000000000000000000000000000000000000000000000000000000000000000000000000000000000000000000
11000110011111001100000011000110110001101111111000000000000000000000000000000000000000000000000000000000000000000000000000000000
11000110111111101100000011000110111011101111111000000000000000000000000000000000000000000000000000000000000000000000000000000000
11000110110001101100000011000110111111101100000000000000000000000000000000000000000000000000000000000000000000000000000000000000
11101110110001101100000011000110111111101111100000000000000000000000000000000000000000000000000000000000000000000000000000000000
01111100110001101100000011101110110101101100000000000000000000000000000000000000000000000000000000000000000000000000000000000000
00111000111111101111110011111110110001101111111000000000000000000000000000000000000000000000000000000000000000000000000000000000
00010000011111001111110001111100110001101111111000000000000000000000000000000000000000000000000000000000000000000000000000000000
00000000000000000000000000000000000000000000000000000000000000000000000000000000000000000000000000000000000000000000000000000000
00333300330003300333330003333330033333003300033000000000330003303333333003333300033333000033300000333330333333300000000000000000
03333330330003303333333003333330333333303330333000000000333033303333333033333330333333300333330003333330333333300000000000000000
33000330330003303330000000033000330003303333333000000000333333303300000033300000333000003330333033300000330000000000000000000000
33000000330003300333330000033000330003303333333000000000333333303333300003333300033333003300033033003330333330000000000000000000
33300330333033300000333000033000330003303303033000000000330303303300000000003330000033303333333033300330330000000000000000000000
03333330333333303333333000033000333333303300033000000000330003303333333033333330333333303300033003333330333333300000000000000000
00333300033333000333330000033000033333003300033000000000330003303333333003333300033333003300033000333330333333300000000000000000
00000000000000000000000000000000000000000000000000000000000000000000000000000000000000000000000000000000000000000000000000000000
00000000000000000000000000000000000000000000000000000000000000000000000000000000000000000000000000000000000000000000000000000000
00000000000000000000000000000000000000000000000000000000000000000000000000000000000000000000000000000000000000000000000000000000
00000000000000000000000000000000000000000000000000000000000000000000000000000000000000000000000000000000000000000000000000000000
00000000000000000000000000000000000000000000000000000000000000000000000000000000000000000000000000000000000000000000000000000000
00000000000000000000000000000000000000000000000000000000000000000000000000000000000000000000000000000000000000000000000000000000
00000000000000000000000000000000000000000000000000000000000000000000000000000000000000000000000000000000000000000000000000000000
00000000000000000000000000000000000000000000000000000000000000000000000000000000000000000000000000000000000000000000000000000000
00000000000000000000000000000000000000000000000000000000000000000000000000000000000000000000000000000000000000000000000000000000
