00000000000000000000000000000000000000000000000000000000000000000000000000000000000000000000000000000000000000000000000000000000
00000000000000000000000000000000000000000000000000000000000000000000000000000000000000000000000000000000000000000000000000000000
00000000000000000000000000000000000000000000000000000000000000000000000000000000000000000000000000000000000000000000000000000000
00000000000000000000000000000000000000000000000000000000000000000000000000000000000000000000000000000000000000000000000000000000
00000000000000000000000000000000000000000000000000000000000000000000000000000000000000001111011100000000000000000000000000000000
00000000000000000000000000000000000000000000000000000000000000000000000000000000000000011111110100000000000000000000000000000000
00000000000000000000000000000000000000000000000000000000000000000000000000000000000000011100010011000000000000000000000000000000
00000000000000000000000000000000000000000000000000000000000000000000000000000000000000011100000001000000000000000000000000000000
00000000000000000000000000000000000000000000000000000000000000000000000000000000000111111100000001000000000000000000000000000000
00000000000000000000000000000000000000000000000000000000000000000000000000000000011101001100000001000000000000000000000000000000
00000000000000000000000000000000000000000000000000000000000000000000000000000000111222222122222221000000000000000000000000000000
00000000000000000000000000000000000000000000000000000000000000000000000000000001121112222112212221000000000000000000000000000000
00000000000000000000000000000000000000000000000000000000000000000000111000000001221112232111111110000000000000000000000000000000
00000000000000000000000000000000000000000000000000000000000000000111121000000011121111221111111110000000000000000000000000000000
00000000000000000000000000000000000000000000000000000000000000111111112100000011111112222111110000000000000000000000000000000000
00000000000000000000000000000000000000000000000000000000000001111111122100000011111111221111100000000000000000000000000000000000
00000000000000000000000000000000000000000000000000000000000001111122123100000000111111122111000000000000000000000000000000000000
00000000000000000000000000000000000000000000000000000000000011111122112100000000111111122110000000000000000000000000000000000000
00000000000000000000000000000000000000000000000000000000000011111233212210000000111111122100000000000000000000000000000000000000
00000000000000000000000000000000000000000000000000000000000001211221211220000000001112221100000000000000000000000000000000000000
00000000000000000000000000000000000000000000000000000000000001111221111221000000000111111000000000000000000000000000000000000000
00000000000000000000000000000000000000000000000000000000000001111221122211000000000000000000000000000000000000000000000000000000
00000000000000000000000000000000000000000000000000000000000001111221223200000000000000000000000000000000000000000000000000000000
00000000000000000000000000000000000000000000000000000000000000011122222110000000000000000000000000000000000000000000000000000000
00000000000000000000000000000000000000000000000000000000000000011222111110000000000000000000000000000000000000000000000000000000
00000000000000000000000000000000000000000000000000000000000000011211000000000000000000000000000000000000000000000000000000000000
00000000000000000000000000000000000000000000000000000000000000001100000000000000000000000000000000000000000000000000000000000000
00000000000000000000000000000000000000000000000000000000000000000000000000000000000000000000000000000000000000000000000000000000
00000000000000000000000000000000000000000000000000000000000000000000000000000000000000000000000000000000000000000000000000000000
00000000000000000000000000000000000000000000000000000000000000000000000000000000000000000000000000000000000000000000000000000000
00000000000000000000000000000000000000000000000000000000000000000000000000000000000000000000000000000000000000000000000000000000
00000000000000000000000000000000000000000000000000000000000000000000000000000000000000000000000000000000000000000000000000000000
