00000000000000000000000000000000000000000000000000000000000000000000000000000000000000000000000000000000000000000000000000000000
00000000000000000000000000000000000000000000000000000000000000000000000000000000000000000000000000000000000000000000000000000000
00000000000000000000000000000000000000200220020202022202220000200002200022202002020020022000000000000000000000000000000000000000
00000000000000000000000000000000000000302112030303031103112000300021120211103003032030211200000000000000000000000000000000000000
00000000000000000000000000000000000000303003030303032003221000300030030302203003031230300300000000000000000000000000000000000000
00000000000000000000000000000000000020303223012103031003112000300032230301303003030130322300000000000000000000000000000000000000
00000000000000000000000000000000000032103113003003032203003000322031130122301221030030311300000000000000000000000000000000000000
00000000000000000000000000000000000011001001001001011101001000111010010011100110010010100100000000000000000000000000000000000000
00000000000000000000000000000000000000000000000000000000000000000000000000000000000000000000000000000000000000000000000000000000
00000000000000000000000000000000000000000000000000000000000000000000000000000000000000000000000000000000000000000000000000000000
00000000000000000000000000000000000000000000000000000000000000000000000000000000000000000000000000000000000000000000000000000000
00000000000000000000000000000000000002220002220022002200022220002200022222000002220000000000000000000000000000000000000000000000
00000000000000000000000000000000000003110003110031003100231110003100231111000003110000000000000000000000000000000000000000000000
00000000000000000000000000000000000003111023111031103110311111003110311111100023111000000000000000000000000000000000000000000000
00000000000000000000000000000000000003111031111031103110311331103110311111110031111000000000000000000000000000000000000000000000
00000000000000000000000000000000000003111131111031103110111111103110311000110031131100000000000000000000000000000000000000000000
00000000000000000000000000000000000003111111111031103110231111003110311002200231111100000000000000000000000000000000000000000000
00000000000000000000000000000000000003113111311031123110311331103110311223100311111100000000000000000000000000000000000000000000
00000000000000000000000000000000000003111111311011111110111111103110111111110311113110000000000000000000000000000000000000000000
00000000000000000000000000000000000001110111111001111110011111101110011111110111001110000000000000000000000000000000000000000000
00000000000000000000000000000000000000110000011000111100001111000110001111100011000110000000000000000000000000000000000000000000
00000000000000000000000000000000000000000000000000000000000000000000000000000000000000000000000000000000000000000000000000000000
00000000000000000000000000000000000000000000000000000000000000000000000000000000000000000000000000000000000000000000000000000000
00000000000022002000022200220000222022200222000220022200220020020002220022002220002200222020020200200222022202220002200000000000
00000000000211203000211102112002111031120311202112013102112030030001130211203112021120131030030300302111013103112021120000000000
00000000000300303000122003003001220032210322103003003003001032230000210300303221030030030032230300301220003003221030030000000000
00000000000322303000011203003000112031100311203223003003002031130002100322303112032230030031130300300112003003112032230000000000
00000000000311303220222101221002221030000300303113003001221030030003220311303003031130030030030122102221003003003031130000000000
00000000000100101110111000110001110010000100101001001000110010010001110100101001010010010010010011001110001001001010010000000000
00000000000000000000000000000000000000000000000000000000000000000000000000000000000000000000000000000000000000000000000000000000
00000000000000000000000000000222002002200200200220022200222000002220222022200022002002002220022200000000000000000000000000000000
00000000000000000000000000000311203021120300302112031120311200021110131031120211203003021110211100000000000000000000000000000000
