00000000000000000000000000000000000000000111111011111110001111001100011000111100001111000111110000000000000000000000000000000000
00000000000000000000000000000000000000000111111011111110011111101110011000111100011111101111111000000000000000000000000000000000
00000000000000000000000000000000000000000001100011000000110001101111011000011000110001101100011000000000000000000000000000000000
00000000000000000000000000000000000000000001100011111000110000001111111000011000110000001100011000000000000000000000000000000000
00000000000000000000000001111100000000000001100011000000111001101101111000011000111001101100011000000000011111000000000000000000
00000000000000000000000000000000000000000001100011111110011111101100111000111100011111101111111000000000000000000000000000000000
00000000000000000000000000000000000000000001100011111110001111001100011000111100001111000111110000000000000000000000000000000000
00000000000000000000000000000000000000000000000000000000000000000000000000000000000000000000000000000000000000000000000000000000
01111110111111100111110001111110000000000111111000111000111111001100000011111110111111000111110000000000000000000000000000000000
01111110111111101111111001111110000000000111111001111100111111101100000011111110111111101111111000000000000000000000000000000000
00011000110000001110000000011000000000000001100011101110110011101100000011000000110001101100011000000000000000000000000000000000
00011000111110000111110000011000000000000001100011000110111111001100000011111000110011101100011000000000000000000000000000000000
00011000110000000000111000011000000000000001100011111110110011101100000011000000111110001100011000000000000000000000000000000000
00011000111111101111111000011000000000000001100011000110111111101111110011111110110111001111111000000000000000000000000000000000
00011000111111100111110000011000000000000001100011000110111111001111110011111110110011100111110000000000000000000000000000000000
00000000000000000000000000000000000000000000000000000000000000000000000000000000000000000000000000000000000000000000000000000000
00333300333333003333333033333000003333000333333003333300033333000000000000000000000000000000000000000000000000000000000000000000
03333330333333303333333033333300003333000333333033333330333333300000000000000000000000000000000000000000000000000000000000000000
33000330330003303300000033003330000330000003300033000330333000000000000000000000000000000000000000000000000000000000000000000000
33000000330033303333300033000330000330000003300033000330033333000000000000000000000000000000000000000000000000000000000000000000
33300330333330003300000033003330000330000003300033000330000033300000000000000000000000000000000000000000000000000000000000000000
03333330330333003333333033333300003333000003300033333330333333300000000000000000000000000000000000000000000000000000000000000000
00333300330033303333333033333000003333000003300003333300033333000000000000000000000000000000000000000000000000000000000000000000
00000000000000000000000000000000000000000000000000000000000000000000000000000000000000000000000000000000000000000000000000000000
11111110001110001100000001111110001110000111110000000000000000000000000000000000000000000000000000000000000000000000000000000000
11111110011111001100000001111110011111001111111000000000000000000000000000000000000000000000000000000000000000000000000000000000
11000000111011101100000000011000111011101110000000000000000000000000000000000000000000000000000000000000000000000000000000000000
11111000110001101100000000011000110001100111110000000000000000000000000000000000000000000000000000000000000000000000000000000000
11111000111111101100000000011000111111100000111000000000000000000000000000000000000000000000000000000000000000000000000000000000
11000000110001101111110000011000110001101111111000000000000000000000000000000000000000000000000000000000000000000000000000000000
11000000110001101111110000011000110001100111110000000000000000000000000000000000000000000000000000000000000000000000000000000000
00000000000000000000000000000000000000000000000000000000000000000000000000000000000000000000000000000000000000000000000000000000
