00000000000000000000000000000000000000000000000000000000000000000000000000000000000000000000000000000000000000000000000000000000
00000000000000003333300000003333000000003333000000000333333333300000333300000000333300000000000033330000000033330000000033330000
00000000000010033333330000033333300000033333300000000333333333300003333330000003333330000000000333333000000333333000000333333000
00000000000000333000333000330000330000330000330000000000000033000033000033000033000033000000003300003300003300003300003300003300
00000001000000330000033003300000033003300000033000000000000033000330000003300330000003301000033000000330033000100330033000000330
00000000000000330000033003300000033003300000033000000000000330000330000003300330000003300000033000000330033000000330033000000330
00000000000000000000033003300000033003300000033000000000000330000330000003300330000003300000033000000330033000000330033000000330
00000000000000000000033003300000033003301000033000000000003300000330000003300330000003300000033000000330033000000330033000000330
00000000000000010000330003300000033003300000033000001000003300010330000003300330000003300000033000100330033000000330033000000330
00000000000000000000330003300000033003300000033000000000033000000330000003300330000003300000033000000330033000000330033000000330
00000000000000000003300003300000033003300000033000000000033010000330100003300330000003300000033000000330033000000330033000000330
00000000000000000033000003300000033003300000033000000000330000000330000003300330000003300000033000000330033000000330033000000330
00000000000000000330000003300000033003300100033000010000330000000330000003300330000003300000033000000330033000000330033000000330
00000000000000003300000103300000033003300000033000000003300001000330000003300330000003300000033000000330033000000330033000000330
00000000000000033000000000330000330000330000330000000003300000000033000033000033000033000000003300003300003300003300003300003300
00000000000000333333333000033333300000033333300003300033000100000003333330000003333330000330000333333000000333333000000333333000
00000000000003333333333000003333000000003333000003300333000000000000333300000000333300000330000033330000000033330000000033330000
00000000000010000000000000000000000000000000000000000000000000000100000000000000000000000000000000000000000000000000000000000000
00000000000000000000000000000000000000000000000000000000000001000000000000000000000000000000000000000000000000000000000000000000
00000000000000000000000000000000000000000000000000000010000000000010000000000000000000000000000000000000000000000000000000000000
00000000000000000000000010000000000000000000000000000000000000000000000000000000000000000000000000000000000000000000000000000000
00001000000000000000000000000000000000000000000010000000000000001000000000000000000000000000000000000000000000000000000000000000
00000000000000000000000000000000000000000001000000000000100001000000000000000000000000000000000000000000000000000000000000000000
00000000000000000000000000000000001000000000000000001000000000000000010000000000000000000100000000000000000000000000100000000000
00000000000000000000000000000000000000000000000000000000000000000100000000000000000000000000000000000000000000000000000000000000
00000000000033300300000330030003033330333000000000003000000000100000000000000000003330003300300003000000000330000000000000000000
00000000000030030300003003003030030000300300000000033000001000000000000000000000003003030030300003000000003003000000000000000000
00000000000030030300003003000300030000300300000010003000000000000000000000000000003330030030300003000000000003000000000000000000
00000000100033300300003333000300033300333000000000003000000000000000001000000100003003033330300003000000000330000000000000000000
00000000000030000300003003000300030000303000100000003001000000000001000000000000003003030030300003000000003000000010000000000100
00000000000030000333303003000300033330300300000000003000000000000000000000000000003330030030333303333000003333000000000000000000
00000000000000000000000000000000000000000000000000000000000000000000000000000000000000000000000000000000000000000000000000000000
