22122222222223320000000000000000000000000000000000000000000000000000000000002333333333333333332100000000000000000000001222000100
22221222222223321000000000000000000000000000000000000000000000000000000000000233333333333333333200000000000000000000001121001100
22222222222223331000000000000000000000000000000000000000000000000000000000000133333333333333333211000000000000000000000121012200
12222222222222331000000000000000000000000000000000000000000000000000000000000133333333333333333321000000000000000000000122222200
12200000000000000000000000000000000000000000000000000000000000000000000000000023333333333333333332100000000000000000000000000200
21203333333333333100000000000000000000000333333320000002333333300000000000000013333333333300000000210000033333300000023333330200
22203133133313313200000122221000000000000313313320000003331331300000000122221002333333333001222210010000231331310000223133130200
12203333333333333220013333333310000000000333333331000003333333300000013333333310333333300133333333101002233333330002223333330200
11201133333333311222233333333333100000000333333332000013333333300002233333333333133333022333333333331022233333331022213333330200
11122131333331311122233333333333300000000333333332000023333333300022233333333333303330222333333333333022133333332222113333330200
21222033333333321122223333333333320000000333333333000033333333300122223333333333320301222233333333333221133333333221113333330211
22222033333333321122223333333333331000000313333313100131333331300122223333333333331001222233333333333321131333313311113133130222
22222033333333321122222233333333333100000333333333100233333333301122222233333333333101222222333333333331133333333331113333330222
22222033333333321122222233333333333100000333333333200333333333301122222233333333333101222222333333333333133333333333113333330222
22222031333331321122222223333333333100000333333333200333333333301122222223333333333301222222233333333333133333333333313333330222
22222033333333231122222222333333333100000333333233311333323333301122222222333333333301222222223333333333133333333331323333330222
22222033333332231112222223333333333200000333333222211333223333301112222223333333333301122222233333333332133333332333333333320222
22222033333322231111122222223333333200000313312221222313222131301111122222223333333201111222222233333332133333322333333333220222
22222033333222231111122222222322322100000333322122222332212333201111122222222322322201111222222223223222131333121331333332120222
22222031332221231111111222222222222000000333222112222222112332201111111222222222222001111112222222222221133332221133333322220222
22222033322222233111111222222222222000000332222112222231112322200111111222222222222000111112222222222221133322221113333222220222
22200033222222233311111111222222221000000222222102222231012222200111111111222222221000111111112222222211133222221113332222220222
22202222222222222211111111112122210000000222222102232221012222200011111111112122210300011111111121222111122222221111322222220112
22202122122221221231111111111111100000000212212102122121012121200001111111111111101330001111111111111011122222221111132222220112
22202222222222222233111111111110000000000222222102222221012222200000111111111110000333000111111111100011121222120111112122120111
22200111111111111113311111111100000000000111111101111111011111100000001111111100000333330001111111003011122222220011112222220022
22222011111111111111300000000011000000000011111100111111011111000000000000000000001333333300000000033011111111100001111111110012
22222200000000000000002222222322100000000000000000000000000000000000000000000000001333333333333333333011111111000000111111100011
22222222222222222222222222222223110000000000000000000000000000000000000000000000001333333333333333333000000000000000000000001121
22222222222222222222221122222223221000000000000000000000000000000000000000000000002233333333333333333333332210000000000001122221
22222222222222222222222122222222232100000000000000000000000000000000000000000000002233333333333333333333332211000000000001122221
22222222222222222222222222222222232200000000000000000000000000000000000000000000012222333333333333333333332211100000000001122221
