22222222222222222222221122222223221000000000000000000000000000000000000000000000002233333333333333333333332210000000000001122221
22222222222222222222222122222222232100000000000000000000000000000000000000000000002233333333333333333333332211000000000001122221
22222222222222222222222222222222232200000000000000000000000000000000000000000000012222333333333333333333332211100000000001122221
22222222222222222222222222222222223320000000000000000000000000000000000000000000022222333333333333333333332111110000001000122220
22200000000000000022222222222222222332000000000000000000000000000000000000000000021222233333333333333333000000000000000000000220
22203333333333333102220000000022222332100333333320000002333333300000000000000000121222233300000000333333033333300000023333330220
22203133133313313200200122221002222223320313313320000003331331300000000122221000121222222001222210033330231331310000223133130221
22203333333333333220013333333310222222320333333331000003333333300000013333333310111122200133333333103302233333330002223333330221
22201133333333311222233333333333122222330333333332000013333333300002233333333333111222022333333333331022233333331022213333330221
22222131333331311122233333333333302222230333333332000023333333300022233333333333301120222333333333333022133333332222113333330222
22222033333333321122223333333333320222220333333333000033333333300122223333333333320101222233333333333221133333333221113333330222
22222033333333321122223333333333331022220313333313100131333331300122223333333333331001222233333333333321131333313311113133130222
11222033333333321122222233333333333102220333333333100233333333301122222233333333333101222222333333333331133333333331113333330222
11222033333333321122222233333333333102220333333333200333333333301122222233333333333101222222333333333333133333333333113333330222
11222031333331321122222223333333333102220333333333200333333333301122222223333333333301222222233333333333133333333333313333330222
11222033333333231122222222333333333102220333333233311333323333301122222222333333333301222222223333333333133333333331323333330222
11122033333332231112222223333333333202220333333222211333223333301112222223333333333301122222233333333332133333332333333333320222
11111033333322231111122222223333333202220313312221222313222131301111122222223333333201111222222233333332133333322333333333220222
11111033333222231111122222222322322102220333322122222332212333201111122222222322322201111222222223223222131333121331333332120222
11111031332221231111111222222222222022210333222112222222112332201111111222222222222001111112222222222221133332221133333322220222
11111033322222233111111222222222222022220332222112222231112322200111111222222222222000111112222222222221133322221113333222220222
11100033222222233311111111222222221222220222222102222231012222200111111111222222221000111111112222222211133222221113332222220222
11102222222222222211111111112122210222220222222102232221012222200011111111112122210200011111111121222111122222221111322222220222
11102122122221221231111111111111102222220212212102122121012121202001111111111111101220001111111111111011122222221111132222220222
11102222222222222233111111111110022222220222222102222221012222202200111111111110022222000111111111100011121222120111112122120222
11100111111111111113311111111100222222210111111101111111011111102220001111111100222222220001111111002011122222220011112222220222
11111011111111111111300000000022222222220011111100111111011111002222200000000001222222222100000000022011111111100001111111110210
22111200000000000000002222222222222222222000000002000000200000022222222222222222222221122222222222222011111111002200111111100222
22112221122222222222222222222222222222222222222222222222222222222222222222222222222211122222222222222000000000002220000000002222
22222222222222222222222222222222222222222122222222222222222222222222222222222222222222222222222222222222222222222222222222222222
22222222222222222222222222222222222222222222222222222222222222222222222222222222222222222222222222222222222222222222222222332222
22222222222222222222222222222222222222222122332211123222222222222222222222222222222222222222222222222221222222222222222222322122
