00000000011111111122220000000000000000000000000000000000000000000000000000000000000000000000000000000000000000000000000000000111
00000000011111111122221000000000000000000000000000000000000000000000000000000000000000000000000000000000000000000000000000000111
00000000011111112122222100000000000000000000000000000000000000000000000000000000000000000000000000000000000000000000000000000011
00000000001111112111123200000000000000000000000000000000000000000000000000000000000000000000000000000000000000000000000000000000
00000000011101111111123210000000000000000000000000000000000000000000000000000000000000000000000000000000000000000000000000000000
00000000011111111111123310000000000000000000000000000000000000000000000000000000000001111000000000000000000000000000000000000000
00000000001111111111112311000000000000000000000000000000000000001111111100100000000011221110000000000000000000000000000000000000
00000000011111111111111222100000000000000000000000000000000001111111111101111000001111222210000000000000000000000000000000000000
00000000001111211111111233210000000000000000000000000111100000111112111101111000001111222210000000000000000000000000000000000000
00000000001122211211122333310000000000000000000000000111111001111212111111111100001112222110000000000000000000000000000000000000
00000000000112111112222332320000000000000000000000001111221211111222111111111100001122221100000000000000000000000000000000000000
00000000000111111121232232310000000000000000000000001112211211111221111111111110001112211000000000000000000000000000000000000000
00000000000011111221222333321000000000000000000000011112111211011111111121111210000011111000000000000000000000000000000000000000
00000000000011111221223222332100000000000000000000011111211111111111122222111100000000000000000000000000000000000000000000000000
00000000000001111222222212333200000000000000000000012212222111111111123222221100000000000000000000000000000000000000000000000000
00000000000001111133222222333200000000000000000000011112221111111111133221221000000000000000000000000000000000000000000000000000
00000000000000111222222222223100000000000000000000001101111111111121122221110000000000000000000000000000000000000000000000000000
00000000000000111221123222111000000000000000000000000000011011111122212222210000000000000000000000000000000000000000000000000000
00000000000000011222123331000000000000000000000000000000011111011222222222100000000000000000000000000000000000000000000000000000
00000000000000000112223320000000000000000000000000000000001111111222222222000000000000000000000000000000000000000000000000000000
00000000000000000011123210000000000000000000000000000000000121111212222231000000000000000000000000000000000000000000000000000000
00000000000000000001122100000000000000000000000000000000000122111122222332000000000000000000000000000000000000000000000000000000
00000000000000000000011000000000000000000000000000000000000111111112222332000000000000000000000000000000000000000000000000000000
00000000000000000000000000000000000000000000000000000000000011101011123221000000000000000000000000000000000000000000000000000000
00000000000000000000000000000000000000000000000000000000000001111111222221000000000000000000000000000000000000000000000000000000
00000000000000000000000000000000000000000000000000000000000001111011222210000000000000000000000000000000000000000000000000000000
00000000000000000000000000000000000000000000000000000000000000100012222221000000000000000000000000000000000000000000000000000000
00000000000000000000000000000000000000000000000000000000000000000012322221000000000000000000000000000000000000000000000000000000
00000000000000000000000000000000000000000000000000000000000000000012212321000000000000000000000000000000000000000000000000000000
00000000000000000000000000000000000000000000000000000000000000000001111210000000000000000000000000000000000000000000000000000000
00000000000000000000000000000000000000000000000000000000000000000000000100000000000000000000000000000000000000000000000000000000
00000000000000000000000000000000000000000000000000000000000000000000000000000000000000000000000000000000000000000000000000000000
