00000000000000000000000000000000000000000000000000000000000000000000000000000000000000000000000000000000000000000000000000000000
00000000000000000000000000000000000000000000000000000000000000000000000000000000000000000000000000000000000000000000000000000000
00000000000000000000001000000001000000000000000000000000000000000000000000000000000000000000000000000000000000000000000000000000
00000000000000000000001112111001200000000000000000011222210000000000000000000000000000000000000000000000000000000000000000000000
00000000000000000000002211111002220000000000000000123333321000000000000000000000000000000000000000000000000000000000000000000000
00000000000000000000002222221002222222100000000001233333332100000000000000000000000000000000000000000000000000000000000000000000
00000000000000000000002222222002222222100000000001333333333200000000000000000000000000000000000000000000000000000000000000000000
00000000000000000000002222222022222222100000000002333333333200000000000000000000000000000000000000000000000000000000000000000000
00000000000000000000002222222022222222100000000002333333333200000000000000000000000000000000000000000000000000000000000000000000
00000000000000000000002222222022222222100000000002333333333200000000000000000000000000000000000000000000000000000000000000000000
00000000000000000000002222222022222222100000000001333333333100000000000000000000000000000000000000000000000000000000000000000000
00000000000000000000002222222022222222100000000001233333332100000000000000000000000000000000000000000000000000000000000000000000
00000000000000000000002222222022222222100000000000123333321000000000000000000000000000000000000000000000000000000000000000000000
00000000000000000000022222222022222222200000000000011222110000000000000000000000000000000000000000110000000000000000000000000000
00000000000000000000022222222022222222200000000000000000000000000000000000000000000000000000000013333100000000000000000000000000
00000000000000000000022222222022222222200000000000000000000000000000000000000000000000000000000033333300000000000000000000000000
00000000000000000000022222222022222222200000000000000000000000000000000000000000000000000000000133333310000000000000000020000000
00000020000000000000022222222022222222200000000020000000000000000000000000000000000000000000000133333310000002000000020211000000
00000222220000000000022222222022222222200000000022222222000000000000000000002000000002000000000033333300000002200000022111100000
00000211120002000000022222222022222222200000000210000011000020000000000000022100000002112000000013333100000002220000011001110000
00001111110011200000022222222222222222222000000200000001000021122220000000011120000001001002000000110000000021111001110000110000
00001111110100120000222222211222222222222000000200000001200010000010000000211122000010011002000000000000000021001111110010120000
00001111111111110001111121111122222222222000000200000001200010000011120000111122000010111011100000000000000112111111100010120000
00001111111111110111001121111112222222222000000200000001200210000011112002111111002010111011100000020111111112101111100010120000
00001111111111112100001121111111222222221000000100000001222210011110012221101111112210100011120202220100000111110101100000120000
00001111111111111100002211111112222112221000000100000001112211122110011111111122112211111011121102211100000111100001100000120000
00001111111111111100001111111111121112220001100100000001111211122100011111111122111112111011111101100000000111100000100000120000
00001111111111111100001111111111111111221011110000000001111211122110001111111122112112111011111111100000000111100000000000120000
00001111011111111100011111111111111111211111110000000011111111122110001111111111111112110011111111110000000111100000000000120000
00001111111111111111111111111111111111210111110000111111111211111110001111111111111112210011111111110000000111100000000000120000
00001111111111111111111111111111111111100111110000111111111221111110001111111111111112200011111110110000000111100000000000111100
00001111111111111111111111111111111111100111110000111110111111111110001111111111111101210011111110000000000111100000000000000110
