00000000000010000000111000000000000000000000000000000000000000010000000000000000000000000000000000000000000000000000000000000000
00000000000000000000010000000001000000003333330000001003333330000000000030000000333330000000000033333000000000003300000033333300
00000000000000000000000000000000000000033333330000000033333333000000000330000003333333000000000333333300000000033000000333333300
00000000000000000000000000000000000000033000000000000033000033000000000330000033300033300000003330003330000000330000000330000000
00000000000000000000000000000000000000033000100000000330010003300000003330010033000003300000003300000330000003300000000330000000
00000000000000000000000000000000000000033000000000000330000003300000003330000000000003300000003300000330000033000000000330000000
00000000000000000000000000000000000100333333300000100333000033301000033330000000000003300000000000000330000333330000003333333000
00100000000000000000000000000000000000333333300000000033333333001000330330000010000033000000000000000330003333333000003333333000
00000000000000000000000010000000000000330000330000000003333330000000330330000000003333000000000000003300003330033300003300003300
00000000000000000000000000000000000000000000033000000033333333000003300330000000003333000000000000003300033300003330000000000330
00000000000000000000000000000000000000000000033000000333300333300033300330000000000033300000100000033000033000000330000000000330
00000000000000000000000000000000000000000000033000000333000033300333000330001000000003300000000000330000033000000330000000000330
00000000000000000000000000000000000100000000033000000330010003300333333333300000000003300000000003300000033000000330000000000330
00000000000010000000000000000000000000300000330010000330000003300333333333300330000003300000000033000000033300003330003000003300
00000000000000000000000000000000000003330003330000000333000033300000000330000333000033300000000330000000003330033300033300033300
00000000000000000000000000000000000000333333300003300033333333000000000330000033333333000330003333333330000333333000003333333000
00000000000000000000000010000000000000033333000003301003333330000000000330000000333330000330033333333330000033330000000333330000
00001000000000000000000000000000000000000000000000000000000000000010000000000000000000000000000000000000000000000000000000000000
00000000000000000000000000000000010000000000000000000000000000100000001000000000000000000000000000000000000000000000000000000000
00000000000000000000000000000000000000010000000000000000001000000010100100010000000000000000000000000000000000000000000000000000
00000000000000000000000000000000000000000000000000000000000000100000000000000000000000000000000000000000000000000000000000000000
00000000000000000000000000000000000000000000000000001000010000000000000000000000000000000000000000000000000000000000000000000000
00000000000000100000000000000000000000000000000000000000000000000000000000000000001000001000000000000000000000010000000000000000
00000000000000000000000000000000000000000000100000000000000000000100000000000000000000000000000000000000000000000000000000000000
00000000000000000000000000000000000000000000000000000000000000000000000000000000000000000000000000000000000000000000000000000000
00000000000033300300000330030003033330333000000000003010000000100000000000000000003330003300300003000000000030000000000000000000
00000000000030030300003003003030030000300300000000033000000000000000000100000000003003030030300003000000000330000000000000000000
00000000000030030300003003000300030000300300000000003000000000000000000000000000003330030030300003000000000030000000000000000000
00000000000033300300003333000300033300333000000000003000000000000001000000001000003003033330300003000000000030000000000000000000
00001000000030000300003003000300030000303000000000003000010000100000000000000000003003030030300003000000000030000000000000000000
00011100000030000333303003000300033330300300000000003000111000000000000000000000003330030030333303333000000030000000000000000000
00001000000000000000000000000000000000000000010000000000010000000000000000000000000000000000000000000000000000000000000000000000
