00010000000000001000000000000000000000000100000000000000000000000000000000000000000000000000000000000001000000000000000000000000
00000000000000011100000010000000000000000000000000000000000000010000000000000000000000000000000000000000000000000000000000000000
00000000000000001000000000000000010000000000000000000000000000000000000000000000000000000000000000000000000000000000000000000000
00000000000000000000000000000000000000000000000000000000000000000000000000000000000000000000010000000000000000000000000010000000
00000000000000000000000000000000000000000000010000000000010000000000000000000000000000000000000000000000000000000000000000000000
00000000000000000000000000000000000000000000000000000000000000000000000000100000000000000000000000000000000000000000000000000000
00000000000000000000000000000000000001000000000000000000000000000000010000000000000100000000000000000000000000000000000000000000
00000010000000000000000000000000000000000000000000100000000000001000000000000000000000000000000000000000010000000000000000000000
00000000000000000000000000010000000000000000000000000000100000000000000000000100000000000000000000000000000000000001000000000000
00000000000000000000000000000000000000000000000000000000000010000000000000000000000000000000000000000000000000000000000000000000
00000000000000000000000000000000000000000000000000000000000000000000001000000000000000000100000000000000000000000000000000000000
00000000000000000000000000000000000000000000000000000000000000000000000000000000000000000000000000000000000000000000000000000000
00000000000000000000000000000000000001000000000000000000001000000000000000000000000000000000000000000000000000000000000000000000
00000000000000001000000000000000000000000000000001000000000001000100100000000000000100000000000000000000000000000000000000001000
00000000000000000000000000000000000000000000000000000000000000000000000000000000000000000000000000000000000000000000000000000000
00000000000000000000000000000000000000000000000000000000000000000000001000000100000000000000000001000000000000000100000000000000
00000000000000000000000000010000000000000000001000000100000100000000000000000000000000000000000000000000000000000000000000000000
00000000100000000000000000000000000100000000000000000000000000000010000000000000000000000000000000000000000000000000000000000000
00010000000000000000000000000000000000000000000000000000000000100000001000100000000000000000000000000000000000000000000000000000
00000000000000000000000000000000000000000100000000000000000000000000000000000000000000000000000000000000000000000000000000000000
00000000000000000000000000000000000000000000000000000100010000000000100000000000000000000000000000000000000000000000000000000000
00000000000000000000000000000000000000000000000000000000000000000000000000000000010000100000000000000000000100000000000000000000
00000000000000000010000000000000000000000000010000000000000000000000000000000100000000000000000000000000000000000000000000000000
00000000000000000000000000000000000000000000000000000000000000000100000000000000000000000000000000000000000000000000000000000000
00000000000000000000000000000000000000001000000000000001000000100000000000000000000000000000000000000000000000000000000000000000
00000000000000000000000000000100000000000000000000010000000000000000001000000000000000000000000000000000000000000000000000000010
00000000000000000000000000000000000000000000000000000000000000000000000000000000000000100000000000000000000000000000000000000000
00000000000000000000000000000000000000000000000000000000000000000010000000010000000000000000000000000000000000000000000000000000
00000000100000000000000000000000000000000000000000000000010000100000000000000000000000000000000000000000000000000000000000000000
00000000000000000000000000000000000100000000000000000000000000000000000000000000000000000000000000000000000000000000100000000000
00000000000000000000001000000000001110000000001000000000000000000000000000000000000000000000000000000001100000000001110000000000
00000000000000000000000000000000000100000000000000000000000000000000000100000000000000000000000000000000000000000000100000000000
