00010000000000001000000000000000000000000100000000000000000000000000000000000000000000000000000000000000000000000000000000000000
00000000000000011100000010000000000000000000000000001111100000010000111110000000111100000001100000000001100000011000000011111100
00000000000000001000000000000000010000000000000000011111110000000001111111000001111110000011100000000011100000111000000111111100
00000000000000000000000000000000000000000000000000111000333000000033300033300033300333000333300000000333300003333000000330000000
00000000000000000000000000000000000000000000010000330000033000000033000003300330000003300003300000000003300000033000000330000000
00000000000000000000000000000000000000000000000000330000033000000033000003300330000003300003300000000003300000033000000330000000
00000000000000000000000000000000000001000000000000000000033000000000010003300330000103300003300000000003300000033000003333333000
00000010000000000000000000000000000000000000000000100000033000001000000003300330000003300003300000000003300000033000003333333000
00000000000000000000000000010000000000000000000000000000330000000000000033000333000033300003300000000003300000033001003300003300
00000000000000000000000000000000000000000000000000000000330010000000000033000033333333000003300000000003300000033000000000000330
00000000000000000000000000000000000000000000000000000003300000000000000330000003333333000103300000000003300000033000000000000330
00000000000000000000000000000000000000000000000000000033000000000000003300000000003330000003300000000003300000033000000000000330
00000000000000000000000000000000000001000000000000000330001000000000033000000000003300000003300000000003300000033000000000000330
00000000000000001000000000000000000000000000000001003300000001000100330000000000033000000003300000000003300000033000003000003300
00000000000000000000000000000000000000000000000000033000000000000003300000000000330000000003300000000003300000033000033300033300
00000000000000000000000000000000000000000000000000333333333003300033333333300003300000000003300003300003300000033000003333333000
00000000000000000000000000010000000000000000001003333333333003300333333333300033000000000003300003300003300000033000000333330000
00000000100000000000000000000000000100000000000000000000000000000000000000000000000000000000000000000000000000000000000000000000
00010000000000000000000000000000000000000000000000000000000000100000001000100000000000000000000000000000000000000000000000000000
00000000000000000000000000000000000000000100000000000000000000000000000000000000000000000000000000000000000000000000000000000000
00000000000000000000000000000000000000000000000000000100010000000000100000000000000000000000000000000000000000000000000000000000
00000000000000000000000000000000000000000000000000000000000000000000000000000000010000100000000000000000000100000000000000000000
00000000000000000010000000000000000000000000010000000000000000000000000000000100000000000000000000000000000000000000000000000000
00000000000000000000000000000000000000000000000000000000000000000100000000000000000000000000000000000000000000000000000000000000
00000000000000000000000000000000000000000000000000000001000000100000000000000000000000000000000000000000000000000000000000000000
00000000000033300300000330030003033330333000000000003000000000000000001000000000003330003300300003000000000030000000000000000010
00000000000030030300003003003030030000300300000000033000000000000000000000000000003003030030300003000000000330000000000000000000
00000000000030030300003003000300030000300300000000003000000000000010000000010000003330030030300003000000000030000000000000000000
00000000100033300300003333000300033300333000000000003000010000100000000000000000003003033330300003000000000030000000000000000000
00000000000030000300003003000300030000303000000000003000000000000000000000000000003003030030300003000000000030000000100000000000
00000000000030000333303003000300033330300300001000003000000000000000000000000000003330030030333303333001100030000001110000000000
00000000000000000000000000000000000000000000000000000000000000000000000100000000000000000000000000000000000000000000100000000000
