11111111112222100000122211100001111111100000001111121000000000011110000000111111111000111111111000000011111000000111111101100011
11111111112221100000011111110000111111003333300111111100333333011100333330011111110030111111110033333001110033330011111111003011
11111111122210010000011111111000111110033333330011111103333333011003333333001111110330111111100333333300100333333001111111033011
11111111122100011100011111111101111110333000333011111103300000011033300033301111100330111111103330003330003330033300111110033011
11111111122100001111111111110001111110330010033011111103301111111033001003301111103330111111103300100330033000000330111110333011
11111111111100011111111111102221001110000111033011111003300000111033011103301111003330111111103301110330033011110330111100333011
11111111111100011111111111023322220111111110033011111033333330111000011103301110033330111111100001110330033010010330111003333011
11111111111111111111111111033322233111111000330011111033333330011111111003301110330330111111111111100330033001100330111033033011
11111111111111111111111100133222223311111033330111111033000033001111111033001100330330111111111111103300033300003330110033033011
11111111111111111111111101233112332330111033330011111000012003301111110033011003300330111111111111003301003333333300100330033011
11111111111111111111111022233211333332011000333011111111111103301111100330010033300330111111111110033001100333333301003330033011
11111111111111111111111012233332332333111110033011111111000103301111003300110333000330001111111100330011110000333001033300033000
11111111111111111111111000133333332200001111033011111000000003301110033001110333333333301111111003300111111100330010033333333330
11111111111111111111111000022133332203300110033011110030000033001100330011110333333333301111110033001111111003300110033333333330
11111111101111111111111000013123333303330000333000000333000333011003300000000000000330000000100330000000110033001110000000033000
10011111101110111111010000002312333300333333330003300033333330010033333333301111110330110330003333333330100330011111111111033011
00111111111110111111100100001322332330003333300103301003333300110333333333301111110330110330033333333330103300111100111111033011
01111111112110111111100100000133332223200000001100001100000001110000000000001111110000110000000000000000000001111000111111000011
01111111112211111111110110000123332222232001111111111111011111111111111111111111111111111111111100122210000111110000111111110111
00111111001111111111110111000012333332331001011111111100000000111111111111111111111111101111111100012211000111110000111111110111
10111111001111111111100121100002223333310000001111111010000000111111111111111111011111101111111100001111100011110001111110011110
11111111111111111111001112210002222211000000100011111110000000111111111111111110011111111001111100001111110011111111111100011111
11111111111111111100011101111012211101000000100001100110000000011011111111111011111111111000111111001111110111111111111000110111
11111111111110111011122100110001110000100000000001110010000000011001111111111001111111111100111111111111111111111111111101111111
11111111111000000000000000000000000000000000000000100001000000000000000111111111100000000000000000011111111000111111111101111000
11111111111033300300000330030003033330333000000000003000100000000000000001111111103330003300300003011111110030111110110001101000
11111111111030030300003003003030030000300300000000033000000000000000000001111111103003030030300003011111110330011100100000010000
11111111111030030300003003000300030000300300000000003000000000000000000000111111103330030030300003011111000030001100100000000000
11111111111033300300003333000300033300333000000000003000010000000000000000001111103003033330300003011110000030001100000000000000
00111111111030000300003003000300030000303000000000003000000000000000000000000100003003030030300003000011111030011100000000000000
00111111111030000333303003000300033330300300000000003000000000000000000000000000003330030030333303333011110030011100000000000000
10111111111000000000000000000000000000000000000000000000000000000000000000000000000000000000000000000011110000001110000000000000
