22222222222222211222222100000000000000000011010000111111121111111111111111112222221111111111111212122221111222112211111111111110
11222222222222222222222100000000000000000011110000111111111111111111111111111211122111111111111112212222222222122211111111111110
11222222222222222222222111000000000000101111111100011110111111111111111111111111112111111111111111112222221222122211111111111100
21222222222221222222222211000000000000001111110000011100111111111111111111111111111111111111111111112222221222112221111111111110
22200000000000000022222211100000000000000000000000001100000000001111111111111111111111111111111111222222000000002221100000000100
21103333333333333102220000000000000000000333333320000002333333301111110000000011111111111100000000112211033333302221023333330110
21103133133313313200200122221000000000000313313320000003331331300001100122221001111111111001222210012210231331310210223133130110
11003333333333333220013333333310000000000333333331000003333333300000013333333310111111100133333333102202233333330202223333330100
21001133333333311222233333333333100000000333333332000013333333300002233333333333111111022333333333331022233333331022213333330100
21111131333331311122233333333333300000000333333332000023333333300022233333333333301110222333333333333022133333332222113333330100
22221033333333321122223333333333320000000333333333000033333333300122223333333333320101222233333333333221133333333221113333330100
22222033333333321122223333333333331000000313333313100131333331300122223333333333331001222233333333333321131333313311113133130100
22222033333333321122222233333333333100000333333333100233333333301122222233333333333101222222333333333331133333333331113333330111
22222033333333321122222233333333333100000333333333200333333333301122222233333333333101222222333333333333133333333333113333330111
21222031333331321122222223333333333100000333333333200333333333301122222223333333333301222222233333333333133333333333313333330100
21122033333333231122222222333333333100000333333233311333323333301122222222333333333301222222223333333333133333333331323333330100
21122033333332231112222223333333333200000333333222211333223333301112222223333333333301122222233333333332133333332333333333320100
21212033333322231111122222223333333200000313312221222313222131301111122222223333333201111222222233333332133333322333333333220000
22222033333222231111122222222322322101110333322122222332212333201111122222222322322201111222222223223222131333121331333332120100
12222031332221231111111222222222222022110333222112222222112332201111111222222222222001111112222222222221133332221133333322220100
12222033322222233111111222222222222022220332222112222231112322200111111222222222222000111112222222222221133322221113333222220100
22200033222222233311111111222222221333330222222102222231012222200111111111222222221000111111112222222211133222221113332222220100
22202222222222222211111111112122210333330222222102232221012222200011111111112122210000011111111121222111122222221111322222220100
22202122122221221231111111111111103333330212212102122121012121200001111111111111100000001111111111111011122222221111132222220111
22202222222222222233111111111110033333330222222102222221012222200000111111111110000000000111111111100011121222120111112122120122
22200111111111111113311111111100333333330111111101111111011111100000001111111100000000000001111111000011122222220011112222220122
22222011111111111111300000000033333333330011111100111111011111001111000000000000000000000000000000000011111111100001111111110222
22222200000000000000002233333333333333333000000003000000300000022121000000000000000000000000000000000011111111001200111111100222
22222222222222322222222333333333333333333333333333333333333333333222111100000000000000000000000000011000000000001120000000002222
22222222222222222222222333333333333333333333333333333333333333333333222110000000000000000000000000011000100111012112112222222222
22222222222222222222222322333333233333333333333333333333333333333333332221000000000000000000000000000000111111001211112222222222
22222222222222232222222222233333333333333333333333333333333333333333333332110000000000000000000000000011111111001111122222222211
