22222222222222222222322323233333333333333333333222222110100000000000000000000000000000000000000000000011111111111211111011111100
22222222222222222222233323233333333333333333333333333222211000000000000000000000000000000000000000000001111111111121111112321111
22222222222222222222223333333333333333333333333333333333222100000000000000000000000000000000000000000000111111111121111113211122
22222222222222222222223333333333333333333333333333333333333222110000000000000000000000000000000000000000011111111111111122100122
22200000000000000022222233333333333333330000000000333330000000001111000000000000000000000000000000000000000000001222100000000222
22203333333333333102220000000033333333330333333320333302333333302121000000000000000000000000000000000000033333301222023333330222
22203133133313313200200122221003333333330313313320333303331331303222100122221000000000000001222210011100231331310120223133130222
22203333333333333220013333333310333333330333333331033303333333303330013333333310000000000133333333101002233333330102223333330222
22201133333333311222233333333333133333330333333332033313333333303302233333333333100000022333333333331022233333331022213333330222
22222131333331311122233333333333303333330333333332033023333333303022233333333333300000222333333333333022133333332222113333330211
22222033333333321122223333333333320333330333333333033033333333303122223333333333320001222233333333333221133333333221113333330100
22222033333333321122223333333333331032230313333313133131333331300122223333333333331001222233333333333321131333313311113133130110
22222033333333321122222233333333333102220333333333103233333333301122222233333333333101222222333333333331133333333331113333330110
22222033333333321122222233333333333102220333333333203333333333301122222233333333333101222222333333333333133333333333113333330110
22222031333331321122222223333333333102220333333333203333333333301122222223333333333301222222233333333333133333333333313333330110
23222033333333231122222222333333333102220333333233311333323333301122222222333333333301222222223333333333133333333331323333330110
22222033333332231112222223333333333201110333333222211333223333301112222223333333333301122222233333333332133333332333333333320110
22222033333322231111122222223333333200000313312221222313222131301111122222223333333201111222222233333332133333322333333333220110
22222033333222231111122222222322322100000333322122222332212333201111122222222322322201111222222223223222131333121331333332120210
22222031332221231111111222222222222000000333222112222222112332201111111222222222222001111112222222222221133332221133333322220212
22222033322222233111111222222222222000000332222112222231112322200111111222222222222000111112222222222221133322221113333222220223
11200033222222233311111111222222221000000222222102222231012222200111111111222222221000111111112222222211133222221113332222220222
11202222222222222211111111112122210000000222222102232221012222200011111111112122210300011111111121222111122222221111322222220211
11102122122221221231111111111111100000000212212102122121012121200001111111111111103330001111111111111011122222221111132222220210
11102222222222222233111111111110000000000222222102222221012222200000111111111110033333000111111111100011121222120111112122120200
11100111111111111113311111111100000000000111111101111111011111100000001111111100333333330001111111000011122222220011112222220100
11122011111111111111300000000000000000000011111100111111011111000000000000000003333333333300000000000011111111100001111111110100
22122200000000000000000000000000000000000000000000000000000000000000000000002333333333333333332100000011111111000000111111100100
22221222222223321000000000000000000000000000000000000000000000000000000000000233333333333333333200000000000000000000000000001100
22222222222223331000000000000000000000000000000000000000000000000000000000000133333333333333333211000000000000000000000121012200
12222222222222331000000000000000000000000000000000000000000000000000000000000133333333333333333321000000000000000000000122222200
12222222222222332100000000000000000000000000000000000000000000000000000000000023333333333333333332100000000000000000000022222200
