12222111222222222222222223232322232222222222111111111000000000000000000000000000000000000000000010010111111122222211111111111100
22221111222222222223232232233333333333333222222222221100000000000000000000000000000000000000000010000011111112211211111111111100
22222222222222222222322323233333333333333333333222222110100000000000000000000000000000000000000000000011111111111211111011111100
22222222222222222222233323233333333333333333333333333222211000000000000000000000000000000000000000000001111111111121111112321111
22200000000000000022223333333333333333330000000000333330000000000000000000000000000000000000000000000000000000001121100000000122
22203333333333333102220000000033333333330333333320333302333333300000000000000000000000000000000000000000033333301111023333330122
22203133133313313200200122221003333333330313313320333303331331301111000122221000000000000001222210000000231331310220223133130222
22203333333333333220013333333310333333330333333331033303333333302120013333333310000000000133333333100002233333330202223333330222
22201133333333311222233333333333133333330333333332033313333333303202233333333333100000022333333333331022233333331022213333330222
22222131333331311122233333333333303333330333333332033023333333303022233333333333300000222333333333333022133333332222113333330222
22222033333333321122223333333333320333330333333333033033333333303122223333333333320001222233333333333221133333333221113333330222
22222033333333321122223333333333331033330313333313133131333331300122223333333333331001222233333333333321131333313311113133130211
22222033333333321122222233333333333103330333333333103233333333301122222233333333333101222222333333333331133333333331113333330100
22222033333333321122222233333333333102230333333333203333333333301122222233333333333101222222333333333333133333333333113333330110
22222031333331321122222223333333333102220333333333203333333333301122222223333333333301222222233333333333133333333333313333330110
22222033333333231122222222333333333102220333333233311333323333301122222222333333333301222222223333333333133333333331323333330110
22222033333332231112222223333333333202220333333222211333223333301112222223333333333301122222233333333332133333332333333333320110
23222033333322231111122222223333333202220313312221222313222131301111122222223333333201111222222233333332133333322333333333220110
22222033333222231111122222222322322101110333322122222332212333201111122222222322322201111222222223223222131333121331333332120110
22222031332221231111111222222222222000000333222112222222112332201111111222222222222001111112222222222221133332221133333322220110
22222033322222233111111222222222222000000332222112222231112322200111111222222222222000111112222222222221133322221113333222220210
22200033222222233311111111222222221000000222222102222231012222200111111111222222221000111111112222222211133222221113332222220212
22202222222222222211111111112122210000000222222102232221012222200011111111112122210300011111111121222111122222221111322222220223
11202122122221221231111111111111100000000212212102122121012121200001111111111111103330001111111111111011122222221111132222220222
11202222222222222233111111111110000000000222222102222221012222200000111111111110033333000111111111100011121222120111112122120211
11100111111111111113311111111100000000000111111101111111011111100000001111111100333333330001111111000011122222220011112222220210
11112011111111111111300000000000000000000011111100111111011111000000000000000003333333333300000000000011111111100001111111110200
11122200000000000000000000000000000000000000000000000000000000000000000000123333333333333333111000000011111111000000111111100100
11122222222233320000000000000000000000000000000000000000000000000000000000013333333333333333221000000000000000000000000000000100
22122222222223320000000000000000000000000000000000000000000000000000000000002333333333333333332100000000000000000000001222000100
22221222222223321000000000000000000000000000000000000000000000000000000000000233333333333333333200000000000000000000001121001100
22222222222223331000000000000000000000000000000000000000000000000000000000000133333333333333333211000000000000000000000121012200
