00000000000000000000000000000000000000000000000000000000000000000000000000010000000000000000000000000000111000000000000000000000
00000000000000010000000000000000000000000100000033333000000000003333000000000000300000033000000000033000010033333000000033330000
00000000000000010000000000000000000000000000000333333300000000033333300000000003300000333000000000333000000333333300000333333000
00000000000000111000000000000000001000000000003330003330000000333003330000000003300003333000000003333000003330003330003300003300
00000000000000010000000000000000000000000000003300000330000003300000033000000033300000033000000000033000003300000330033000000330
00000000000000010000000000000000000000000000003300000330100003300000033010000033300000033000000000033000003300000330033000000330
00000000000000000000000000000000000000000000000000000330000003300001033000000333300000033000000000033000000000000330033000000330
00000000000000000000000000000000000001000000000000100330000003300000033000003303300000033000000000033000000000000330033000000330
00000000000000000000000000000000000000000000000000003300000003330000333000003303300000033000000000033000000000003300033000000330
00000000000000000000000000001000000000000000000000003301000000333333330000033003300000033000000000033000000000003300033000000330
00000000000000000000000000000000000000000000000000033000000000033333330000333003300000033000000000033000000000033000033000000330
00000000000000000000000000000000000000000000000000330000000000000033300003330003300000033000000000033000000000330000033000000330
00000000000000000000000000000000000001000000000003300000100000000033000003333333333000033000000000033000000003300000033000000330
00000000000000000010000000000000000000000000000033000000000010000330000003333333333000033000000000033000000033000000033001000330
00000000000000000000000000000000000000000000000330000000000000003300000000000003300000033000000000033000000330000000003300003300
00000000000000000000000000001000000000000000003333333330033000033000100000000003300000033000033000033000003333333330000333333000
00000000000000000000000000000000000000000000033333333330033000330000000000000003300000033000033000033000033333333330000033330000
00000000000000000000000000000000000010000000000000000000000000000000000000000000000000000000000000000000000000000000000000000000
00000000000000000000000000000000000000000100000000000000000000001000100010000000000000000000000000000000000000000000000000000000
00000000000000000000000000000000000000000000000000000000000010000010000000000000000000000000000000000000000000000000000000000000
00000000000000000000000000000000000000000000000000001000000000000000000000000010000100000000000000000001000000000000000000000000
00000000000000000000000000000000000000000000010000000000000000000000000000010000000000000000000000000000000000000000000000000000
00000000000000000000000000000000000000000000000000000000000000010000000000000000000000000000000000000000000000000000000000000000
00000000000000000000000000000000000000001000000000000010000010000000000000000000000000000000000000000000000000000000000000000000
00000000000000000000000000000000000000000000000000100000000000000000100000000000000000000000000000000000000000000000000000000000
00000000000033300300000330030003033330333000000000003000000000000000000000000000003330003300300003000000000030000000000000000000
00000000000030030300003003003030030000300300000000033000000000001000000010000000003003030030300003000000000330000000000000000000
00000000000030030300003003000300030000300300000000003000100001000000000000000000003330030030300003000000000030000000000000000000
00000001000033300300003333000300033300333000001000003000000000000000000000000000003003033330300003000000000030000000000000000000
00000011100030000300003003000300030000303000000000003000000000000000010000000000003003030030300003000000000030000000000000000000
00000001000030000333303003000300033330300300000000003000000000000000000000000010003330030030333303333000000030000000000000000000
00000001000000000000000000000000000000000000000000000000000100000010000000000000000000000000000000000000000000000000000000000000
