00000000000000000000000000000000000000000000000000000000000000000000000000000000000000000000000000000000000000000000000000000000
00000000000000000000000000000000000000000000000000000000000000000333333333300000000033000000000033333300000033333000000033330000
00000000000000000000000000000000000000000100000000000000000000000333333333300000000330000000000333333300000333333300000333333000
00000000000000000000000000000000000000000000000000000000000000000000000033000010003300000000000330000000003330003330003330033300
00000000000000000000000000000010000000000000000000000000000000000000000033000000033000000010000330000000003300000330033000000330
00000000000000000000000000000000000000000000000100000000000000000100000330000000330000000000000330000000000000000330033000000330
00000000000000000000000000000000000000000000000000000000000000000000000330000003333300000000003333333000000000000330033000000330
00000000000000000100000000000000000000010000000000000010000000000000003300000033333330000000003333333000000000003300033000000330
00000000000000000000000000000000000000000000000000000000000000000000003300000033300333000000003300003300000000333300033300003330
00000000000000000000000000000000000000000000000000000000000010000000033000000333000033300000000000000330000000333300003333333300
00000000000000000000000000000000000000000000000000000000000000000000033000000330000003300000000000100330000000003330000333333300
00000000000000000000000000000000000000000000000000000000000000000000330000000330000003300000000000000330000000000330000000333000
00000000000000000000000000000010000000000000000000000000101000000000330000000330000003300000000000000330000000000330000000330000
00010000000000000000000000000000000000000000001000000000000001000003300000000333000033300100003000003300033000000330000003300000
00000000000000000000000000000000000000000000000000000000000000000003300000000033300333000000033300033300033300003330000033000000
00000000000000000000000000000000000000000000000000000000000100000033001000000003333330000330003333333000003333333300000330000000
00000000000000000000000000000000000000000000000000000000000000000333000001000000333300000330000333330000000033333000003300000000
00000000000000000100000000000000000000000001000000010000001000000000000000000000000000000000000000000000000000000000000000000000
00000000000000000000000000000000000000000000000000000000000000100000001000000000000000000000000000000000000000000000000000000000
00000000000000000000000000001000000000000000000000000000001000000000100000000000000000000000000000000000000000000000000000000000
00000000000000000000000000000000000000000000000000000000000000000001000001000010000000000000000000000000000000000000000000000000
00000000000000000000000000000000000100000000000000000000000000100000000000000000000000000000000000000000000000000000000000000000
00000000000000000000000000000000000000000000000000010000010000000000001000000000000000000000000000000000000000000000000001000000
00000100000000000000000000000000000000000000000000000000000000000000000000000000000000000000001000000000000000000000000011100000
00001110000000000000000000000000000000000000000000000000000000000000000000000000000000000000000000000000000000000000000001000000
00000100000033300300000330030003033330333000000000003000000000000000000000000000003330003300300003000000000030000000000000000000
00000000000030030300003003003030030000300300000000033000000000000010000000000000003003030030300003000000000330000000000000000000
00000000000030030300003003000300030000300300000000003000000000000000000000000000003330030030300003000000000030000000000000000000
00000000000033300300003333000300033300333000000000003000000000100000000001000000003003033330300003000000010030000000000000000000
00000000000030000300003003000300030000303000000010003000000000000000000000000000003003030030300003000000000030000000000000000000
00000000000030000333303003000300033330300300000000003000000000000000000000000000003330030030333303333000000030000000000000000000
00000000000000000000000000000000000000000000000000000000000000000001000000000001000000000000000000000000000000000000000000000000
