00000000000000000000000000000000000000000000000000000000000000000000000000000000000000000000000000000000000000000000000000000000
00000000000333330000300000000000000000000000000000000000000000000000000000000000033300000000000000000000000003333333000000000000
00000000033001113300301000000000000000000000000000000000000000000000000000000000333331000000000000000000000000033333110000000000
00000000330110000333301000000000000000000000000000000000000000000000000000000000333331100000000000000000000000033333110000000000
00000000331100000033311000000000000000000000000000000000000000000000000000000000333331100000000000000000000000033333110000000000
00000003331100000003311000000000000000000000000000000000000000000000000000000000033311100000000000000000000000033333110000000000
00000003333100000000311000000000000000000000000000000000000000000000000000000000000111000000000000000000000000033333110000000000
00000003333310000000301000000000000000000000000000000000000000000000000000000000000000000000000000000000000000033333110000000000
00000003333333000000001003333333033333000000000003333300000000000003333330000033333330000000003333330000000000033333110000000000
00000000333333330000000000033333333333310000000033311333000000000333013333100000333331100000330013333300000000033333110000000000
00000000333333333300000000033333311333331000000333311033310000003331110333310000333331100003331100333331000000033333110000000000
00000000033333333333000000033333111033331100003333111033311000033331100333311000333331100033331100333331100000033333110000000000
00000000003333333333310000033333110033333100003333110033331000033331100333111000333331100033331100333331100000033333110000000000
00000000000033333333311000033333110033333110033333110033331100333331100001110000333331100003331100333331100000033333110000000000
00000000000000333333331000033333110033333110033333333333331100333331100000000000333331100000011133333331100000033333110000000000
00000003000000003333331100033333110033333110033333111111111100333331100000000000333331100000003300333331100000033333110000000000
00000003010000000033331100033333110033333110033333110000000000333331100000000000333331100000333011333331100000033333110000000000
00000003310000000003331100033333110033333110033333110000000000333333100000000000333331100003333110333331100000033333110000000000
00000003311000000003331100033333110033333110033333310000000000333333110000000000333331100033333110333331100000033333110000000000
00000003331000000003311100033333110033331110003333311000030000033333310000300000333331100033333110333331100000033333110000000000
00000003333100000033011000033333110033331100003333331000300100003333331003001000333331100033333113333331100000033333110000000000
00000003311330000330110000033333310333311100000333333333001000000333333330010000333331100033333330333333300000033333110000000000
00000003011003333301100000033333133333111000000003333311110000000033333111100033333333300003333111133331111003333333330000000000
00000000010000011111000000033333110111110000000000011111000000000000111110000000111111111000011110000111100000011111111100000000
00000000000000000000000000033333110000000000000000000000000000000000000000000000000000000000000000000000000000000000000000000000
00000000000000000000000000033333110000000000000000000000000000000000000000000000000000000000000000000000000000000000000000000000
00000000000000000000000000033333110000000000000000000000000000000000000000000000000000000000000000000000000000000000000000000000
00000000000000000000000000033333110000000000000000000000000000000000000000000000000000000000000000000000000000000000000000000000
00000000000000000000000000033333110000000000000000000000000000000000000000000000000000000000000000000000000000000000000000000000
00000000000000000000000003333333330000000000000000000000000000000000000000000000000000000000000000000000000000000000000000000000
00000000000000000000000000011111111100000000000000000000000000000000000000000000000000000000000000000000000000000000000000000000
00000000000000000000000000000000000000000000000000000000000000000000000000000000000000000000000000000000000000000000000000000000
