00000000000000000000000000000000000000000000000000000000000100000000100000000000000000000000000000000000000000000000000000000000
00000000000000000000000000000000000000000000000000000000000000000000000000000000100000000000000033333000000033333000000033333000
00000000000010000000000000000000000000000000100000000000000000000000000000000000000000000000000333333300000333333300000333333300
00000000000000000000000000000100000000000000000000000000000000010000000000000000000000000000003330003330003330003330003330003330
00000001000000000000000000000000000000000000000000000000000000000000000000000000000000001000003300000330003300100330003300000330
00000000000000000000000000000000000000000000000000000000000000000000000000000000000000000000003300000330000000000330003300000330
00000000000000000000000000000000000000000000000000000000000000000000000010000000000000000000000000000330000000000330000000000330
00000000000000000000000000000000000000001000000000000000000000000001000000000001000000000000000000000330000000003300001000000330
00000000000000010000000000000000000000000000000000001000000000010000000000000000000000000000000000103300001000333300000000003300
00000000000000000000000000000000100000000000001000000000100000000000000000000000000000000000000000003300000000333300000000003300
00000000000000000000000000000000000000000000000000000000000010000000100000000000000000000000000000033000000000003330000000033000
00000000000000000000000000000000000000000000000000000000000000000000000000000000000001000000000000330000000000000000000000000001
10000000000011000000000000000000000110000011001100011000001000000111000011000010011000000011000111000001100001100000000000000001
10000000000111100000000000000000011111100011111110111100001111000011111001111011110000000111100011111011110000111100000000000001
10000000000000000000000000000000000000000000000000000000001111110000000000000000000000000000000000000000000000000000000000000001
10000000000000000000000000000000000000000000000000000000010000010000000000000000000000000000000000000000000000000000000000000001
10000000000000000000000000000000000000000000000000000000010000110000000000000000000000000000000000000000000000000000000000000001
10000000000000000000000000000000000000000000000000000000001111100000000000000000000000000000000000000000000000000000000000000001
10000000000000000000000000000000000000000000000000000000000000000000000000000000000000000000000000000000000000000000000000000001
10000000000000000000000000111000011000000000000111111100000000000000000000000000000000000000111111100000000000111001110000000001
10000001100000000000000000011000011001100000000011000100000000000001000000000000000000000000011001110000000000011000110000000001
10000001100000000000000000011000000001100000000011000000000000000011000000000000000000000000011000110000000000011000110000000001
10000011111000011110000000033000333033333000000033000000333303330333330033303300333300000000033000300003333000033000330000000003
30000003300000330033000000033000033003300000000033333300033000300033000003330303000330000000033333000030003300033000330000000003
30000003300003300003300000033000033003300000000033000000003303000033000003300000000330000000033000330000003300033000330000000003
30000003300003300003300000033000033003300000000033000000000330000033000003300000003330000000033000033000033300033000330000000003
30000003300003300003300000033000033003300000000033000000003033000033000003300000330330000000033000033003303300033000330000000003
30000003300000330033000000033000033003300000000033000030033003300033000003300003300330000000033000333033003300033000330000000003
30000000333300033330000000333300333300333300000333333330333033330003333033330003333333000000333333300033333330333303333000000003
30000000000000000000000000000000000000000000000000000000000000000000000000000000000000000000000000000000000000000000000000000003
30000000000000000000000000000000000000000000000000000000000000000000000000000000000000000000000000000000000000000000000000000003
33333333333333333333333333333333333333333333333333333333333333333333333333333333333333333333333333333333333333333333333333333333
