00000000000000000000000000000000000000000000000000000000000000000000000000000000000000000000000000000000000000000000000000000000
00000000000000000000000000000000000000000000330000000000333300000000333300000000333330000000000033333000000000003300000000003300
00000000000000000000000000000000000000000003300000000003333330010003333330000003333333000000000333333300000000033000000000033000
00000000000000000000000000000000000000000033000000000033000033000033000033000033300033300000003330003330000000330000000000330000
00000000000000000000000000000000000000000330000000000330033003300330000003300033000003300000003300000330000003300000000003300000
00000000000000000000000000000000000000003300000000000330333303300330331003300000000003300000003300000330000033000000000033000000
00000000000000000000000000000000000000033333000000000330333303300330333103300000000003300000000000000330000333330000000333330000
00000000000000000000000000000000000000333333300000010330333303300330333303300000000033000000000000000330003333333000003333333000
00000000000000000000000000000000011000333003330000130330333303300330333303300000003333000000000000003300003330033300003330033300
00000000000000000000000000000001233303330000333000330330333103300330223303300000003333000000000000003300033300003330033300003330
00000000000000000000000000000002333303300000033001330330333103300330001103300000000033300000000000033000033000000330033000000330
00000000000000000000000000000003332203300000033002330330333303300330221103300000000003300000000000330000033000000330033000000330
00000000000000000000000000000002221103300000033003330330333303300330333303300000000003300000000003300000033000000330033000000330
00000000000000000000000000000002221103330000333023330330033003300330033003300330000003300000000033000000033300003330033300003330
00000000000000000000000000000001111100333003330000000033000033000033000033000333000033300000000330000000003330033300003330033300
00000000000000000000000000000000111120033333300103303003333330033003333330020033333333000330003333333330000333333000000333333000
00000000000000000000000000000000001220003333002203302200333300333300333300320000333330000330033333333330000033330000000033330000
00000000000000000000000001222111011120100000021200002220000003333320000003320000000000000000000000000000000000000000000000000000
00000000000000000000000012333321111121221111111223322333322333333223332333320000000000000000000000000000000000000000000000000000
00000000000000000000001232233221111111110100010233323333333333332233332233310000000000000000000000000000000000000000000000000000
00000000000000000000001211222211110000000000000232323333333333322333333133200000000000000000000000000000000000000000000000000000
00000000000000000000000110112110100000000100011122223333333233322233333133200000000000000000000000000000000000000000000000000000
00000000000000000000000210011100110001111111222122222333333233322333333233100000000000000000000000000000000000000000000000000000
00000000000000000000000110000000111111111222222222222333333233222233332233000000000000000000000000000000000000000000000000000000
00000000000000000000000000000000000000000011111111200022333233233233332231000000000000000000000000000000000000000000000000000000
00000000000033300300000330030003033330333000000000003032333322223233222320000000003330003300300003000000000030000000000000000000
00000000000030030300003003003030030000300300000000033022223222222322223310000000003003030030300003000000000330000000000000000000
00000000000030030300003003000300030000300300000000003022222222222222333200000000003330030030300003000000000030000000000000000000
00000000000033300300003333000300033300333000000000003022222222222222322000000000003003033330300003000000000030000000000000000000
00000000000030000300003003000300030000303000000000003022222222222222210000000000003003030030300003000000000030000000000000000000
00000000000030000333303003000300033330300300000000003001122222222222100000000000003330030030333303333000000030000000000000000000
00000000000000000000000000000000000000000000000000000000001122111000000000000000000000000000000000000000000000000000000000000000
