00000000000000000000000000000000000000000000000000000000000000000000000000000000000000000000000000000000000000000000000000000000
00000000000000000003300000003333330000003333000000000000333300000000333300000000333300000000000033330000000033330000000033330000
00000000000010000033300000033333330000033333300000000003333330000003333330000003333330000000000333333000000333333000000333333000
00000000000000000333300000033000000000333003330000000033300333000033000033000033000033000000003300003300003300003300003300003300
00000001000000000003300000033000000003300000033000000330000003300330000003300330000003301000033000000330033000100330033000000330
00000000000000000003300000033000000003300000033000000330000003300330000003300330000003300000033000000330033000000330033000000330
00000000000000000003300000333333300003300000033000000330000003300330000003300330000003300000033000000330033000000330033000000330
00000000000000000003300000333333300003300000033000000330000003300330000003300330000003300000033000000330033000000330033000000330
00000000000000010003300000330000330003330000333000000333000033300330000003300330000003300000033000100330033000000330033000000330
00000000000000000003300000000000033000333333330000000033333333000330000003300330000003300000033000000330033000000330033000000330
00000000000000000003300000000000033000033333330000000003333333000330100003300330000003300000033000000330033000000330033000000330
00000000000000000003300000000000033000000033300000000000003330000330000003300330000003300000033000000330033000000330033000000330
00000000000000000003300000000000033000000033000000010000003300000330000003300330000003300000033000000330033000000330033000000330
00000000000000000003300100300000330000000330000000000000033001000330000003300330000003300000033000000330033000000330033000000330
00000000000000000003300003330003330000003300000000000000330000000033000033000033000033000000003300003300003300003300003300003300
00000000000000000003300000333333300000033000000003300003300100000003333330000003333330000330000333333000000333333000000333333000
00000000000000001003300000033333000000330000000003300033000000000000333300000000333300000330000033330000000033330000000033330000
00000000000010000000000000000000000000000000000000000000000000000100000000000000000000000000000000000000000000000000000000000000
00000000000000000000000000000000000000000000000000000000000001000000000000000000000000000000000000000000000000000000000000000000
00000000000000000000000000000000000000000000000000000010000000000010000000000000000000000000000000000000000000000000000000000000
00000000000000000000000010000000000000000000000000000000000000000000000000000000000000000000000000000000000000000000000000000000
00001000000000000000000000000000000000000000000010000000000000001000000000000000000000000000000000000000000000000000000000000000
00000000000000000000000000000000000000000001000000000000100001000000000000000000000000000000000000000000000000000000000000000000
00000000000000000000000000000000001000000000000000001000000000000000010000000000000000000100000000000000000000000000100000000000
00000000000000000000000000000000000000000000000000000000000000000100000000000000001000000000000000000000000000000000000000000000
00000000000000330300300330003300333000330033300000003000000000100000000000000000000333000330030000033000000330000000000000000000
00000000000000030300303003030030300303003030030000033000001000000000000000000000000300303003030000300300003003000000000000000000
00000000000000030300303000030030300303003030030010003000000000000000000000000000000333003003030000300300000003000000000000000000
00000000100000030300303033033330300303003033330000003000000000000000001000000100000300303003030000333300000330000000000000000000
00000000000030030300303003030030300303003030300000003001000000000001000000000000000300303003030000300300003000000010000000000100
00000000000003300033000330030030333000330030030000003000000000000000000000000000000333000330033330300300003333000000000000000000
00000000000000000000000000000000000000000000000000000000000000000000000000000000000000000000000000000000000000000000000000000000
