10000001000000000000000000000000000000000000000000000000112101210011112332212333333200000000000000000000000012333333333333333100
10333001000000000300000003003330030000000300030003000000221011210001112322101222123321100000000000000000001223333333333333333200
00333012000000003030000030003000303000003030303030300000200001100011111232201001002321211122221000000000012333333333333333333200
00033012000000000030000030303300003000000030030030300000210001211211111133210001101110021133333222100000123333333333333333333200
01033012000000000300000033300030030000000300003030300000322110221321111123221101101001112123211233310122333333333333333333323200
01033022000000003000000000303030300000003000303030300000333322333332211112222211100002112123100111221133333332223333333333323200
01033022000000003330030000300300333003003330030003000000333333333333322111233321110001111113210000010123223331122233333333333200
01033022000000000000000000000000000000000000000000000000333333333333333210112233322112221112321001010113112211111123333333332200
01000022222222222222222222222233333333333333333333333333333333333333333320011123333333333211232001001112212100001111232233333200
01100122222222222222222222222222333333333333333333333333333333333233333320010013333333333332112221100111211101101111122223333200
01100122222222222222222222222222333333333333333333333333333333222222333320000013333333333333111123321221122110100000112223333200
01100111211222222222222222222232233333333333333333333333332223222222333210110013333333212223311012333333221222210000112322333200
00000111111222212222222222222222233333333333333333333333332211112111112111111113333333222322110112333333330123332210011221333300
00001111122221122222222221222223333333333333333333333333333211111111111111111112222112222221011112333212222123333310000231233300
00000112122221221222222222222222233333333333333333333333333322232222222222211233333111111011111122222112212123322222000132233200
00000011111121221222222222222223333333333333333333333333333333333333333333333333333222221111222232111111112211101100000132133200
00000011111111211221212222222222333333333333333333333333333333333333333333333333333333322223333333232222223211000000001122133300
00000011111111211221122212222222323333333333333333333333333333333333333333333333333333333333333333333333333110000000001123133300
00000001111111111111121112222223333333333333333333333333333333333333333333333333333333333333333322233333322000000000000122133300
00000001111112111221211122222222333333333333333333333333332222222223333333333333211111233333333311123333310000000000000122133200
00000000111111111121212222222222333333333333333333333333332000000012333333333333310000123333333321012333331000000000000132233200
00000000111111111121211122222222232233333333333333333333333200000001333333333333331000013333333331001333333100000000000231233200
00000000112111111111221222222222222333333333333333333333333320000000133333333333332101001333333332100233333200000000001221233200
00000000011121111111211222222222323333333333333333333333333332110110023333333333333210011233333333310023333320000000012212333200
00000000011000000000000000000000000000000033333333300033333333200111012333333333300000000000000000031013330000000000012212332200
00000000011033300300000330030003033330333003333333003033333333310110001333333333303330003300300003032002300330000000122223322100
00000000000030030300003003003030030000300302333333033033333333331010001233333333303003030030300003031012303003000001222233311100
00000000000030030300003003000300030000300303333333003033333333332000001123333333303330030030300003010012200030000012212233222100
00000000000033300300003333000300033300333003333333303033333333333200001112333333303003033330300003000001200003011122222322222100
00000000000030000300003003000300030000303003333333303033333333333310011112333333303003030030300003000000103003012222222222222100
00000000000030000333303003000300033330300303333333303033333333333200000123332221103330030030333303333000000330012222222222222100
01000000000000000000000000000000000000000002233333300033333333332000000012111000000000000000000000000000000000111222222222222100
