00000000000000000000000000000000000000000000000000000000000000000000000000000000000000000000000000000000000000000000000000000000
00000000000000000000000000000000000000000000000000000000000000000000000000000000000000000000000000000000000000000000000000000000
00000000000000000000000000000000000000000000000000000000000000000000000000000000000000000000000000000000000000000000000000000000
00000000000000000000000000000000000000000000000000000000000000000000000000000000000000000000000000000000000000000000000000000000
00000000000330000003300003333000033330000003300000033000000330000003300003333330033333000333300000000000000000000000000000000000
00000000003333000033330003333300033333000033330000333300003333000033330003333330033333300333330000000000000000000000000000000000
00000000003333000033330003303300033033000033330000333300003333000033330003300000033003300330330000000000000000000000000000000000
00000000003303000033030003303330033033300033030000330300003303000033030003300000033033300330333000000000000000000000000000000000
00000000003303000033030003300330033003300033030000330300003303000033030003333000033333000330033000000000000000000000000000000000
00000000003303000033030003300330033003300033030000330300003303000033030003333000033333000330033000000000000000000000000000000000
00000000003303000033030003303330033033300033030000330300003303000033030003300000033033300330333000000000000000000000000000000000
00000000033333300333333003303300033033000333333003333330033333300333333003300000033003300330330000000000000000000000000000000000
00000000033333300333333003333300033333000333333003333330033333300333333003333330033333300333330000000000000000000000000000000000
00000000033003300330033003333000033330000330033003300330033003300330033003333330033333000333300000000000000000000000000000000000
00000000000000000000000000000000000000000000000000000000000000000000000000000000000000000000000000000000000000000000000000000000
00000000011111100111111001111110011111100111111001111110011111100111111001111110011111100111111000000000000000000000000000000000
00000000011111100111111001111110011111100111111001111110011111100111111001111110011111100111111000000000000000000000000000000000
00000000000000000000000000000000000000000000000000000000000000000000000000000000000000000000000000000000000000000000000000000000
00000000000000000000000000000000000000000000000000000000000000000000000000000000000000000000000000000000000000000000000000000000
00000000000000000000000000000000000000000000000000000000000000000000000000000000000000000000000000000000000000000000000000000000
00000000000000000000000000000000000000000000000000000000000000000000000000000000000000000000000000000000000000000000000000000000
00000000000000000000000000000000000000000000000000000000000000000000000000000000000000000000000000000000000000000000000000000000
00000000000000000000000000000000000000000000000000000000000000000000000000000000000000000000000000000000000000000000000000000000
00000000000000000000000000000000000000000000000000000000000000000000000000000000000000000000000000000000000000000000000000000000
00000000000000000000000000000000000000000000000000000000000000000000000000000000000000000000000000000000000000000000000000000000
00000000000000000000000000000000000000000000000000000000000000000000000000000000000000000000000000000000000000000000000000000000
00000000000000000000000000000000000000000000000000000000000000000000000000000000000000000000000000000000000000000000000000000000
00000000000000000000000000000000000000000000000000000000000000000000000000000000000000000000000000000000000000000000000000000000
00000000000000000000000000000000000000000000000000000000000000000000000000000000000000000000000000000000000000000000000000000000
00000000000000000000000000000000000000000000000000000000000000000000000000000000000000000000000000000000000000000000000000000000
00000000000000000000000000000000000000000000000000000000000000000000000000000000000000000000000000000000000000000000000000000000
00000000000000000000000000000000000000000000000000000000000000000000000000000000000000000000000000000000000000000000000000000000
