00000000000000000000000000000000000000000000000000000000000000000000000000000000001000000000000000000000000000100000000000000000
00333000030003000300000003000300030000000300030003000000000000000000000000000000000000000000000000000000000000000000000000000000
00333000303030303030000030003030303000003030303030300000000000010000000000000000000000000000000000000000000000000000000000000000
00033000003003000300000030303030303000003030303030300000000000000000000000000000000000000000000000000000000000000000000000000000
00033000030000300030000033303030303000003030303030300000000000000000000000000000000000000001000000000000000000000000000000000000
00033000300030303030000000303030303000003030303030300000000000000000000001000000000000000000000000000000000000000000000000000000
00033000333003000300030000300300030003000300030003000000000000000000100000000000000000000000000000000000000000000000000000000000
00033000000000000000000000000000000000000000000000000000000000001000000000000000000000000000000000000001000000000000000000000000
00000000000000000000000000000000000000000000000000000000000000000000000000001000000000000000000000000000000000001000000000000000
00000000000000000000000000000100000000000000010000000000100000000000000000000000000000000000000000000000000000000000000000000000
00000000000000000000000000000000000000000000000000000000000000000000001000000000000000000000000000000000000000000000000000000000
00000000000000000000000000000000000000000000000000000000000000000000000000000000000000001000000000000000000000000000000000000000
00000000000000000000000000000000000000000000000000100000010000000000000000100000000000000000000000000000000000000000000000000000
00000000000000000001000000000000000000000000000000000000000001000100100000000000010000000000000000000000000000000000000001000000
00000000000000000000000000000000000000000000000000000000000000000000000000000000000000000000000000000000000000000000000000000000
00000000000000000000000000000000000000000000000000000000000000000000001000001000000000000000000100000000000000100000000000000000
00000000000000000000000000000100000000000000000010000100000100000000000000000000000000000000000000000000000000000000000000000000
00000000000000000000000000000000000001000000000000000000000000000000000000000000000000000000000000000000000000000000000000000000
00000000000000000000000000000000000000000010000000000000000000100000001001000000000000000000000000000000000000000000000000000001
00000000000000000000000000000000000000000000000000000000000000000000000000000000000000000000000000000000000000000000000000000000
00000000000000000000000000000000000000000000000000000100000000000000000000000000000001000000000000000000000000000000000000000000
00000000000000000000010000000000000000000000000000000000000000000000000000000100000000000000000000000000000000000000000000000000
00000000000000000000000000000000000000000000000100000000000000000100000000000000000000000000000000000000000000000000000000000000
00000000000000000000000000000000000000000000000000000000100000100000000000000000000000000000000000000000000000000000000000000000
00000000000000000000000000000000000000000000000000000001000000000000001000000000000000000000000000000000000000000000000000000000
00000000000033300300000330030003033330333000000000003000000000000000000000000000003330003300300003000000000330000000000000000000
00000000000030030300003003003030030000300300000000033000000000000100000000100000003003030030300003000000003003000000000000000000
00000000000030030300003003000300030000300300000000003000001000010000000000000000003330030030300003000000000030000000000000000000
00000000000033300300003333000300033300333000000100003000000000000000000000000000003003033330300003000000000003000000000000000000
00000000000030000300003003000300030000303000000000003000000000000000000000000000003003030030300003000000003003000000000000000000
01000000000030000333303003000300033330300300000000003000000000000000000100000000003330030030333303333000000330000000000000000000
11100000000000000000000000000000000000000000000000000000000000000000100000000000000000000000000000000000000000000000000000000000
