00000011000000000000000000000000000000000000000000000000222001011110023320011123333322212223333233332333333332222333333333200000
00333001000033303330000003000300030000000300030003000000222100000100012320011113333333333332222233332233333332222333333333310000
00333000000000300030000030303030303000003030303030300000222200001100021000010113322123333331111112333223233333323232333333331000
00033000000003000300000003003030303000003030303030300000322200001100010001100112321111321231001111223322233333322222233333332000
00033000000003000300000030303030303000003030303030300000333200000100000121100111322111110122001111111332223333332222233333333200
00033000000030003000000030303030303000003030303030300000223321100110000010001111222112001011000111111123222233333222333333333200
00033000000030003000030003000300030003000300030003000000112332221232100011121001123101100011000011111123222233333322233333333200
00033000000000000000000000000000000000000000000000000000111122333332221022232101113211101000000000111112223333332222233333333100
13000033333333333333322222222223333333332001000011011113333333333333333332210012332222100120000000011123222333333322233333333200
13333333333333333333322111122222223333332001110001111113333333333333333333321001123333322232100000011123212233333322233333333200
12333333333333333333332222222223222233332000010001111113333333333333333333331001102333333333321000001113322233333322223333333300
11222222222222322223222332233333333333332000001101111103333333333321233312331000002333333333332000000112321223333322223333333300
01111111111111112222222222222222222222222101110011111113333333333211122222331010002333333323333100000111331223333332233333333300
01000000010011111112222223211111111111111111110111111112333333332221222222332000002333332112323210000001332223333332223333333300
11111111111111222222222322221111111111111110000000100001111223321111111111111111112332221122221000000111232123333332223333333300
11222122122222222222222322221111211111111110110111121222212222321111111111111111123332111100000000000111232123333332223333333300
12222222122222222222222222222223332322332111112222223332223333332222222222222222333332011100000000000111232123333322223333333300
12222222222222222222222222333332333333332222222232333332333333333333333333333333333321111000000000000111232123333332223333333300
12222222222222222222222222233333333333333233333333333333333333333333333333333333333221111000000000000100232122333332223333333300
12222222222222222222222322322333333333333333333333333333333332333322222333333332321100000000000000000001231123333322223333333200
12222222222223233232222332323333333223333332333333333333323333211111102333333333321000000000000000000001231123333322223333333200
13222222233333333333323322322222212111222333333333333333333333200000001333333333332100000000000000000001321123333322222333333200
13333333333333333333333333210000000000001333333333333333333333320000000233333333333310000000000000000111321223333322222333333200
13333333333333332233333333310000000000000233333333333333333333331000000023333333333332000000000000000012311233333222222333333100
13333333333300000000000000000000000000000000003333300033333333333100000013333333300000000000000000000000000000000000002333333100
13332233333000330300300330003300333000330033300333003033333333333210000002333333033000300300003000033303030333033000300333332000
13333233333000030300303003030030300303003030030333033033333333333320000001333333030303030300030300030003030030030303030333331000
13333333333000030300303000030030300303003030030333003033333333333331000000233333033003030300030300030000300030030303030333320000
13333333333000030300303033033330300303003033330333303033333333333332100000123333030303030300033300033000300030033303330333200000
13333333333030030300303003030030300303003030300333303033333333333333210000013333030303030300030300030003030030033003030333100000
13333333333003300033000330030030333000330030030333303033333333333333310000013333033300300333030300033303030030030303030332000000
13333333333300000000000000000000000000000000002333300033333333333333210000122221100000000000000000000000000000000000003320000000
