00000000000000000000000000000000000000000000000000000000000000000000000000000000000000000000000000000000000000000000000000000000
00000000000000000000000000000000000000000000000000000000000000000000000000000000000000000000000000000000000000000000000000000000
00000000000000000000000000000000000000000000000000000000000000000000000000000000000000000000000000000000000000000000000000000000
00000000000000000000000000000000000000000000000000000000000000000000000000000000000000000000000000000000000000000000000000000000
00000000000000000000000000000000000000000000000000000000000000000000000000000000000000000000000000000000000000000000000000000000
00000000000000000000000000000000000000000000000000000000000000000000000000000000000000000000000000000000000000000000000000000000
00000000000000000000000000000000000000000000000000000000000000000000000000000000000000000000000000000000000000000000000000000000
00000000000000000000000000000000000000000000000000000000000000000000000000000000000000000000000000000000000000000000000000000000
00000000000000000000000000000000000000000000000000000000000000000000000000000000000000000000000000000000000000000000000000000000
00000000000000000000000000000000000000000000000000000000000000000000000000000000000000000000000000000000000000000000000000000000
00000000000000000000000000000000000000000000000000000000000000000000000000000000000000000000000000000000000000000000000000000000
00000000000000000000000000000000000000000000000000000000000000000000000000000000000000000000000000000000000000000000000000000000
00000000000000000000000000000000000000000000000000000000000000000000000000000000000000000000000000000000000000000000000000000000
00000000000000000000000000000000000000000000000000000000000000000000000000000000000000000000000000000000000000000000000000000000
00000000000000000000000000000000000000000000000000000000000000000000000000000000000000000000000000000000000000000000000000000000
00000000000000000000000000000000000000000000000000000000002222000222222000000000000000000000000000000000000000000000000000000000
00000000000000000000000000000000000000000000000000000000023333200233332000000000000000000000000000000000000000000000000000000000
00000000000000000000000000000000000000000000000000000000023333200233332000000000000000000000000000000000000000000000000000000000
00000000000000000000000000000000000000000000000000000000023333200233332000000000000000000000000000000000000000000000000000000000
00000000000000000000000000000000000000000000000000000000023002300230000000000000000000000000000000000000000000000000000000000000
00000000000000000000000000000000000000000000000000000000023002300230000000000000000000000000000000000000000000000000000000000000
00000000000000000000000000000000000000000000000000000000000023300233330000000000000000000000000000000000000000000000000000000000
00000000000000000000000000000000000000000000000000000000000233000222223000000000000000000000000000000000000000000000000000000000
00000000000000000000000000000000000000000000000000000000000230000000023000000000000000000000000000000000000000000000000000000000
00000000000000000000000000000000000000000000000000000000002303300230032000000000000000000000000000000000000000000000000000000000
00000000000000000000000000000000000000000000000000000000023303300233332000000000000000000000000000000000000000000000000000000000
00000000000000000000000000000000000000000000000000000000023333200233332000000000000000000000000000000000000000000000000000000000
00000000000000000000000000000000000000000000000000000000023333200233332000000000000000000000000000000000000000000000000000000000
00000000000000000000000000000000000000000000000000000000023333200233332000000000000000000000000000000000000000000000000000000000
00000000000000000000000000000000000000000000000000000000022222000022220000000000000000000000000000000000000000000000000000000000
00000000000000000000000000000000000000000000000000000000000000000000000000000000000000000000000000000000000000000000000000000000
00000000000000000000000000000000000000000000000000000000000000000000000000000000000000000000000000000000000000000000000000000000
