22222222222222222222222222222221111111122222222222222222100233222222222222222222222222222222222222222222222222222222112222222222
22222222222222222222222222222221111111222222222222222222100133222222222222222222222222222222222222222222222222222221112222222222
22222222222222222222222222222222221112222222222222222222100022222222222222222222222222222222222212222222222222222221122222222222
22222222212222222222222222222222222211212222222222222222210012222222222222222222222222222222222112222222222222222221222222222222
21100000000000000022122112222222222221210000000000222220000000002222202222222222222222222222222212222222000000002222200000000222
11203333333333333102210000000022222111110333333320222202333333302222210000000022222222222200000000222222033333302211023333330222
12203133133313313200200122221002222111110313313320222203331331302222200122221002222222222001222210033220231331310110223133130222
12203333333333333220013333333310222211110333333331022203333333302220013333333310222222200133333333103302233333330002223333330222
11201133333333311222233333333333122222110333333332022213333333302202233333333333122222022333333333331022233333331022213333330222
21222131333331311122233333333333302221110333333332022023333333302022233333333333302220222333333333333022133333332222113333330221
22222033333333321122223333333333320222110333333333022033333333302122223333333333320201222233333333333221133333333221113333330222
22222033333333321122223333333333331012110313333313111131333331300122223333333333331001222233333333333321131333313311113133130222
22222033333333321122222233333333333101210333333333101233333333301122222233333333333101222222333333333331133333333331113333330222
22222033333333321122222233333333333100110333333333201333333333301122222233333333333101222222333333333333133333333333113333330111
22222031333331321122222223333333333100110333333333201333333333301122222223333333333301222222233333333333133333333333313333330111
22222033333333231122222222333333333100000333333233311333323333301122222222333333333301222222223333333333133333333331323333330111
22222033333332231112222223333333333200000333333222211333223333301112222223333333333301122222233333333332133333332333333333320110
22222033333322231111122222223333333200000313312221222313222131301111122222223333333201111222222233333332133333322333333333220110
11222033333222231111122222222322322100000333322122222332212333201111122222222322322201111222222223223222131333121331333332120110
11222031332221231111111222222222222000100333222112222222112332201111111222222222222001111112222222222221133332221133333322220100
21222033322222233111111222222222222000000332222112222231112322200111111222222222222000111112222222222221133322221113333222220110
22200033222222233311111111222222221000000222222102222231012222200111111111222222221000111111112222222211133222221113332222220100
21102222222222222211111111112122210000000222222102232221012222200011111111112122210100011111111121222111122222221111322222220110
21102122122221221231111111111111100000000212212102122121012121200001111111111111101110001111111111111011122222221111132222220110
11002222222222222233111111111110000000000222222102222221012222200000111111111110011111000111111111100011121222120111112122120100
21000111111111111113311111111100000000000111111101111111011111100000001111111100111111110001111111002011122222220011112222220100
21111011111111111111300000000000000000000011111100111111011111000000000000000001101111111100000000011011111111100001111111110100
22221200000000000000002222221100000000000000000000000000000000000000000000111112101111111111111111111011111111001200111111100100
22222222222222222222222222221110000000000000000000000000000000000000000000011112111111111111111111110000000000001220000000001100
22222222222222222222222222221110000000000000000000000000000000000000000000001102111111011111111111110121122122211222211221111111
22222222222222222222222222222110000000000000000000000000000000000000000000000011111110000111111111100011112122211222212211111111
21222222222222222222222222322211111000000000000000000000000000000000000000000001111100000111111111110011111222211222222211111100
