00000000000000000000000000000000000000000000000000000000000000000000000000010000000000000000000000000100000000000000000000000000
00333000030003000300000003003330030000000300030003000000000000000000000000000000000000000000000000001110000000000000000000000000
00333000330030303030000030003000303000003030303030300000000000100000000000000000000000000000000000000100000000000000000000000000
00033000030000300300000033003300003000000030030003000000000000000000000000000000000000000000000000000000000000000000000000000000
00033000030003000030000030300030030000000300003000300000000000000000000000000000000000000000000000000000000000000000000000000000
00033000030030003030000030303030300000003000303030300000100000000000000010000000000000000000000000000000000000000000000000000000
00033000030033300300030003000300333003003330030003000000000000000001000000000000000000000000000000000000000000000000000000000000
00033000000000000000000000000000000000000000000000000000000000000000000000000000100000000000000000000000000000000000000000000000
00000000000000000000000000000000000000000000000000000000000000000000000000100000000000000000000000000000000000000000000000000000
00000000000000000000000000000000000000000000100000000001000000000000000000000000000000000000000000000000000000000000000000000000
00010000000000000000000000000000000000000000000000000000000000000000100000000000000000000000000000000000000000000000000000000000
00111000000000000000000000000000000000000000000000000000000000000000000000000000000000100000000010000000000000000000000000000000
00010000000000000000000000000000010000100000000000000000100000000000000010000000000000000000000100000000000000000000000000000000
00000000000000000000000000000000110000000000000001000000000010001010000000000000100000000000000000000000000000000000100000000000
00000000000000000000000000000000010000000000000000000000000000000000000000000000000000000000000000000000000000000001110000000000
00000000000000000000000000000000000000000000000000000000000000000000010000000000000000000000010000000000000000000000100000000000
00000000000000000000000000000000000000000000000100001000001000000000000000000000000000000000000000000000000000000000000000000000
00000000000000000000000000000000000010000000000000000000000000000000000000000000000000000000000000000000000000000000000000000000
00000000000000000000000000000000000000000100000000000000000000001000100010000000000000000000000000000000000000000000000000000000
00000000000000000000000000000000000000000000000000000000100000000010000000000000000000000000000000000100000000000000000000000000
00000000000000000000000000000000000000000001000000000001000000000000000000000000000010000000000000000000000000000000000000000000
00000000000000000000000000000010000000000010000000000000000000000000000000000010000000000000000000000000000000000000000000000000
00000000000000000000000000000100000000000000000001000000000000000010000000000000000000000000000000000000000000000000000000000000
00001000000000000000000000000000000000000000000000000000010000001000000000000000000000000000000000000000000000000000000000000000
00010000000000000000000000000000000000000000000000000010000000000000000100000000000000000000000000000000000000000000000000000000
00000000000033300300000330030003033330333000000000003000000000000000000000000000033303030333033000300000330003003000300000000000
00000000000030030300003003003030030000300300000000033000000000000001000000010000030003030030030303030000303030303000300000000000
00000000000030030300003003000300030000300300000000003000000010001000000000000000030000300030030303030000330030303000300000000000
00000000000033300300003333000300033300333000000000003000000000000000000000000000033000300030033003330000303033303000300000000000
00000000000030000300003003000300030000303001000000003010000000000000000000001000030003030030030303030000303030303000300000000000
00000000000030000333303003000300033330300301000000003000000000000000000000000100033303030030030303030000330030303330333000000000
00000000000000000000000000000000000000000001100000000000000000000000000000000000000000000000000000000000000000000000000010000000
