11111100001111112333222210000012000112110012232010000111123322110132231133321111111112233332223333333223332223333333331000000000
11111100001111111233332210000001100112000001121000000111123322111021221013321111111111123332232333333323322223333333332000000000
12111100001111111223333321000001211000000001100000000111113222212200011102320001111111112333222333333332222223333333333100000000
12111100101111111122333332211002322111000011000002000111112332211210110000110001111111111233222333333333222333333333333200000000
12111101111111111111233333222123332222100002211023100011111233210120110001011101001111111123322233333333222222333333333310000000
13111100001111111111122333333333223333221002322233310001101123321110000010000000000101011112332223333333222222333333333320000000
13211000001111011111111223333333333333332223333333332110111112332221111000100000000000000111332222333333332222333333333330000000
13111000101000001001111123333333333333333333333333333321101111233322222110101120000000000111233222233333332222233333333331000000
13111100110000100001111123333333333333333333333333333333200011112333333332212332000000000011123312223333333222223333333331000000
12111100011010100101111123333333333333333333333333333333200011011133333333333333321000000011123322223333333222223333333332000000
12111000011000000000001123333333333333333332233333223333200001110133333333333333332000000000112321223333333222223333333333000000
12111000011000000001000023333333333333332211122332112333200011010133333333333333333100000001112331223333333222223333333333100000
12111000111001110011111023333333333333322211111222222333100001100133333333222223333200000001012332123333333322223333333333100000
11111100111001100011111123333333333333221211222222223332110000100133333333121222233200000001011232122333333322233333333333100000
01111111100000000000000011111111111112222211111221112210011101100122233332122222222000000000011232122333333322223333333333200000
01111011111000000000000111111111112222222210111111111111111111111112333321111111000000000000111233122333333322223333333333200000
12111111110000001111112222222222222222222222222222222222222222222233333320011100000000000000111232122333333322223333333333100000
12222221111111112222222222222222222233322322323333332333333333333333333211111100000000000001111233122333333322223333333333100000
12222222222221222222222223223322233233323223333332333333333333333333332111111000000000000000111233112333333322223333333333100000
12222222222222222222332223323223333333333333333333333332333223323332221111110000000000000000001233112333333322223333333333100000
12322222222222222222323233332223322333333333333333322333332233322332111000000000000000000010011232122333333322223333333333000000
13222222222222222222233332333222222222333222221111111333333333333332110000000000000000000000011232112333333322222333333332000000
12222222222322222333333333333333333333333200000000001333333333333333321100000000000000000010101331112333333322222333333331000000
11111111123333322333333333323333333333333320000000000133333333333333332100000000000000000000001321222333333222223333333331000000
00000000012300000000000000000000000000000000000110000023333333333333333320000000000000000000000000000033332000223333333320000000
00000000002000330300300330003300333000330033300011003013333333333333333332000000000333000330030000033003330030222333333320000000
00000000001000030300303003030030300303003030030000033002333333333333333333100000000300303003030000300303320330222333333310000000
00000000000000030300303000030030300303003030030010003001333333333333333333200000000333003003030000300303220030223333333200000000
00010000000000030300303033033330300303003033330000103000233333333333333333310000000300303003030000333303212030233323333100000000
00111000000030030300303003030030300303003030300010003000123333333333333333331000000300303003030000300302222030233333332000000000
01111000000003300033000330030030333000330030030201003000013333333333333333331000000333000330033330300302222030233333331000000000
01110010000000000000000000000000000000000000003311100000012333333333333333310000000000000000000000000022222000233333320000000000
