00000000000000000000000000000000000010000000000000000000000000000000000000000000000000000000000000000100000000000000000000000000
00000000000000000000000000000000000000033000000033333000000330000000000033333000000330000003300000001003300000033000000033330000
00000000000000000001000000000000000000333000000333333300003330100000000333333300003330000033300000000033300000333000000333333000
00000000000000000011100000000000000003333000003330003330033330000000003330003330033330000333300000000333300003333000003330033300
00000000000000000001000000000000000000033000003300000330000330000000003300000330000330000003300000000003300000033000033000000330
00000000000000000000000000000000000000033000003300000330100330000000003300000330000330000003300000000003300000033000033000000330
00000000000000000000000000000000000000033000000000000330000330000001000000000330000330000003300000000003300000033000033000000330
00000000000000000000000000000000000000033000000000100330000330000000000000000330100330000003300000000003300000033000033000000330
00000000000000000000000000000000000000033000000000003300000330000000000000103300000330000003300000000003300000033000033300003330
00000000000000000000000000000000000000033000100000003301000330000000000000003300000330000003300000000003300000033000003333333300
00010000000000000000000000000000000000033000000000033000000330000000100000033000000330000003300000000003300000033000000333333300
00111000000000000000000000000000000000033000000000330000000330000000000000330000000330100003300010000003300000033000000000333000
00010000000000000000000000000000010000033000000003300000100330000000000003300000000330000003300100000003300000033000000000330000
00000000000000000000000000000000110000033000000033000000000330001010000033000000100330000003300000000003300000033000100003300000
00000000000000000000000000000000010000033000000330000000000330000000000330000000000330000003300000000003300000033001110033000000
00000000000000000000000000000000000000033000003333333330000330000330003333333330000330000003300003300003300000033000100330000000
00000000000000000000000000000000000000033000033333333330000330000330033333333330000330000003300003300003300000033000003300000000
00000000000000000000000000000000000010000000000000000000000000000000000000000000000000000000000000000000000000000000000000000000
00000000000000000000000000000000000000000100000000000000000000001000100010000000000000000000000000000000000000000000000000000000
00000000000000000000000000000000000000000000000000000000100000000010000000000000000000000000000000000100000000000000000000000000
00000000000000000000000000000000000000000000000000000000000000000000000000000000000100000000000000000000000000000000000000000000
00000000000000000000000000010000000000000000000000000000000000000000000000010010000000000000000000000000000000000000000000000000
00000000000000000000000000111000000000000000001000000000000000010000000000000000000000000000000000000000000000000000000000000000
00000000000000000000000000010000000000001000000000000010000001000000000000000000000000000000000000000000000000000000000000000000
00000000000000000000000000000000000000000000000000000000000000000000100000000000000000000000000000000000000000000000000000000000
00000000000033300300000330030003033330333000000000003000000000000000000000000000003330003300300003000000000030000000000000000000
00000000000030030300003003003030030000300300000000033000000000000000000001000000003003030030300003000000000330000000000000000000
00000000000030030300003003000300030000300300000000003000100001000000000000000000003330030030300003000000000030000000000000000000
00000000000033300300003333000300033300333000001000003000000000000000000000000000003003033330300003000000000030000000000000000000
00000000000030000300003003000300030000303000000000003000000000000000010000000000003003030030300003000000000030000000000000000000
00000000000030000333303003000300033330300300000000003000000000000000000000000010003330030030333303333000000030000000000000000000
00000000000000000000000000000000000000000000000000000000000100000000000000000111000000000000000000000000000000000000000000000000
