22211112232000000000000000000000000000000000000000000000000000000000000000000000000000000000011111000000000000000000000000000000
22211111232000000000000000000000000000000000000000000000000000000000000000000000000000000001111111100000000000000000000000000000
21221011232100000000000000000000000000000000000000000000000000000000000000000000000000000001111112100000000000000000000000000000
22221112232000000000000000000000000000000000000000000000000000000000000000000000000000000011111122100000000000000000000000000000
22221112331000000000000000000000000000000000000000000000000000000000000000000000000000000011111122100000000000000000000000000000
22111111231000000000000000000000000000000001110000000000000000000000000000000000000000000011111122100000000000000000000000000000
12222222221000000000000000000000000000000011111100000000000100000000000000000000000000000011112222100000000000000000000000000000
11222112221000000000000000000000000000000011112211000000000100010121000000000000000000000012222221100000000000000000000000000000
21221112232000000000000000000000000000000111112221000000011000121132111100000000000000000011222211000000000000000000000000000000
22211112232100000000000000000000000000000111112222100000010002232122212110000000000000000001122110000000000000000000000000000000
22122112232000000000000000000000000000000011111221110001111012322222211110000000000000000000011000000000000000000000000000000000
21121001111000000000000000000000000000000011111112221011111113333232321210000000000000000000000000000000000000000000000000000000
21110000000000000000000000000000000000000011112123321011111123333331212110000000000000000000000000000000000000000000000000000000
00000000000000000000000000000000000000000001112223210111111112122333223210000000000000000000000000000000000000000000000000000000
00000000000000000000000000000000000000000000111222100111111011113333233210000000000000000000000000000000000000000000000000000000
00000000000000000000000000000000000000000000001222101111111111123333223211110000000000000000000000000000000000000000000000000000
00000000000000000000000000000000000000000000000111011111111011123323221122210000000000000000000000000000000000000000000000000000
00000000000000000000000000000000000000000000000000011101110011123223210122220000000000000000000000000000000000000000000000000000
00000000000000000000000000000000000000000000000000110001110012123223200112121000000000000000000000000000000000000000000000000000
00000000000000000000000000000000000000000000000000000001111112233223211112111100000000000000000000000000000000000000000000000000
00000000000000000000000000000000000000000000000000000111111123333223212222211101000000000000000000000000000000000000000000000000
00000000000000000000000000000000000000000000000000001111112233333123222222112211100000000000000000000000000000000000000000000000
00000000000000000000000000000000000000000000000000011111112122322123322322212212100000000000000000000000000000000000000000000000
00000000000000000000000000000000000000000000000000011111111122331133221222223222100000000000000000000000000000000000000000000000
00000000000000000000000000000000000000000000000000001111211122231233111222222122100000000000000000000000000000000000000000000000
00000000000000000000000000000000000000000000000000000111111222221233112212311221000000000000000000000000000000000000000000000000
00000000000000000000000000000000000000000000000000001111122222222222212212222210000000000000000000000000000000000000000000000000
00000000000000000000000000000000000000000000000000011111122223232222222222221210000000000000000000000000000000000000000000000000
00000000000000000000000000000000000000000000000000012121122232222222222221211210000000000000000000000000000000000000000000000000
00000000000000000000000000000000000000000000000000011112222222232222111111122100000000000000000000000000000000000000000000000000
00000000000000000000000000000000000000000000000000001112232112222111100011222100000000000000000000000000000000000000000000000000
00000000000000000000000000000000000000000000000000000112332222211100000001111000000000000000000000000000000000000000000000000000
