00000000000000000000000000000000000000000000000000000000000000000000000000000000000000000000000000000000000000000000000000000000
00000000000000000000000000000000000000003333300000000333333333300000333300000000333300000000000333333000000033330000000333333000
00000000000000000000000000000000000000033333330000000333333333300003333330000003333330000000003333333300000333333000003333333300
00000000000000000000000000000000000000333000333000000000000033000033000033000033300333000000003300003300003300003300003300003300
00000000000000000000000000000000000000330000033000000002330033030330000003300330000003300000033000000330033000000330033000000330
00000000000000000000000000000000000000000000033000000133330330030330331003300330000003300000033000000330033000000330033000000330
00000000000000000000000000000000000000000000033000001333300330330330333103300330000003300000033300003330033000000330033300003330
00000000000000000000000000000000000000000000330000013333303300330330333303300330000003300000003333333300033000000330003333333300
00000000000000000000000000000000011000000033330000133333003303330330333303300333000033300000000333333000033000000330000333333000
00000000000000000000000000000001233320000033330000333333033001110330223303300033333333000000003333333300033000000330003333333300
00000000000000000000000000000002333332000000333001333330033011100330001103300003333333000000033330033330033000000330033330033330
00000000000000000000000000000003332233000000033002333330330033320330221103300000003330000000033300003330033000000330033300003330
00000000000000000000000000000002221100000000033003333300330333330330333303300000003300000000033000000330033000000330033000000330
00000000000000000000000000000002221103300000033023333303300333330330033003300000033000000000033000000330033000000330033000000330
00000000000000000000000000000001111103330000333000003003303333330033000033000000330000000000033300003330003300003300033300003330
00000000000000000000000000000000111100333333330003300033003333333003333330020003300000000330003333333300000333333000003333333300
00000000000000000000000000000000001220003333300203300333033333333300333300320033000000000330000333333000000033330000000333333000
00000000000000000000000001222111011120100000001200000000033333333320000003320000000000000000000000000000000000000000000000000000
00000000000000000000000012333321111121221111111223322333322333333223332333320000000000000000000000000000000000000000000000000000
00000000000000000000001232233221111111110100010233323333333333332233332233310000000000000000000000000000000000000000000000000000
00000000000000000000001211222211110000000000000232323333333333322333333133200000000000000000000000000000000000000000000000000000
00000000000000000000000110112110100000000100011122223333333233322233333133200000000000000000000000000000000000000000000000000000
00000000000000000000000210011100110001111111222122222333333233322333333233100000000000000000000000000000000000000000000000000000
00000000000000000000000110000000111111111222222222222333333233222233332233000000000000000000000000000000000000000000000000000000
00000000000000000000000000000000000000000011111111200022333233233233332231000000000000000000000000000000000000000000000000000000
00000000000033300300000330030003033330333000000000003032333322223233222320000000003330003300300003000000000030000000000000000000
00000000000030030300003003003030030000300300000000033022223222222322223310000000003003030030300003000000000330000000000000000000
00000000000030030300003003000300030000300300000000003022222222222222333200000000003330030030300003000000000030000000000000000000
00000000000033300300003333000300033300333000000000003022222222222222322000000000003003033330300003000000000030000000000000000000
00000000000030000300003003000300030000303000000000003022222222222222210000000000003003030030300003000000000030000000000000000000
00000000000030000333303003000300033330300300000000003001122222222222100000000000003330030030333303333000000030000000000000000000
00000000000000000000000000000000000000000000000000000000001122111000000000000000000000000000000000000000000000000000000000000000
