00010000000000001000000000000000000000000100000000000000000000000000000000000000000000000000000000000000000000000000000000000000
00000000000000011100000330000000333330000000000030000000000033330000000000003000000033330000000000003333000000033000000033333300
00000000000000001000003330000003333333000000000330000000000333333000000000033000000333333000000000033333300000333000000333333300
00000000000000000000033330000033300033300000000330000000003330033300000000033000003300003300010000333003330003333000000330000000
00000000000000000000000330000033000003300000003330000000033000000330000000333000033000000330000003300000033000033000000330000000
00000000000000000000000330000033000003300000003330000000033000000330000000333000033000000330000003300000033000033000000330000000
00000000000000000000000330000000000003300000033330000000033000000330010003333000033000000330000003300000033000033000003333333000
00000010000000000000000330000000000003300000330330100000033000000330000033033000033000000330000003300000033000033000003333333000
00000000000000000000000330010000000033000000330330000000033300003330000033033000033000000330000003330000333000033001003300003300
00000000000000000000000330000000000033000003300330000000003333333300000330033000033000000330000000333333330000033000000000000330
00000000000000000000000330000000000330000033300330000000000333333300003330033000033000000330000000033333330000033000000000000330
00000000000000000000000330000000003300000333000330000000000000333000033300033000033000000330000000000033300000033000000000000330
00000000000000000000000330000000033001000333333333300000001000330000033333333330033000000330000000000033000000033000000000000330
00000000000000001000000330000000330000000333333333300000000003300100033333333330033000000330000000000330000000033000003000003300
00000000000000000000000330000003300000000000000330000000000033000000000000033000003300003300000000003300000000033000033300033300
00000000000000000000000330000033333333300000000330000330000330000000001000033000000333333000033000033000000000033000003333333000
00000000000000000000000330010333333333300000000330000330003300000000000000033000000033330000033000330000000000033000000333330000
00000000100000000000000000000000000000000000000000000000000000000010000000000000000000000000000000000000000000000000000000000000
00010000000000000000000000000000000000000000000000000000000000100000001000100000000000000000000000000000000000000000000000000000
00000000000000000000000000000000000000000100000000000000000000000000000000000000000000000000000000000000000000000000000000000000
00000000000000000000000000000000000000000000000000000100010000000000100000000000000000000000000000000000000000000000000000000000
00000000000000000000000000000000000000000000000000000000000000000000000000000000010000100000000000000000000100000000000000000000
00000000000000000010000000000000000000000000010000000000000000000000000000000100000000000000000000000000000000000000000000000000
00000000000000000000000000000000000000000000000000000000000000000100000000000000000000000000000000000000000000000000000000000000
00000000000000000000000000000000000000000000000000000001000000100000000000000000000000000000000000000000000000000000000000000000
00000000000000330300300330003300333000330033300000003000000000000000001000000000033000300300003000033303030333033000300000000010
00000000000000030300303003030030300303003030030000033000000000000000000000000000030303030300030300030003030030030303030000000000
00000000000000030300303000030030300303003030030000003000000000000010000000010000033003030300030300030000300030030303030000000000
00000000100000030300303033033330300303003033330000003000010000100000000000000000030303030300033300033000300030033303330000000000
00000000000030030300303003030030300303003030300000003000000000000000000000000000030303030300030300030003030030033003030000000000
00000000000003300033000330030030333000330030030000003000000000000000000000000000033300300333030300033303030030030303030000000000
00000000000000000000000000000000000000000000000000000000000000000000000100000000000000000000000000000000000000000000000000000000
