00000000000000000000000000000000000000000000000000000000000000000000000000000000000000000000000000000000000000000000000000000000
00000000000000000000000000000000000000000000300000000000000030000333333333300000000030000000000033333000000033330000000000003000
00000000000000000000000000000000000000000003300000000000000330110333333333300000000330000000000333333300000333333000000000033000
00000000000000000000000000000000000000000003300000000000000330330000000033000000000330000000003330003330003330033300000000033000
00000000000000000000000000000000000000000033300000000002303330333333100033000000003330000000003300000330033000000330000000333000
00000000000000000000000000000000000000000033300000000133003330333333330330000000003330000000003300000330033000000330000000333000
00000000000000000000000000000000000000000333300000001330033330333333300330000000033330000000000000000330033000000330000003333000
00000000000000000000000000000000000000003303300000013330330330333333303300000000330330000000000000000330033000000330000033033000
00000000000000000000000000000000011000003303300000133300330330333333003301000000330330000000000000003300033300003330000033033000
00000000000000000000000000000001233320033003300000333003300330111111033003000003300330000000000000003300003333333300000330033000
00000000000000000000000000000002333300333003300001330033300330100000033012100033300330000000000000033000000333333300003330033000
00000000000000000000000000000003332203330003300002330333000330002220330000100333000330000000000000330000000000333000033300033000
00000000000000000000000000000002221103333333333003330333333333303300330322210333333333300000000003300000000000330000033333333330
00000000000000000000000000000002221103333333333023330333333333303303300333310333333333300000000033000000000003300000033333333330
00000000000000000000000000000001111100000003300000000000000330003003303333320000000330000000000330000000000033000000000000033000
00000000000000000000000000000000111121111003301103303333330330330033003333320000000330000330003333333330000330000000000000033000
00000000000000000000000000000000001220121003302203302222330330330333033333320000000330000330033333333330003300000000000000033000
00000000000000000000000001222111011120121100001200002222330000330000022333320000000000000000000000000000000000000000000000000000
00000000000000000000000012333321111121221111111223322333322333333223332333320000000000000000000000000000000000000000000000000000
00000000000000000000001232233221111111110100010233323333333333332233332233310000000000000000000000000000000000000000000000000000
00000000000000000000001211222211110000000000000232323333333333322333333133200000000000000000000000000000000000000000000000000000
00000000000000000000000110112110100000000100011122223333333233322233333133200000000000000000000000000000000000000000000000000000
00000000000000000000000210011100110001111111222122222333333233322333333233100000000000000000000000000000000000000000000000000000
00000000000000000000000110000000111111111222222222222333333233222233332233000000000000000000000000000000000000000000000000000000
00000000000000000000000000000000000000000011111111200022333233233233332231000000000000000000000000000000000000000000000000000000
00000000000033300300000330030003033330333000000000003032333322223233222320000000003330003300300003000000000030000000000000000000
00000000000030030300003003003030030000300300000000033022223222222322223310000000003003030030300003000000000330000000000000000000
00000000000030030300003003000300030000300300000000003022222222222222333200000000003330030030300003000000000030000000000000000000
00000000000033300300003333000300033300333000000000003022222222222222322000000000003003033330300003000000000030000000000000000000
00000000000030000300003003000300030000303000000000003022222222222222210000000000003003030030300003000000000030000000000000000000
00000000000030000333303003000300033330300300000000003001122222222222100000000000003330030030333303333000000030000000000000000000
00000000000000000000000000000000000000000000000000000000001122111000000000000000000000000000000000000000000000000000000000000000
