00000000000000000000000000000000000000000000000000000000000000000000000000000000000000000000000000000000000000000000000000000000
00000000000000000000000000000000000000000000000000000000000000000000000000000000000000000000000000000000000000000000000000000000
00000000000000000000000000000000000000000000000000000000000000000000000000000000000000000000000000000000000000000000000000000000
00000000000000000000000000000000000000000000000000000000000000000000000000000000000000000000000000000000000000000000000000000000
00000000000330000000000000000000000000000000000000000000000000000000000000000000000000000000000000000000000000000000000000000000
00000000003333000000000000000000000000000000000000000000000000000000000000000000000000000000000000000000000000000000000000000000
00000000003333000000000000000000000000000000000000000000000000000000000000000000000000000000000000000000000000000000000000000000
00000000003303000000000000000000000000000000000000000000000000000000000000000000000000000000000000000000000000000000000000000000
00000000003303000000000000000000000000000000000000000000000000000000000000000000000000000000000000000000000000000000000000000000
00000000003303000000000000000000000000000000000000000000000000000000000000000000000000000000000000000000000000000000000000000000
00000000003303000000000000000000000000000000000000000000000000000000000000000000000000000000000000000000000000000000000000000000
00000000033333300000000000000000000000000000000000000000000000000000000000000000000000000000000000000000000000000000000000000000
00000000033333300000000000000000000000000000000000000000000000000000000000000000000000000000000000000000000000000000000000000000
00000000033003300000000000000000000000000000000000000000000000000000000000000000000000000000000000000000000000000000000000000000
00000000000000000000000000000000000000000000000000000000000000000000000000000000000000000000000000000000000000000000000000000000
00000000011111100000000000000000000000000000000000000000000000000000000000000000000000000000000000000000000000000000000000000000
00000000011111100000000000000000000000000000000000000000000000000000000000000000000000000000000000000000000000000000000000000000
00000000000000000000000000000000000000000000000000000000000000000000000000000000000000000000000000000000000000000000000000000000
00000000000000000000000000000000000000000000000000000000000000000000000000000000000000000000000000000000000000000000000000000000
00000000000000000000000000000000000000000000000000000000000000000000000000000000000000000000000000000000000000000000000000000000
00000000000000000000000000000000000000000000000000000000000000000000000000000000000000000000000000000000000000000000000000000000
00000000000000000000000000000000000000000000000000000000000000000000000000000000000000000000000000000000000000000000000000000000
00000000000000000000000000000000000000000000000000000000000000000000000000000000000000000000000000000000000000000000000000000000
00000000000000000000000000000000000000000000000000000000000000000000000000000000000000000000000000000000000000000000000000000000
00000000000000000000000000000000000000000000000000000000000000000000000000000000000000000000000000000000000000000000000000000000
00000000000000000000000000000000000000000000000000000000000000000000000000000000000000000000000000000000000000000000000000000000
00000000000000000000000000000000000000000000000000000000000000000000000000000000000000000000000000000000000000000000000000000000
00000000000000000000000000000000000000000000000000000000000000000000000000000000000000000000000000000000000000000000000000000000
00000000000000000000000000000000000000000000000000000000000000000000000000000000000000000000000000000000000000000000000000000000
00000000000000000000000000000000000000000000000000000000000000000000000000000000000000000000000000000000000000000000000000000000
00000000000000000000000000000000000000000000000000000000000000000000000000000000000000000000000000000000000000000000000000000000
00000000000000000000000000000000000000000000000000000000000000000000000000000000000000000000000000000000000000000000000000000000
