13322222122222222223233333333333333333333222122222222222222222222233333333333333333320000000000000000000000000000000000000000000
13332212111112122222233333333333333333333222222222222222222222222233333333333333333320000000000000000000000000000000000000000000
13332211111111122222233333333333333333333322211222222222222222222333333333333333333331000000000000000000000000000000000000000000
13333221111111222222233333333333333333333222222222222222222222223333333333333333333331000000000000000000000000000000000000000000
13333222111111222222333333333333333333333222222222222222222222223233333333333333333332000000000000000000000000000000000000000000
13333211111111112222333333333333333333333222222222221222222222222333333333333333333332000000000000000000000000000000000000000000
13333211111111112222333333333333333333333332222222222222222222222233333333333333333333000000000000000000000000000000000000000000
13333321111111112222233333333333333333333332222122222222222222222333333333333333333333100000000000000000000000000000000000000000
13333321111111112222233333333333333333333333222122222222222222223333333333333333333333100000000000000000000000000000000000000000
13333331111111112122222333333333333333333333221111222222222222222333333333333333333333200000000000000000000000000000000000000000
13333331111111111122223333333333333333333333222222222222222222222233333333333333333333100000000000000000000000000000000000000000
13333331111111111122223333333333333333333333222222212222222222222233333333333333333333200000000000000000000000000000000000000000
13333332111111112122223333333333333333333333222222122222222222322233333333333333333333200000000000000000000000000000000000000000
13333332111111111122223333333333333333333333222222212222222222223233333333333333333333200000000000000000000000000000000000000000
13333332111111111122223333333333333333333333222211222222222222222233333333333333333333200000000000000000000000000000000000000000
13333332111111111112222333333333333333333333322212222222222222222333333333333333333333200000000000000000000000000000000000000000
12333332111111111112222333333333333333333333222212212222222222223333333333333333333333200000000000000000000000000000000000000000
12333333111111111112222233333333333333333333322211122222222222222322333333333333333333200000000000000000000000000000000000000000
12333333111111111112223333333333333333333333222111111222222222222322333333333333333333200000000000000000000000000000000000000000
02333333111111111112223333333333333333333333322111111122222222222223333333333333333333200000000000000000000000000000000000000000
02333333211111111121222333333333333333333333322111221122222222222222333333333333333333200000000000000000000000000000000000000000
02333333211101111112222333333333333333333333322211121122222222222223233333333333333333100000000000000000000000000000000000000000
02333333211111111112222333333333333333333333321111111122222222222322233333333333333333100000000000000000000000000000000000000000
01333333211111111111122333333333333333333333322111111222222222223232333333333333333333100000000000000000000000000000000000000000
01333333211100000000000000000000000000000000002111100022222222222222333333333333333000000000000000000000000000000000000000000000
01333333211000330300300330003300333000330033300111003012222122222222333333333333330333000330030000033000000030000000000000000000
01333333211000030300303003030030300303003030030111033012222222222222333333333333330300303003030000300300000330000000000000000000
01333333211000030300303000030030300303003030030111003022222222222222333333333333330333003003030000300300000030000000000000000000
01333333211000030300303033033330300303003033330111103011222222222223333333333333330300303003030000333300000030000000000000000000
01333333211030030300303003030030300303003030300111103021222222222223333333333333330300303003030000300300000030000000000000000000
01333333211003300033000330030030333000330030030111103021222222222222333333333333330333000330033330300300000030000000000000000000
01333333211000000000000000000000000000000000001111100011222222222222333333333333333000000000000000000000000000000000000000000000
