00000000000000000000000000000000000000000000000000000000000000000000000000010000000000000000000000000000000000000000000000000000
00000000000000000000000000000000000000000000300000000000000033000000333300000000100033000000000033333300010033333000000000003300
00000000000100000000010000000000000000000003300000000000000330000003333330000000000330000000000333333300000333333300000000033000
00000000000000000000000000000000000001000003300000000100003300000033300333000000003300000000000330000000003330003330000000330000
00000100000000000000000000000000000000000033300000000000033000000330000003300000033000001000000330000000003300000330000003300000
00000000000000000000000000000000000000000033300100000000330000000330000003300000330000000000000330000000000000000330000033000000
00000000000000000000000000000000000000000333300000000003333300000330000003300003333300000000003333333000000000000330000333330000
00000000000000000000000000000000000000003303300000000033333330000330000003300033333330000000003333333000000000003300003333333000
00000000000001000000000000000000000000003303300000000033300333000333000033300033300333000000003300003300000010333300003330033300
00000000000000000000000000000001000000033003301000000333000033300033333333000333000033300000000000000330000000333300033300003330
00000100000000000000000000000000000000333003300000000330000003300003333333000330000003300000000000000330000000003330033000000330
00000000000000000000000000000000000003330003300000000330000003300000003330000330000003300000000000000330000000000330033000000330
00000000000000000000000000000000000003333333333000000330010003300000003300000330000003300000000000000330000000000330033000000330
00000000000000000000010000000000000003333333333000000333000033300100033000000333000033300000003000003300033000000330033300003330
00000000000000000000000000000000000000000003300000000033300333000000330000000033300333000000033300033300033300003330003330033300
00000000000000000000000000000001000000000003300003300003333330000003300000000003333330000330003333333000003333333300000333333000
00000000000000010000000000000000000000000003300003300000333300000033000000000000333300000330000333330000000033333000000033330000
00000000001000000000000000000000000000100000000000000000000000000000000000000000000000000000000000000000000000000000000000000000
00000000000000000000000000000000000000000001000000000000000000100000010000000000000000000000000000000000000000000000000000100000
00000000000000000000000000000000000000000000000000000010001000000001000000000000000000000000000000000000000000000000000000000000
00000000000000000000000100000000000000000000000000000000000000000000000000000010000100000000000000000100000000000000000000000000
00100000000000000000000000000000000000000000000100000000000000001000000000010000000000000000000000000000000000000000000000000000
00000000000000000000000000000000000000000000000000000000000000000000000000000000000000000000000000000000000000000000000000000000
00000000000000000000000000000000010000000000000000001000000000000000010000000000000000000010000000000000000000000000000000000000
00000000000000000000000000000000000000000000000000000000000000000000000000000000000000000000000000000000000000000000000000000000
00000000000033300300000330030003033330333000000000003000000000000100000001000000003330003300300003000000000030000000000000000000
00000000000030030300003003003030030000300300000000033000001000100000000000000000003003030030300003000000000330000000000000000000
00000000000030030300003003000300030000300300000010003000000000000000000000000000003330030030300003000000000030000000000000000000
00000010000033300300003333000300033300333000000000003000000000000000001000000000003003033330300003000000000030000000000000000000
00000111000030000300003003000300030000303000000000003000000000000000000000000010003003030030300003000000000030000000000000000000
10000010000030000333303003000300033330300301000000003001000010000001000000000000003330030030333303333000000030000000100000000001
00000000000000000000000000000000000000000000000000000000000000000000000000000000000000000000000000000000000000000000000000000000
