00000000000000010000000000000000000000000000000000000000000000000000000000001000000000000000000000000001110000000000000000000000
00000000000000111003300000003333330000003333330000000000000033000000333300000000333300000000000033330000100033330000000033330000
00000000000000010033300000033333330000033333330000000000000330000003333330000003333330000000000333333000000333333000000333333000
00000000000000000333300000033000000000033000000000000000003300000033000033000033000033000000003300003300003300003300003300003300
00000000000000000003300000033000000000033000000000001000033000000330000003300330000003300000033000000330033000000330033000000330
00000000000000000003300000033000000000033000000000011100330000000330000003300330000003300000033000000330033000000330033000000330
00000000000000000003300000333333300000333333300000001003333300000330000003300330000003300000033000000330033000000330033000000330
00000000000000000003300000333333300000333333300000000033333330000330000003300330000003300000033000000330033000000330033000000330
00000000000000000003300000330000330000330000330000000033300333000330000003300330000003300000033000000330033000000330033000000330
00000000000000000003300000000000033000000000033000000333000033300330000003300330000003300000033000000330033000000330033000000330
00000000000000000003300000000000033000000000033000000330000003300330000003300330000003300000033000000330033000000330033000000330
00000000000000001003300000000000033000000000033000000330000003300330000003300330000003300100033000000330033000000330033000000330
00000000000000010003300000000000033000000000033000000330010003300330000003300330000003300000033000000330033000000330033000000330
00000000000000000003300000300000330000300000330000000333000033300330010003300330000003300000033000000330033000000330033000000330
00000000000000000003300003330003330003330003330000000033300333000033000033000033000033000000003300003300003300003300003300003300
00000000000000000003300000333333300000333333300003300003333330000003333330000003333330000330000333333000000333333000000333333000
00000000000000000003300000033333000000033333000003300000333300000000333300000000333300000330000033330000000033330000000033330000
00000000000000000000000000000000000000000000000000000000000000000000000000000000000000000000100000000000000000000000000000000000
00000000000000000000000000000000000000000000000000000000000000000001000000000000100000000000000000000000000000000000000000000000
00000000000000000000000000000000010000000000001000000000010000010000000000000001000000000000000000000000000000000000000000000000
00000000000000000000000000000000001000000000010000000000000000000000010000000000000000000000000000000000000000000000000000000000
00000000000000000000000000000000000000000000000000000000000000000000000000000000000000000000000000000000000000000000000000000000
00000000000100000000000000000000000000000000000000000000000000000000000000000000000000000000000000000000000000000000000000000000
00000000000010000000000000000000000000000000000000000000000000000000000100000000000000010000000000000000000000000000000000000000
00000000000000000000000000000000000000000000000000000000000000000000001000000000000000000000000000000000000000000000000000000000
00000000000033300300000330030003033330333000000000003000000000101000000000000001033303030333033000300000330003003000300000000000
00000000000030030300003003003030030000300300000000033010000000000000000000000000030003030030030303030000303030303000300000000000
00000000000030030300003003000300030000300300001000003011000000000000000000010000030000300030030303030000330030303000300000000000
00000000000033300300003333000300033300333000000100003010000000000000000000100000033000300030033003330000303033303000300000000000
00000000000030000300003003000300030000303000000000003000000000000000000000000000030003030030030303030000303030303000300000000000
00000000000030000333303003000300033330300300000000003000000000000000000000000000033303030030030303030000330030303330333000000000
00000000000000000000000000000000000000000000000000000000000000000000000000000000000000000000000000000000000000000000000000000000
