00000000000000000013321111100000000012223333233333210111002310112222223321222111111132222332210000000000000000000000000000000000
00000000000000000012222232211111100001111232333333321222212332222222222222333322211233333333332110000000000000000000000000000000
00000001000000000011122233322233321211321221333333333333333333222222222222223333333333333333333332000000000000000000000001111000
00000023111111111111111111111122222222232221333333333333333333322221222221112333333333333333333333211000000000000000001122222100
00000033212222222222221111111101110011133221333333333333322222333332112221111233333333333333333333333222100000000000112222223200
00000033323333333333232222222211000000033221333333333333312112222333112211110133333333333333333333333333310000000001222332333200
00000033323333333333333333333321100000023321333333333333322222222222111111100233333333333333333333333222221022110012222322333200
00000033333333333333333333333321100000013321233333333333333333333221111111001223333333333333333333333200121123322222323222333200
00000023333333333333333333333321110000002321122222222223333333333221111110002222333333333333333333333320011223212212333222333200
00000023333333333333333333333321110000012321111112121212222222222111111110002222323333333333333333333322101212200112323211223200
00000133333333333333333333333322110000012311111111111111111111110111111110012222222223333322333333333332221211210012312211112200
00000133333333333000000000000000000000000000000111111000011111110011111110012222222323333333333333333331233332321111221111111100
00000022333333330033300333330033300333300333330111111111011111111011111100012122222222223322233333333331233333322222322111001100
00000002333333330300030003000300030300030003000011111111011111111001111100012122222222333322333333333331233322222133333222210100
00000001333333330300000003000300030300030003001111111111111111111001011100011121222222222222333333333332223323211133332233321000
00000001333333330033300003000300030333300003001111111111111111101011111110011111222222222222233333333333211111121123222233332100
00000001333333330000030003000333330303000003001111111111111111100011111100001111222222222222233333333333222112232112122112211100
00000012333333330000030003000300030300300003001111111111111111110011111100001112222222222222233333333333333333332222232000000000
01100123333333330300030003000300030300030003001111111111111111100111011110001111121221222222233333333333233333323333321000000000
12111233333333330033300003000300030300003003001111112111111000001111111101000212122122222222333333333321123333221233210000000000
12233333333333333000000000000000000000000000001111111221110000001101111111000112222222222222333333333331012333321133320000000000
13333333333333333333333333333333333333333112121111122122111000001011111011100112222222222223333333333332101333332123321000000000
13333333333333333333333333333333333333333222122221212222210101011111111111110012222222222333333322333333210233333112332100000000
13333333333333333333333333333333333333333233222222222222221011101111111101110123222222222333333322233333321123333321333200000000
13333333333300000000000000000000000000000000002222200022222101111101111011111233332000000000000000000033332000333331233210000000
13333333333000330300300330003300333000330033300332003022222111101111111111112333330333000330030000033003330030323221122100001100
13333333333000030300303003030030300303003030030333033022222211101111111101123333330300303003030000300303220330111111111100011100
13333333333000030300303000030030300303003030030333003033322220000000000000122222210333003003030000300301110030000111111111111100
13333323322000030300303033033330300303003033330333303033333332000000000000011100000300303003030000333300000030000011111111111100
13333333332030030300303003030030300303003030300333303033333332000000000000000000000300303003030000300300000030000001111111111100
13333233333003300033000330030030333000330030030333303033333320000000000000000000000333000330033330300300000030000000011001112100
12333233333300000000000000000000000000000000003333300033333210000000000000000000000000000000000000000000000000000000000001111100
