00000000000000000000000000000000000000000000000000000000000000000000000000000000000000000000000000000000000000000000000000000000
00000000000000000000000000000000000000000000000000000000000000000000000000000000000000000000000000000000000000000000000000000000
00000000000000000000000000000000000000000000000000000000000000000000000000000000000000000000000000000000000000000000000000000000
00000000000000000000000000000000000000000000000000000000000000000000000000000000000000000000000000000000000000000000000000000000
00000000000000000000000000000000000000000000000000000000000000000000000000000000000000000000000000000000000000000000000000000000
00000000000000000000000000000000000000000000000000000000000000000000000000000000000000000000000000000000000000000000000000000000
00000000000000000000000000000000000000000000000000000000000000000000000000000000000000000000000000000000000000000000000000000000
00000000000000000000000000000000000000000000000000000000000000000000000000000000000000000000000000000000000000000000000000000000
00000000000000000000000000000000000000000000000000000000000000000000000000000000000000000000000000000000000000000000000000000000
00000000000000000000000000000000000000000000000000000000000000000000000000000000000000000000000000000000000000000000000000000000
00000000000000000000000000000000000000000000000000000000000000000000000000000000000000000000000000000000000000000000000000000000
00000000000000000000000000000000000000000000000000000000000000000000000000000000000000000000000000000000000000000000000000000000
00000000000000000000000000000000000000000000000000000000000000000000000000000000000000000000000000000000000000000000000000000000
00000000000000000000000000000000000000000000000000000000000000000000000000000000000000000000000000000000000000000000000000000000
00000000000000000000000000000000000000000000000000000000000000000000000000000000000000000000000000000000000000000000000000000000
00000000000000000000000000000000000000000000000000000000000000000000000000000000000000000000000000000000000000023333110000000000
00000003010000000033331100033333110033333110033333110000000000333331100000000000333331100000333011333331100000033333110000000000
00000003310000000003331100033333110033333110033333110000000000333333100000000000333331100003333110333331100000033333110000000000
00000003311000000003331100033333110033333110033333310000000000333333110000000000333331100033333110333331100000033333110000000000
00000003331000000003311100033333110033331110003333311000030000033333310000300000333331100033333110333331100000033333110000000000
00000003333100000033011000033333110033331100003333331000300100003333331003001000333331100033333113333331100000033333110000000000
00000003311330000330110000033333310333311100000333333333001000000333333330010000333331100033333330333333300000033333110000000000
00000003011003333301100000033333133333111000000003333311110000000033333111100033333333300003333111133331111003333333330000000000
00000000010000011111000000033333110111110000000000011111000000000000111110000000111111111000011110000111100000011111111100000000
00000000000000000000000000033333110000000000000000000000000000000000000000000000000000000000000000000000000000000000000000000000
00000000000000000000000000033333110000000000000000000000000000000000000000000000000000000000000000000000000000000000000000000000
00000000000000000000000000033333110000000000000000000000000000000000000000000000000000000000000000000000000000000000000000000000
00000000000000000000000000033333110000000000000000000000000000000000000000000000000000000000000000000000000000000000000000000000
00000000000000000000000000033333110000000000000000000000000000000000000000000000000000000000000000000000000000000000000000000000
00000000000000000000000003333333330000000000000000000000000000000000000000000000000000000000000000000000000000000000000000000000
00000000000000000000000000011111111100000000000000000000000000000000000000000000000000000000000000000000000000000000000000000000
00000000000000000000000000000000000000000000000000000000000000000000000000000000000000000000000000000000000000000000000000000000
