00000000000000000000000000000000000000000000000000000000322222222222222200000003000000000000000000000000000000000000000000000000
00333000000000000000000000000000000000000300000000000000222222222222221003333300000000000000000000000000000000000300000000000000
00333000000000000000000000000000000000003030000000000000222222222222100033333330000000000000000000000000000000003030000000000000
00033000000000000000000000000000000000003030000000000000222222222221000033003330000000000000000000000000000000003030000000000000
00033000000000000000000000000000000000003030000000000000222222222210000000033300000000000000000000000000000000003030000000000000
00033000000000000000000000000000000000003030000000000000222222222200000003333000000000000000000000000000000000003030000000000000
00033000000000000000000000000000000000000300000000000000222222222100000033333330000000000000000000000000000000000300000000000000
00033000000000000000000000000000000000000000000000000000321122222000000033333330000000000000000000000000000000000000000000000000
00000000000000000000000000000000000001000000000000133333221111112000000000000000000032233112332333322211233322333333223332210000
00000000000000000000000000000000000000000000000000033223222111111000000000000000000023133112333333200110122321233323333333332100
00000000000000000000000000000000000010000000000000023222222111121000000000000000000023133211232333200100110110123333333333333200
00000000000000000000000000000000000000000000000000000000222111121000000000000000000000000000000000000000000000000000000000000000
03333300000000000000000000000000000000000300000000000000221111111000000000333300000000000000000000000000000000000300000000000000
03333330000000000000000000000000000000003030000000000000222111111000000003333300000000000000000000000000000000003030000000000000
00003330000000000000000000000000000000003030000000000000221001111000000033303300000000000000000000000000000000003030000000000000
00033300000000000000000000000000000000003030000000000000221001111000000033033330000000000000000000000000000000003030000000000000
33000330000000000000000000000000000000003030000000000000221011111000000033333330000000000000000000000000000000003030000000000000
33333330000000000000000000000000000000000300000000000000211011111100000000003300000000000000000000000000000000000300000000000000
03333300000000000000000000000000000000000000000000000000210111111100000000003300000000000000000000000000000000000000000000000000
00000000000000000000000000000000000000100000000001322222100011111210000000000000002322310011223333333333333320001212222222233200
00000000000000000000000000000000000000010000000013322221000111111120000000000000013223200112223322333333333310001212222222233100
00000000000000000000000000000000000000012000000122222210000111111111000000000000122222100122233222333333333311002212222222233200
00000000000000000000000000000000000000001211112222222100000011111111200000000002221221011232233333333333332211113322222222322200
00000000000000000000000000000000000000000001222111123210001111111111112100001122212110122233333333333333321111123223332123322200
00000000000000000000000000000000000000000000000000000021111111111111111222222221100000000000000000033332311000122123332123332200
00000000000033300300000330030003033330333000000000003032111111111111111111111111103330003300300003033333200030100123221022211100
00000000000030030300003003003030030000300300000000033023211111111111111111111111103003030030300003033332000330000011100000001100
00000000000030030300003003000300030000300300000000003002221111111111111111111111103330030030300003021110000030000000000000000000
00000000000033300300003333000300033300333000000000003000232222211111111111111111203003033330300003000000000030000000000000000000
00000000000030000300003003000300030000303000000000003000012322222222222222222222203003030030300003000000000030000000000000000000
00000000000030000333303003000300033330300300000000003000001233333333323233323322303330030030333303333000000030000000000000000000
00000000000000000000000000000000000000000000000000000000000022222223323233333322300000000000000000000000000000000000000000000000
