00000000000000000000000000000000000000000000000000000000000000000000000000000000000000000000000000000000000000000000000000000000
00000000000000000000000000000000000000000000000000000000000000000000000000000000000000000000000000000000000000000000000000000000
00000000000000000000000000000000000000000000000000000000000000000000000000000000000000000000000000000000000000000000000000000000
00000000000000000000000000000000000000000000000000000000000000000000000000000000000000000000000000000000000000000000000000000000
00000000000000000000000000000000000000000000000000000000000000000000000000000000000000000000000000000000000000000000000000000000
00000000000000000000000000000000000000000000000000000000000000000000000000000000000000000000000000000000000000000000000000000000
00000000000000000000000000000000000000000000000000000000000000000000000000000000000000000000000000000000000000000000000000000000
00000000000000000000000000000000000000000000000000000333330030000003333330000000000000000000000000000000000000000000000000000000
00000000000000000000333333333300000333333333331000033311133331000033111133000000333333333000001333333333000000000000000000000000
00000000000000000000033311113330000033310001331000333100003331000333100003300000033310033330000333310013300000000000000000000000
00000000000000000000033310003333000033310000031000333100000331003331000003330000033310003330000333300003330000000000000000000000
00000000000000000000033310003333000033310000031003331000000031003331000003333000033310003331000333300000333000000000000000000000
00000000000000000000033310003333100033310031001003331000000031033331000000333000033310003331000333300000333100000000000000000000
00000000000000000000033310003333100033310031000033331000000001033330000000333100033310033331000333300000333100000000000000000000
00000000000000000000033310003331000033310031000033331000000000033330000000333100033310033311000333300000333300000000000000000000
00000000000000000000033310333311000033333331000033331000000000033310000000333100033310333110000333300000333300000000000000000000
00000000000000000000033333333110000033311331000033331000000000033310000000333100033333331100000333300000333300000000000000000000
00000000000000000000033333333100000033310031000033331000000000033330000000333100033313333000000333300000333300000000000000000000
00000000000000000000033310333300000033310031000033331000000000033330000000333100033310333100000333300000333100000000000000000000
00000000000000000000033310033330000033310001003003331000000000033330000003333100033310333300000333300000333100000000000000000000
00000000000000000000033310033330000033310001003003331000000030003331000003331100033310033330000333300003333100000000000000000000
00000000000000000000033310003333000033310000031000333000000331003331000003331000033310033331000333300003331100000000000000000000
00000000000000000000033330003333100033310000331000033300003310000333000033310000033310003333000333300033311000000000000000000000
00000000000000000003333333000333330333333333331000013333333110000013333333100003333333003333303333333333110000000000000000000000
00000000000000000000111111100011110111111111111000000111111000000000111111000000111111100111101111111111000000000000000000000000
00000000000000000000000000000000000000000000000000000000000000000000000000000000000000000000000000000000000000000000000000000000
00000000000000000000000000000000000000000000000000000000000000000000000000000000000000000000000000000000000000000000000000000000
00000000000000000000000000000000000000000000000000000000000000000000000000000000000000000000000000000000000000000000000000000000
00000000000000000000000000000000000000000000000000000000000000000000000000000000000000000000000000000000000000000000000000000000
00000000000000000000000000000000000000000000000000000000000000000000000000000000000000000000000000000000000000000000000000000000
00000000000000000000000000000000000000000000000000000000000000000000000000000000000000000000000000000000000000000000000000000000
00000000000000000000000000000000000000000000000000000000000000000000000000000000000000000000000000000000000000000000000000000000
