00000000000000000000000000000000000000000000000000000000000000000000000000000000000000000000000000000000000000000000000000000000
00000000000000000000000000000000000000000000000000000000000000000000000000000000000000000000000000000000000000000000000000000000
00000000000000000000000000000000000000000000000000000000000000000000000000000000000000000000000000000000000000000000000000000000
00000000000000000000000000000000000000000000000000000000000000000000000000000000000000000000000000000000000000000000000000000000
00000000000000000000000000000000000000000000000000000000000000000000000000000000000000000000000000000000000000000000000000000000
00000000000000000000000000000000000000000000000000000000000000000000000000000000000000000000000000000000000000000000000000000000
00000000000000000000000000000000000000000000000000000000000000000000000000000000000000000000000000000000000000000000000000000000
00000000000000000000000000000000000000000000000000000000000000000000000000000000000000000000000000000000000000000000000000000000
00000000000000000000000000000000000000000000000000000000000000000000000000000000000000000000000000000000011111111000011111110000
00000111111111111100011111111111100000000111111110000001111111100000011111111111100000000111111111111000111111110000111111110000
00000011111111101100001111111111100000000111111111000011111111100100001111111111100001000011111111111001111111111001111111110000
00000011111111101100001111111111111000000111111111100111111111100100001111111111111001000011111111111101111111111111111111110000
00000011111111101100000011111111111100000111111111100011111111101100000011111111111101000000111111111111111111111111111111110000
00000011111111101100000011111111111100000111111111000111111111101100000011111111111101000000111111111111111111111111111111110000
00000011111111101100000001111111111100000111111111000111111111101100000001111111111101000000011111111111111111111111111111110000
00000011111111011100000000111111111100000111111011111111101111101100000000111111111101000000001111111111111111111111101111110000
00000011111110011110000001111111111000000111111000011111001111101110000001111111111101100000011111111110111111110111111111100000
00000011111100011111100000001111111000000111110001000111000111101111100000001111111001111000000011111110111111100111111111000000
00000011111000011111100000000100100100000111100100000110010111001111100000000100100001111000000001001000111111101111111110100000
00000011110001011111111000000000000000000111000110000000110110001111111000000000000001111110000000000001111110001111111100000000
00000011100000011111111000000000000000000110000110000011110100000111111000000000000000111110000000000001111100001111111000000000
00000011000000011111111111000000001000000000000100000011010000000111111111000000001000111111110000000011111000001111110000000000
00000000000000000011111111110100010000000000000100010001010000000011111111110100010000011111111101000111100000001111100000000000
00000100100001001011111111111111100000000010010100100101010101000001111111111111100000001111111111111011100000001111110000000000
00000000000000000011111111111110000000000000000100000001010000000000111111111110000000000111111111100011101000100111110100100000
00000111111111111111111111111100000000000111111101111111011111100000001111111100000000000001111111000011100000000011110000000000
00000011111111111111100000000000000000000011111100111111011111000000000000000000000000000000000000000011111111100001111111110000
00000000000000000000000000000000000000000000000000000000000000000000000000000000000000000000000000000011111111000000111111100000
00000000000000000000000000000000000000000000000000000000000000000000000000000000000000000000000000000000000000000000000000000000
00000000000000000000000000000000000000000000000000000000000000000000000000000000000000000000000000000000000000000000000000000000
00000000000000000000000000000000000000000000000000000000000000000000000000000000000000000000000000000000000000000000000000000000
00000000000000000000000000000000000000000000000000000000000000000000000000000000000000000000000000000000000000000000000000000000
