00000000000000000000000000000000000000000000000000000000000000000000000000000000000000000000000000000000000000000000000000000000
03333300333333300333333003333330003333003300033000333330000000000000000000000000000000000000000000000000000000000000000000000000
33333330333333300333333003333330003333003330033003333330000000000000000000000000000000000000000000000000000000000000000000000000
33300000330000000003300000033000000330003333033033300000000000000000000000000000000000000000000000000000000000000000000000000000
03333300333330000003300000033000000330003333333033003330000000000000000000000000000000000000000000000000000000000000000000000000
00003330330000000003300000033000000330003303333033300330000000000000000000000000000000000000000000000000000000000000000000000000
33333330333333300003300000033000003333003300333003333330000000000000000000000000000000000000000000000000000000000000000000000000
03333300333333300003300000033000003333003300033000333330000000000000000000000000000000000000000000000000000000000000000000000000
00000000000000000000000000000000000000000000000000000000000000000000000000000000000000000000000000000000000000000000000000000000
33333000333333303333333000333000330003303300000003333330000000003300033000333000330000003300033033333330033333000000000000000000
33333300333333303333333003333300330003303300000003333330000000003300033003333300330000003300033033333330333333300000000000000000
33003330330000003300000033303330330003303300000000033000000000003300033033303330330000003300033033000000333000000000000000000000
33000330333330003333300033000330330003303300000000033000000000003330333033000330330000003300033033333000033333000000000000000000
33003330330000003333300033333330333033303300000000033000000000000333330033333330330000003330333033000000000033300000000000000000
33333300333333303300000033000330333333303333330000033000000000000033300033000330333333003333333033333330333333300000000000000000
33333000333333303300000033000330033333003333330000033000000000000003000033000330333333000333330033333330033333000000000000000000
00000000000000000000000000000000000000000000000000000000000000000000000000000000000000000000000000000000000000000000000000000000
00000000000000000000000000000000000000000000000000000000000000000000000000000000000000000000000000000000000000000000000000000000
00000000000000000000000000000000000000000000000000000000000000000000000000000000000000000000000000000000000000000000000000000000
00000000000000000000000000000000000000000000000000000000000000000000000000000000000000000000000000000000000000000000000000000000
00000000000000000000000000000000000000000000000000000000000000000000000000000000000000000000000000000000000000000000000000000000
33333300333333003333333003333300033333000000000003333300033333300033300033333300033333300000000000000000000000000000000000000000
33333330333333303333333033333330333333300000000033333330033333300333330033333330033333300000000000000000000000000000000000000000
33000330330003303300000033300000333000000000000033300000000330003330333033000330000330000000000000000000000000000000000000000000
33333330330033303333300003333300033333000000000003333300000330003300033033003330000330000000000000000000000000000000000000000000
33333300333330003300000000003330000033300000000000003330000330003333333033333000000330000000000000000000000000000000000000000000
33000000330333003333333033333330333333300000000033333330000330003300033033033300000330000000000000000000000000000000000000000000
33000000330033303333333003333300033333000000000003333300000330003300033033003330000330000000000000000000000000000000000000000000
00000000000000000000000000000000000000000000000000000000000000000000000000000000000000000000000000000000000000000000000000000000
00000000000000000000000000000000000000000000000000000000000000000000000000000000000000000000000000000000000000000000000000000000
00000000000000000000000000000000000000000000000000000000000000000000000000000000000000000000000000000000000000000000000000000000
00000000000000000000000000000000000000000000000000000000000000000000000000000000000000000000000000000000000000000000000000000000
