00000000000000000000000000000000000000000000000000000000000000000000000000000000000000000000000000000000000000000000000000000000
00000000000000000000000000000000000000000000000000000000000000000000000000000000000000000000000000000000000000000000000000000000
00000000000000000000000000000000000000000000000000000000000000000000000000000000000000000000000000000000000000000000000000000000
00000000000000000000000000000000000000000000000000000000000000000000000000000000000000000000000000000000000000000000000000000000
00000000000000000000000000000000000000000000000000000000000000000000000000000000000000000000000000000000000000000000000000000000
00000000000000000000000000000000000000000000000000000000000000000000000000000000000000000000000000000000000000000000000000000000
00000000000000000000000000000000000000000000000000000000000000000000000000000000000000000000000000000000000000000000000000000000
00000000000000000000000000000000000000000000000000000000000000000000000000000000000000000000000000000000000000000000000000000000
00000000000000000000000000000000000000000000000000000000000000000000000000000000000000000000000000000000000000000000000000000000
00000000000000000000000000000000000000000000000000000000000000000000000000000000000000000000000000000000000000000000000000000000
00000000000000000000000000000000000000000000000000000000000000000000000000000000000000000000000000000000000000000000000000000000
00000000000000000000000000000000000000000000000000000000000000000000000000000000000000000000000000000000000000000000000000000000
00000000000000000000000000000000000000000000000000000000000000000000000000000000000000000000000000000000000000000000000000000000
00000000000000000000000000000000000000000000000000000000000000000000000000000000000000000000000000000000000000000000000000000000
00000000000000000000000000000000000000000000000000000000000000000000000000000000000000000000000000000000000000000000000000000000
00000000000000000000000000000000000000000000000000000000000222000022220000000000000000000000000000000000000000000000000000000000
00000000000000000000000000000000000000000000000000000000002333000233332000000000000000000000000000000000000000000000000000000000
00000000000000000000000000000000000000000000000000000000002333000233332000000000000000000000000000000000000000000000000000000000
00000000000000000000000000000000000000000000000000000000002223000233332000000000000000000000000000000000000000000000000000000000
00000000000000000000000000000000000000000000000000000000000023000230023000000000000000000000000000000000000000000000000000000000
00000000000000000000000000000000000000000000000000000000000023000230023000000000000000000000000000000000000000000000000000000000
00000000000000000000000000000000000000000000000000000000000023000000233000000000000000000000000000000000000000000000000000000000
00000000000000000000000000000000000000000000000000000000000023000002330000000000000000000000000000000000000000000000000000000000
00000000000000000000000000000000000000000000000000000000000023000002300000000000000000000000000000000000000000000000000000000000
00000000000000000000000000000000000000000000000000000000000023000023033000000000000000000000000000000000000000000000000000000000
00000000000000000000000000000000000000000000000000000000000023000233033000000000000000000000000000000000000000000000000000000000
00000000000000000000000000000000000000000000000000000000002223000233332000000000000000000000000000000000000000000000000000000000
00000000000000000000000000000000000000000000000000000000002332000233332000000000000000000000000000000000000000000000000000000000
00000000000000000000000000000000000000000000000000000000002332000233332000000000000000000000000000000000000000000000000000000000
00000000000000000000000000000000000000000000000000000000002222000222220000000000000000000000000000000000000000000000000000000000
00000000000000000000000000000000000000000000000000000000000000000000000000000000000000000000000000000000000000000000000000000000
00000000000000000000000000000000000000000000000000000000000000000000000000000000000000000000000000000000000000000000000000000000
