00000001111222222223333333333322222112233221111233333333333333333333333332222221113333222222222222221100000001101222111100000000
01000011111222222223333333333332222221233322122233333333333333333333333332222221112333222222222222222100000001101222211110000000
00000011112222222233333333333332222221123322222333333333333333333333333332222222111223222222222222222100000000111222211110000000
00000011112222222233333333333333222211123322112333333333333333333333333332222222210123222222222222222100000000112222221110000000
00000111112222222233333333333333322222222222112333333333333333333333333332222222210123222222222222222100000000012222221110000000
00000111112222222333333333333333332222222222112333333333333333333333333332222222210123222222222222222100000000011222221110000000
00000111112222222333333333333333333322222222222233333333333333333333333332222222210123222222222222222100000000001222221110000000
00000111112222222333333333333333333322222222222233333333333333333333333332222222210123222222222222222100000000001222221110000000
00000111122222222333333322221112333322222222222233333333333333333333333332222222210133322222222222222100000000012222222110000100
00000111122222222333333222210001233333222222222333333333333333333333333333222222211123322222222222233100000000112222222110000000
00000111122222223333332221100000123333333222222333333333333333333333333333222222222112332222232222232100000000122222222110000000
00000111122222223333332211000000012333333333333333333333333333333333333333222222222112333222222222232100000000122222222110000000
00000111122222223333322210000000000233333333333333333333333333333333333333322222222111233322222222221100000000122222222110000000
00000111222222223333322210111100000233333333333333333333333333333333333333322222222211223322222222221000000000122222222110000000
00000111222222223333322211232111100233333333333333333333333333333333333333332222212221123333222222210000000001122222222110000000
00000111222222223333322211233211100233333333333333333333333333333333333333333222211221123333333322100000000011222222222110000000
00000111222222223333322211233211100233333333333333333333333333333333333333333322221221223222222111000000000012232222222110000000
00000111222222223333322211233211000233333333333333333333333333333333333333333322222222222111110000000000000122332222222110000000
00000111222222223333322211233210000233333333333333333333333333333333333333333333222211221111100000000000012223332222222110000000
00000111222222223333322211223210011333333333333333333333333333333333333333333333322222111111100000000001122333332222222110000000
00000111222222223333322112222210113333333333333333333333333333333333333333333333333222221111100011111111233333332222222110000000
00001111222222223333322122222111233333333333333333333333333333333333333333333333333332222222111111222222333333332222222110000000
00000111222222223333332222221002333333333333333333333333333333333333333333333333333333322222222222233333333333332222222110000000
00000111122222223333333222221112333333333333322211112222233333333333333333333333333333333322222233333333333333332222222110000000
00000111122222223333333322222223333333333332211111111112233333333333333333333333333333333333333333333333333333332222222110000000
00000111122222223333333333222223333333333332211111111112233333333333333333333333333333333333333333333333333333322222222110000000
00000111122222223333333333333333333333333322101111111111233333333333333333333333333333333333333333333333333333322222222110000000
00000111122222223333333333333333333333333322101111111111223333333333333333333333333333333333333333333333333333322222222110000000
00000111122222222333333333333333333333333322101112222212223333333333333333333333333333333333333333333333333333322222222110000000
00000111122222222333333333333333333333333322111122222222212233333333333333333333333333333333333333333333333333322222221110000100
00000011112222222333333333333333333333333322211112223322212223333333333333333333333333332222222233333333333333222222221110000000
00000011112222222233333333333333333333333322221111222332222222333333333333333333333333222222222223333333333333222222221110000000
