00000000000000000000000000000000000000000000000000000000000000000000000000000000000000000000000000000000000000000000000000000000
00000000000000000000000000000000000000003333300000000000333330011100333330000000333330000000000033333000000033333000000333333000
00000000000000000000000000000000000000033333330000000003333333003003333333000003333333000000000333333300000333333300003333333300
00000000000000000000000000000000000000333000333000000033300033303033300033300033300033300000003330003330003330003330003300003300
00000000000000000000000000000000000000330000033000000033003003303033003003300033000003300000003300000330003300000330033000000330
00000000000000000000000000000000000000330000033000000033033303303000033303300033000003300000003300000330003300000330033000000330
00000000000000000000000000000000000000000000033000000000033303303333333003302000000003300000000000000330000000000330033300003330
00000000000000000000000000000000000000000000033000000023333003303333300033003100000003300000000000000330000000000330003333333300
00000000000000000000000000000000012210000000330000000233333033001112203333033200000033000000000000003300000000003300000333333000
00000000000000000000000000000000133333100000330000000333330033000000003333001320000033000000000000003300000000003300003333333300
00000000000000000000000000000000233333200003300000001333300330022222200033300020000330000000000000033000000000033000033330033330
00000000000000000000000000000001332223310033000000003333003300333333333003302221003300000000000000330000000000330000033300003330
00000000000000000000000000000001222112300330000000123330033003330000333303303330033000000000000003300000000003300000033000000330
00000000000000000000000000000000221112003300000012233300330033330330033003303300330000000000000033000000000033000000033000000330
00000000000000000000000000000000111120033000000000003003300000000333000033303003300000000000000330000000000330000000033300003330
00000000000000000000000000000000000100333333333003300033333333300033333333000033333333300330003333333330003333333330003333333300
00000000000000000000000000000000000103333333333003300333333333303000333330030333333333300330033333333330033333333330000333333000
00000000000000000000000000122221110100000000000000000000000000003330000000230000000000000000000000000000000000000000000000000000
00000000000000000000000012223332111122111111110110322222333333233333333333313332000000000000000000000000000000000000000000000000
00000000000000000000000122123322111111000001000010222322333333323333223333322332000000000000000000000000000000000000000000000000
00000000000000000000000221122221010000000000000000222222333333323333233333322331000000000000000000000000000000000000000000000000
00000000000000000000000120012211010000000001001211122222333333323333233333322330000000000000000000000000000000000000000000000000
00000000000000000000000110001110011000111122112221122222333333323333233333322310000000000000000000000000000000000000000000000000
00000000000000000000000110000000011111211211122222212222233333323323333333323300000000000000000000000000000000000000000000000000
00000000000000000000000000000000000000000000001010100022223333332223323333223200000000000000000000000000000000000000000000000000
00000000000000330300300330003300333000330033300000003022232233332222323332233000000333000330030000033000000030000000000000000000
00000000000000030300303003030030300303003030030000033012222332222222233322332000000300303003030000300300000330000000000000000000
00000000000000030300303000030030300303003030030000003001222222222222233333330000000333003003030000300300000030000000000000000000
00000000000000030300303033033330300303003033330000003000122212222222223333210000000300303003030000333300000030000000000000000000
00000000000030030300303003030030300303003030300000003000012212222222222221000000000300303003030000300300000030000000000000000000
00000000000003300033000330030030333000330030030000003000001122222222222210000000000333000330033330300300000030000000000000000000
00000000000000000000000000000000000000000000000000000000000001122211110000000000000000000000000000000000000000000000000000000000
