00000000000000000000000000000000000000000000000000000000001111233222222100000000000000000000000111111222100000000000000000000000
00000000000000000000000000000000000000000000000000000000111111233222322100000000000000000000000111111122110000000000000000000000
00000000000000000000000000000000000001111000000000000001111112233233332100000000000000000000000111121122210000000000000000000000
00000000000000000000000000000000000001111100000000000111110113223333322100000000000000000000000011111122210000000000000000000000
00000000000000000000000000000000000111112210000000011111111222223333322100000000000000000000000011111122100000000000000000000000
00000000000000000000000000000000000111111221000000011111112222223233332110000000000000000000000001111112100000000000000000000000
00000000000000000000000000000000000111111121000010011112222112332333332110000000000000000000000000111112100000000000000000000000
00000000000000000000000000000000000111111122100011111112222112332212232220000000000000000000000000011121100000000000000000000000
00000000000000000000000000000000000111111123210111112112212111222322233220000000000000000000000000001111000000000000000000000000
00000000000000000000000000000000000011111222210111112122122111323223232121000000000000000000000000000000000000000000000000000000
00000000000000000000000000000000000011121223211111211232221112322223332111000000000000000000000000000000000000000000000000000000
00000000000000000000000000000000000011122212211111111222212211123322333112100000000000000000000000000000000000000000000000000000
00000000000000000000000000000000000011122222211101111122112211222322332223100000000000000000000000000000000000000000000000000000
00000000000000000000000000000000000011111222211111212112222322222333311233100000000000000000000000000000000000000000000000000000
00000000000000000000000000000000000001111221111112212112211221222333211231100000000000000000000000000000000000000000000000000000
00000000000000000000000000000000000000011221111113211222211222223233211122100000000000000000000000000000000000000000000000000000
00000000000000000000000000000000000000001110111113211112111212222222221112200000000000000000000000000000000000000000000000000000
00000000000000000000000000000000000000000000111123210011211211211212222112210000000000000000000000000000000000000000000000000000
00000000000000000000000000000000000000000000112223210001211211212212112123221000000000000000000000000000000000000000000000000000
00000000000000000000000000000000000000000000122223220011211121212212222122121000000000000000000000000000000000000000000000000000
00000000000000000000000000000000000000000000001111221121212121221121212222112100000000000000000000000000000000000000000000000000
00000000000000000000000000000000000000000000001111222111122121121211222222112210000000000000000000000000000000000000000000000000
00000000000000000000000000000000000000000000001111222100122122122222222222222210000000000000000000000000000000000000000000000000
00000000000000000000000000000000000000000000000122232110122112122322222223222110000000000000000000000000000000000000000000000000
00000000000000000000000000000000000000000000000122232211132212223222221222122110000000000000000000000000000000000000000000000000
00000000000000000000000000000000000000000000001222122222232212222111122222111121000000000000000000000000000000000000000000000000
00000000000000000000000000000000000000000000000122122211211211121221221222122222100000000000000000000000000000000000000000000000
00000000000000000000000000000000000000000000000132221101212212112222222222223222000000000000000000000000000000000000000000000000
00000000000000000000000000000000000000000000000233221111112222122122211221122111000000000000000000000000000000000000000000000000
00000000000000000000000000000000000000000000000121111111222212112112111121122100000000000000000000000000000000000000000000000000
00000000000000000000000000000000000000000000000000000112222212112101111121132000000000000000000000000000000000000000000000000000
00000000000000000000000000000000000000000000000000000001222111111111101111232100000000000000000000000000000000000000000000000000
