00000000000000000000000000000000000000000000000000000000000000000000000000000000000000000000000000000000000000000000000000000000
00000000000000000000000000003333330000003333330000000000333330000000333300000000333300000000000033330000000033330000000033330000
00000000000010000000000000033333330000033333330000000003333333000003333330000003333330000000000333333000000333333000000333333000
00000000000000000000000000033100000000033000000000000033300033300033000033000033000033000000003300003300003300003300003300003300
00000001000000000000000000033000000000033000000000000033000003300330000003300330000003301000033000000330033000100330033000000330
00000000000000000000000000033000000000033000000000000033000003300330000003300330000003300000033000000330033000000330033000000330
00000000000000000000000000333333300000333333300000000000000003300330000003300330000003300000033000000330033000000330033000000330
00000000000000000000000000333333300000333333300000000000000003300330000003300330000003300000033000000330033000000330033000000330
00000000000000010000000000330000330000330000330000001000000033000330000003300330000003300000033000100330033000000330033000000330
00000000000000000000000000000000033000000000033000000000100033000330000003300330000003300000033000000330033000000330033000000330
00000000000000000000000000000000033000000000033000000000000330000330100003300330000003300000033000000330033000000330033000000330
00000000000000000000000000000000033000000000033000000000003300000330000003300330000003300000033000000330033000000330033000000330
00000000000000000000000000000000033000000100033000010000033000000330000003300330000003300000033000000330033000000330033000000330
00000000000000000000000100300000330000300000330000000000330001000330000003300330000003300000033000000330033000000330033000000330
00000000000000000000000000000000330003330003330000000003300000000033000033000033000033000000003300003300003300003300003300003300
00000000000000000000000000000000300000333333300003300033333333300003333330000003333330000330000333333000000333333000000333333000
00000000000000001000000000000000000000033333000003300333333333300000333300000000333300000330000033330000000033330000000033330000
00000000000010000000000000000000000000000000000000000000000000000100000000000000000000000000000000000000000000000000000000000000
00000000000000000000000000000000000000000000000000000000000001000000000000000000000000000000000000000000000000000000000000000000
00000000000000000000000000000000000000000000000000000010000000000010000000000000000000000000000000000000000000000000000000000000
00000000000000000000000010000000000000000000000000000000000000000000000000000000000000000000000000000000000000000000000000000000
00001000000000000000000000000000000000000000000010000000000000001000000000000000000000000000000000000000000000000000000000000000
00000000000000000000000000000000000000000001000000000000100001000000000000000000000000000000000000000000000000000000000000000000
00000000000000000000000000000000001000000000000000001000000000000000010000000000000000000100000000000000000000000000100000000000
00000000000000000000000000000000000000000000000000000000000000000100000000000000000000000000000000000000000000000000000000000000
00000000000033300300000330030003033330333000000000003000000000100000000000000000033303030333033000300000330003003000300000000000
00000000000030030300003003003030030000300300000000033000001000000000000000000000030003030030030303030000303030303000300000000000
00000000000030030300003003000300030000300300000010003000000000000000000000000000030000300030030303030000330030303000300000000000
00000000100033300300003333000300033300333000000000003000000000000000001000000100033000300030033003330000303033303000300000000000
00000000000030000300003003000300030000303000100000003001000000000001000000000000030003030030030303030000303030303000300000000100
00000000000030000333303003000300033330300300000000003000000000000000000000000000033303030030030303030000330030303330333000000000
00000000000000000000000000000000000000000000000000000000000000000000000000000000000000000000000000000000000000000000000000000000
