00000011000000000000000000000000000000000000000000000000333333333333333322233333223333333333333333333000000000000000000000000000
00333000000033303330000003000300030000000300030003000000223333333333333332222333233333333333333333333100000000000000000000000000
00333000000000300030000030303030303000003030303030300000223333333333333333233333223333333333333333333200000000000000000000000000
00033011000003000300000003003030303000003030303030300000232333333333333333222322222233333333333333333300000000000000000000000000
00033022000003000300000030303030303000003030303030300000232333333333333333322222322233333333333333333310000000000000000000000000
11033023000030003000000030303030303000003030303030300000232333333333333333322222222233333333333333333320000000000000000000000000
12033023000030003000030003000300030003000300030003000000223333333333333333322323332333333333333333333320000000000000000000000000
13033033000000000000000000000000000000000000000000000000223233333333333333322222222223333333333333333330000000000000000000000000
13000033333333333333200000000000000000000001111223333222222233333333333333332222222223333333333333333330000000000000000000000000
13333333233333333333210000000000000000000001111123333222222223333333333333332322222223333333333333333331000000000000000000000000
13333233232222333333310000001000000000000001111122333222222323333333333333332222222232233333333333333331000000000000000000000000
13333333333323333333310000000000000000000001111122333322222223333333333333332222223333233333333333333332000000000000000000000000
12232333223333333333210000000000000000000001111122333322222223333333333333333222223333333333333333333332000000000000000000000000
01122222233333333333210000000000000000000000111112333322222223333333333333333222223333233333333333333332000000000000000000000000
12222222233333333333210000000000000000000000111112333332222223333333333333333222222232233333333333333332000000000000000000000000
13223322333333333322200000000000000000000000111111333322222223333333333333333222222233333333333333333332000000000000000000000000
13333332222221211111100000000000000000000000101111333332222222333333333333333222222223333333333333333332000000000000000000000000
13333321111110100110000011000000000000000000001112233332222223333333333333333222222223333333333333333332000000000000000000000000
12222221110011100110000000000000000000000000001112233332212223333333333333333222222222333333333333333332000000000000000000000000
12222110000000000000000000000000000000000000110112233332222223333333333333333222222222223333333333333331000000000000000000000000
12221100011101111111000000000000000000000000101111233332122222333333333333333222222223333333333333333331000000000000000000000000
12221100111000000000000000000000000000000000001111233332112222333333333333333222222223333333333333333331000000000000000000000000
12210000111111010000100000000000000000000000000111333332222223333333333333333222222223333333333333333331000000000000000000000000
12110001111111110011100000000000000000000000000012333322122222333333333333333222222223333333333333333320000000000000000000000000
11000001111100000000000000000000000000000000001011200032222122333333333333333222200000000000000000000000000000000000000000000000
00001111000000330300300330003300333000330033300012003022212222333333333333332222033000300300003000033303030333033000300000000000
01111110000000030300303003030030300303003030030112033022112223333333333333332222030303030300030300030003030030030303030000000000
00000000000000030300303000030030300303003030030012003021122223333333333333332222033003030300030300030000300030030303030000000000
01111111100000030300303033033330300303003033330112303021122223333333333333322222030303030300033300033000300030033303330000000000
12211111100030030300303003030030300303003030300012303021122223333333333333222222030303030300030300030003030030033003030000000000
13221111100003300033000330030030333000330030030012303021112223333333333333222222033300300333030300033303030030030303030000000000
13322211110000000000000000000000000000000000000112300021222223333333333332122222200000000000000000000000000000000000000000000000
