21111111111111111111111111111111111111111111111111111111111111012000001110000011100000112111111110000011100000111000001111111100
11111111111111111111111111111111111111111111111111111111111110123033300100333011003330110001000110333001003330011033300111111110
11111111111111111111111111111111111111111111111111111111111111333000030003000011030000110301030110000301030003011000030111111110
11111111112221111111111111111111111111111111111111111111111102333322030203011111030111110301030111110301030003000000030000000000
00000100000000000000000000000000000000000000000000000000000000000000030003000000030000000300030000000300030003001000030000000000
00000000000000000000000000000000000000000000000100000000001000000033300000333000003330000033300000333000003330000033300000000000
00000000000000000000000000000000000000000000000000000000000000000300000010000300000003000000030003000000030003000300000000000000
00000000000000000000000000000000000000001000000000000000000000000300000000000300100003000000030003010000030003000300000010000000
00000000000001000000000000000000000000000000000000000000000000000300000000000300000003000000030003000000030003000300000000000001
00000000000000000000000000000001000000000000001000000000100000000033300000333000003330000000000000333000003330000033300000000000
00000100000000000000000000000000000000000000000000000000000010000000003000000000000000000000003000000000000000000000000000000000
00000000000000000000000000000000000000000000000000000000000000000000000000000000000001000000000000000000000000000000000000000000
00000000000000000000000000000000000000001000000000000000010000000000000001000000000000000000000000000000000000000000000000000000
00000000000000000000010000000000000000000000000000000000000001000101000000000000100000000000000000000000000000000000100000000000
00000000000000000000000000000000000000000000000000000000000000000000000000000000000000000000000000000000000000000000000000000000
00000000000000000000000000000001000000000000000000000000000100000000010000000000000000000000100000000000001000000000000000000000
00000000000000010000000000000000000000000000000000000000000000000000000000000000000000000000000000000000000000000000000000000000
00000000001000000000000000000000000000100000000000000000000000000100000000000000000000000000000000000000000000000000000000000000
00000000000000000000000000000000000000000001000000000000000000100000010000000000000000000000000000000000000000000000000000100000
00000000000000000000000000000000000000000000000000000010001000000001000000000000000000000000000000000000000000000000000000000000
00000000000000000000000100000000000000000000000000000000000000000000000000000010000100000000000000000100000000000000000000000000
00100000000000000000000000000000000000000000000100000000000000001000000000010000000000000000000000000000000000000000000000000000
00000000000000000000000000000000000000000000000000000000000000000000000000000000000000000000000000000000000000000000000000000000
00000000000000000000000000000000010000000000000000001000000000000000010000000000000000000010000000000000000000000000000000000000
00000000000000000000000000000000000000000000000000000000000000000000000000000000000000000000000000000000000000000000000000000000
00000000000033300300000330030003033330333000000000003000000000000100000001000000003330003300300003000000000330000000000000000000
00000000000030030300003003003030030000300300000000033000001000100000000000000000003003030030300003000000003003000000000000000000
00000000000030030300003003000300030000300300000010003000000000000000000000000000003330030030300003000000000003000000000000000000
00000010000033300300003333000300033300333000000000003000000000000000001000000000003003033330300003000000000330000000000000000000
00000111000030000300003003000300030000303000000000003000000000000000000000000010003003030030300003000000003000000000000000000000
10000010000030000333303003000300033330300301000000003001000010000001000000000000003330030030333303333000003333000000100000000001
00000000000000000000000000000000000000000000000000000000000000000000000000000000000000000000000000000000000000000000000000000000
