00000000000100000000000000000000000000001000000000000000000000000000100000000000000000000000000000000000000000000000000000000000
00000000000000000000000000000000000000000100000000000000000000000001000033333300000330000000000033330000000033333000000000003300
00000000000000000000000000000000000000000000000000000000000000000000000333333300003330000000000333333000000333333300000000033000
00000000000000000000000000000000000000000000000000000000000000000000000330000000033330000000003300003300003330003330000000330000
00000000000000000000000001000000000000000000000000010000000000000000000330000000000330000000033000000330003300000330000003300000
00000000000000000000000000100000000000000000000000100000000000000000000330000000000330000000033000000330003300000330000033000000
00000000000000000000000000000000000000000000000000000000000000000000003333333000100330000000033000000330000000000330000333330000
00000000000000000000000000000000000000000000000000000000000000000000003333333000010330000000033000000330000000000330003333333000
00000000000000000000000000000000000000000000000000000000000000000100003300003300100330000000033000000330000000003300003330033300
00000000000000000000000000000000000000000000000000000000000000000000000000000330000330000000033000000330000000003300033300003330
00000000000000000000000000000000000000000000000000000000001000100000000000000330000330000010033000000330000000033000033001000330
00000000000101000000000000000000000000000000000000000000000000000000001000000330000330000100033000000330000000330000033000000330
00000000000010000000000000000000000000000000000000000000000000000000000000000330000330000000033000000330000003300000033000000330
00000000000000000000000000000000000010000000000000000000000100010000003000003300000330000000033000000330000033000000033300003330
00000000000000000000000000000000000001000000000000000000000000000010033300033300000330000000003300003300000330000000003330033300
00000000000000000000000000000000000000000000000000000000000000000000003333333000000330000330000333333000003333333330000333333000
00000000000000000000000000000000000000000000000000000000000001000000000333330000000330000330000033330000033333333330000033330000
00000000000000000000000000000000000000000000000000000000000000000000000000000000000000000000001000000000000000000000000000000000
00000000000000000000000000000000000000000000000000000000000000000000001000100000010000000000000000000000000000000000000000000000
00000000000000000000000000000000100000000000100000000000100100000000100000000000000000000000000000000000000000000000000000000000
00000000000000000000000000000001000000000000010000000000000000000000000000000000010000000000000000000000000000000000000000000000
00000000000000000000000000000000100000000000000000000000000000000000000000000000000000000000000000000000000000000000000000000000
00000000100000000000000000000000000000000000000000000000000000000000000000000000000000000000000000000000000000000000000000000000
00000001110000000000000000000000000000000000000000000000010000010000000000000000000000000000000000000000000000000000000000000000
00000000100000000000000000000000000000000000000000000000000000000000000010000000000000000000000000000000000000000000000000000000
00000000000033300300000330030003033330333000000000003000000000000000000100000000103330003300300003000000000030000000000000000000
00000000000030030300003003003030030000300300000000033000000000010000000000000000003003030030300003000000000330000000000000000000
00000000000030030300003003000300030000300300000000003010000000001000000000000000003330030030300003000000000030000000000000000000
00000000000033300300003333000300033300333000010000003011000000000000000000010000003003033330300003000000000030000000000000000000
00000000000030000300003003000300030000303000111000003010000000000000000000001000003003030030300003000000000030000000000000000000
00000000000030000333303003000300033330300300010000003000000000000000000000000000003330030030333303333001000030000000000000000000
00000000000000000000000000000000000000000000000000000000000000000000000000000000000000000000000000000010000000000010000000000000
