00000000000000000000000000000000000000000000000000000000000000000000000000010000000000000000000000000000000000000000000000000000
00000000000000000000000000000000000000000001000000000000333300000000333300000000333300000000000033330000010033330000000000003300
00000000000100000000010000000000000000000000000000000003333330000003333330000003333330000000000333333000000333333000000000033000
00000000000000000000000000000000000001000000000000000033300333000033000033000033000033000000003300003300003300003300000000330000
00000100000000000000000000000000000000000000000000000330000003300330000003300330000003301000033000000330033000000330000003300000
00000000000000000000000000000000000000000000000100000330001003300330000003300330000003300000033000000330033000000330000033000000
00000000000000000000000000000000000000000000000000000330000003300330000003300330000003300000033000000330033000000330000333330000
00000000000000000000000000000000000000001000000000000330000003300330000003300330100003300000033000010330033000000330003333333000
00000000000001000000000000000000000000000000000000000333000033300330000003300330000003300000033000000330033010000330003330033300
00000000000000000000000000000001000000000000001000000033333333000330000003300330000003300000033000000330033000000330033300003330
00000100000000000000000000000000000000000000000000000003333333000330010003300330000003300000033000000330033000000330033000000330
00000000000000000000000000000000000000000000000000000000003330000330000003300330000003300000033000000330033000000330033000000330
00000000000000000000000000000000000000001000000000000000003300000330000003300330000003300000033000000330033000000330033000000330
00000000000000000000010000000000000000000000000000000000033001000330000003300330000003300000033000000330033000000330033300003330
00000000000000000000000000000000000000000000000000000000330000000033000033000033000033000000003300003300003300003300003330033300
00000000000000000000000000000001000000000000000000000003300100000003333330000003333330000330100333333000000333333000000333333000
00000000000000010000000000000000000000000000000000000033000000000000333300000000333300000330000033330000000033330000000033330000
00000000001000000000000000000000000000100000000000000000000000000100000000000000000000000000000000000000000000000000000000000000
00000000000000000000000000000000000000000001000000000000000000100000010000000000000000000000000000000000000000000000000000100000
00000000000000000000000000000000000000000000000000000010001000000001000000000000000000000000000000000000000000000000000000000000
00000000000000000000000100000000000000000000000000000000000000000000000000000010000100000000000000000100000000000000000000000000
00100000000000000000000000000000000000000000000100000000000000001000000000010000000000000000000000000000000000000000000000000000
00000000000000000000000000000000000000000000000000000000000000000000000000000000000000000000000000000000000000000000000000000000
00000000000000000000000000000000010000000000000000001000000000000000010000000000000000000010000000000000000000000000000000000000
00000000000000000000000000000000000000000000000000000000000000000000000000000000000000000000000000000000000000000000000000000000
00000000000033300300000330030003033330333000000000003000000000000100000001000000003330003300300003000000000030000000000000000000
00000000000030030300003003003030030000300300000000033000001000100000000000000000003003030030300003000000000330000000000000000000
00000000000030030300003003000300030000300300000010003000000000000000000000000000003330030030300003000000000030000000000000000000
00000010000033300300003333000300033300333000000000003000000000000000001000000000003003033330300003000000000030000000000000000000
00000111000030000300003003000300030000303000000000003000000000000000000000000010003003030030300003000000000030000000000000000000
10000010000030000333303003000300033330300301000000003001000010000001000000000000003330030030333303333000000030000000100000000001
00000000000000000000000000000000000000000000000000000000000000000000000000000000000000000000000000000000000000000000000000000000
