11111111111100011111111111111110011111100000001111111111111000110000000000000000000000001111000000000000111110000011111000000011
11111111111111111111111111111110001111003333300111111111110030110333333333300333333333301111033333333330111111003011110033333001
11111111111111111111111111111111101110033333330011111111110330110333333333300333333333301111033333333330111111033011100333333300
11111111111111111111111111111111100000333000333011111111100330110000000033000000000033001111000000003300111110033011103330003330
11111111111111111111111111111111000000330010033011111111103330111111110033011111110033011111111111003301111110333011103300100330
11111111111111111110011111111110000000330111033011111111003330111111110330011111110330011111111111033001111100333011000001110330
11111111111111111102210011111110000000000111033011111110033330111111100330111111100330111111111110033011111003333010001111100330
11111111111111111033333201111111110001111110033011111110330330111111103300111111103300111111111100330011111033033010011110003300
11111111101111111133322331111111111100101110330011111100330330111111003301111111003301111111111000330111110033033010111110333301
10011111101110110233332233111111111110101100330111111003300330111111033001111111033001111111111103300111100330033011111110333300
00111111111110001332333233301111111000000003300111110033300330111110033011111110033011111111111003301111003330033000111110003330
01111111112110011231233233320111111000000033001111110333000330001110330011111110330011111111111033002110033300033000111111100330
01111111112211001231233223331111111100000330011111110333333333301100330111111100330111111111110033022210033333333330000011110330
00111111001111000133333333332001111111003300011111110333333333301103300111111103300111101111110330012211033333333330033001100330
10111111001111000023333333333100111110033000000000000000000330001003301111111003301111100000100330001111000000033000033300003330
11111111111111000013323331233200001100333333333003301110000330110033001111110033001111110330003300001111110011033011003333333300
11111111111110100012312331223200000003333333333003300110000330010333011111110333011111110330033301001111110111033011100033333001
11111111111110100000233332223300000000000000000000000010000000010000011111110000011111110000000001111111111111000011111000000011
11111111111101110000033333323200000000000000000000100001000000000000000111111111100111111110111111111111111111111111111101111000
11111111111100111010022333333100000000000000000000010000100000000000000001111111100001111110111111111111111111111110110001101000
11111111111100022110022333221000000000000000000000000000000000000000000001111111100000011110001111111111111111011100100000010000
11111111110012112210023332000000000000000000000000000000000000000000000000111111100000001010000100111111001110001100100000000000
11111111101122110110022320000000000000000000000000000000010000000000000000001111110000000000000101011110000111001100000000000000
00111111012221001111000000000000000000000000000000000000000000000000000000000100011000000000000001101111111111011100000000000000
00111111022000000000000000000000000000000000000000000000000000000000000000000000000000000000000000001111110000011100000000000000
10111111022033300300000330030003033330333000000000003000000000000000000000000000003330003300300003001111100330001110000000000000
11111111101030030300003003003030030000300300000000033000000000000000000000000000003003030030300003011111103003011110000000000000
10012211000030030300003003000300030000300300000000003000000000000000000000000000003330030030300003001100000003011110000000000000
10002221000033300300003333000300033300333000000000003000000000000000000000000000003003033330300003001100000330011100001111000000
00001211100030000300003003000300030000303000000000003000000000000000000000000000003003030030300003000010003000011100011111100000
10000111110030000333303003000300033330300300000000003000000000000000000000000000003330030030333303333010003333011100101111100000
10000111111000000000000000000000000000000000000000000000000000000000000000000000000000000000000000000010000000001111000010000001
