33333333333333333333333333333333333333333333333333333333333333333333333333333333333333333333333333333333333333333333333333333333
33333333333333333333333333333333333333333333333333333333333333333333333333333333333333333333333333333333333333333333333333333333
33333333333333333333333333333333333333333333333333333333333333333333333333333333333333333333333333333333333333333333333333333333
33333333333333333333333333333333333333333333333333333333333333333333333333333333333333333333333333333333333333333333333333333333
33333000000000000003333333333333333333333333333333333333333333333333333333333000333333333333300000003333333333333333333333333333
33333330000001110000033333333333333333333333333333333333333333333303333333330000013333333333333000001133333333333333333333333333
33333333000001133000001333333333333333333333333333333333333333333303133333330000011333333333333000001133333333333333333333333333
33333333000001133300001133333333333333333333333333333333333333333003133333330000011333333333333000001133333333333333333333333333
33333333000001133300000133333333333333333333333333333333333333330001133333333000111333333333333000001133333333333333333333333333
33333333000001133300000113333333333333333333333333333333333333300001133333333331113333333333333000001133333333333333333333333333
33333333000001133300000113333333333333333333333333333333333333000001133333333333333333333333333000001133333333333333333333333333
33333333000001133300000113333000000333333330000000333000333330000000003333000000033333333300033000001133333330000003333333333333
33333333000001133300001113300331000003333333300000100000013300000000001133330000011333330000100000001133333003310000033333333333
33333333000001133000001133000113300000133333300000013000011333000001111133330000011333300001110000001133330001133000001333333333
33333333000001130000011130000113300000113333300000011000011333000001133333330000011333300001133000001133300001133000001133333333
33333333000000000001111330000113300000113333300000111300111333000001133333330000011333000001133000001133300001133000001133333333
33333333000001111111133333000113300000113333300000113333113333000001133333330000011333000001133000001133330001133000001133333333
33333333000001133333333333331110000000113333300000113333333333000001133333330000011333000001133000001133333311100000001133333333
33333333000001133333333333333003300000113333300000113333333333000001133333330000011333000001133000001133333330033000001133333333
33333333000001133333333333300031100000113333300000113333333333000001133333330000011333000001133000001133333000311000001133333333
33333333000001133333333333000011300000113333300000113333333333000001133333330000011333000001133000001133330000113000001133333333
33333333000001133333333330000011300000113333300000113333333333000001133333330000011333000001133000001133300000113000001133333333
33333333000001133333333330000011300000113333300000113333333333000001130333330000011333300000133000001133300000113000001133333333
33333333000001133333333330000011000000113333300000113333333333000001103313330000011333300000110000001133300000110000001133333333
33333330000000133333333330000000300000003333300000113333333333300000033133330000011333330000003000000033300000003000000033333333
33333000000000003333333333000011110000111130000000003333333333330000111333000000000333333000011000011111330000111100001111333333
33333331111111111133333333331111333311113333311111111133333333333311113333331111111113333331111331111333333311113333111133333333
33333333333333333333333333333333333333333333333333333333333333333333333333333333333333333333333333333333333333333333333333333333
33333333333333333333333333333333333333333333333333333333333333333333333333333333333333333333333333333333333333333333333333333333
33333333333333333333333333333333333333333333333333333333333333333333333333333333333333333333333333333333333333333333333333333333
33333333333333333333333333333333333333333333333333333333333333333333333333333333333333333333333333333333333333333333333333333333
33333333333333333333333333333333333333333333333333333333333333333333333333333333333333333333333333333333333333333333333333333333
