00000000000000000000000000000000000000000000000001111110111111100111110001111110000000000000000000000000000000000000000000000000
00000000000000000000000000000000000000000000000001111110111111101111111001111110000000000000000000000000000000000000000000000000
00000000000000000000000000000000000000000000000000011000110000001110000000011000000000000000000000000000000000000000000000000000
00000000000000000000000000000000000000000000000000011000111110000111110000011000000000000000000000000000000000000000000000000000
00000000000000000000000000000000011111000000000000011000110000000000111000011000000000000111110000000000000000000000000000000000
00000000000000000000000000000000000000000000000000011000111111101111111000011000000000000000000000000000000000000000000000000000
00000000000000000000000000000000000000000000000000011000111111100111110000011000000000000000000000000000000000000000000000000000
00000000000000000000000000000000000000000000000000000000000000000000000000000000000000000000000000000000000000000000000000000000
11111100011111001111110000111100110001100011100001111100000000000000000000000000000000000000000000000000000000000000000000000000
11111110111111101111111000111100111001100111110011111110000000000000000000000000000000000000000000000000000000000000000000000000
11001110110001101100111000011000111101101110111011100000000000000000000000000000000000000000000000000000000000000000000000000000
11111100110001101111110000011000111111101100011001111100000000000000000000000000000000000000000000000000000000000000000000000000
11001110110001101100111000011000110111101111111000001110000000000000000000000000000000000000000000000000000000000000000000000000
11111110111111101111111000111100110011101100011011111110000000000000000000000000000000000000000000000000000000000000000000000000
11111100011111001111110000111100110001101100011001111100000000000000000000000000000000000000000000000000000000000000000000000000
00000000000000000000000000000000000000000000000000000000000000000000000000000000000000000000000000000000000000000000000000000000
33000000330003300033330033333330033333000000000000000000000000000000000000000000000000000000000000000000000000000000000000000000
33000000330003300333333033333330333333300000000000000000000000000000000000000000000000000000000000000000000000000000000000000000
33000000330003303300033033000000333000000000000000000000000000000000000000000000000000000000000000000000000000000000000000000000
33000000330003303300000033333000033333000000000000000000000000000000000000000000000000000000000000000000000000000000000000000000
33000000333033303330033033000000000033300000000000000000000000000000000000000000000000000000000000000000000000000000000000000000
33333300333333300333333033333330333333300000000000000000000000000000000000000000000000000000000000000000000000000000000000000000
33333300033333000033330033333330033333000000000000000000000000000000000000000000000000000000000000000000000000000000000000000000
00000000000000000000000000000000000000000000000000000000000000000000000000000000000000000000000000000000000000000000000000000000
00111100011111001100011001111110001110000011110001111110011111000111110000000000000000000000000000000000000000000000000000000000
01111110111111101110011001111110011111000111111001111110111111101111111000000000000000000000000000000000000000000000000000000000
11000110110001101111011000011000111011101100011000011000110001101110000000000000000000000000000000000000000000000000000000000000
11000000110001101111111000011000110001101100000000011000110001100111110000000000000000000000000000000000000000000000000000000000
11100110110001101101111000011000111111101110011000011000110001100000111000000000000000000000000000000000000000000000000000000000
01111110111111101100111000011000110001100111111000011000111111101111111000000000000000000000000000000000000000000000000000000000
00111100011111001100011000011000110001100011110000011000011111000111110000000000000000000000000000000000000000000000000000000000
00000000000000000000000000000000000000000000000000000000000000000000000000000000000000000000000000000000000000000000000000000000
