00000000000000000000000000000000000000000000000001111110111111100111110001111110000000000000000000000000000000000000000000000000
00000000000000000000000000000000000000000000000001111110111111101111111001111110000000000000000000000000000000000000000000000000
00000000000000000000000000000000000000000000000000011000110000001110000000011000000000000000000000000000000000000000000000000000
00000000000000000000000000000000000000000000000000011000111110000111110000011000000000000000000000000000000000000000000000000000
00000000000000000000000000000000011111000000000000011000110000000000111000011000000000000111110000000000000000000000000000000000
00000000000000000000000000000000000000000000000000011000111111101111111000011000000000000000000000000000000000000000000000000000
00000000000000000000000000000000000000000000000000011000111111100111110000011000000000000000000000000000000000000000000000000000
00000000000000000000000000000000000000000000000000000000000000000000000000000000000000000000000000000000000000000000000000000000
33333300033333003333330000333300330003300033300003333300000000000000000000000000000000000000000000000000000000000000000000000000
33333330333333303333333000333300333003300333330033333330000000000000000000000000000000000000000000000000000000000000000000000000
33003330330003303300333000033000333303303330333033300000000000000000000000000000000000000000000000000000000000000000000000000000
33333300330003303333330000033000333333303300033003333300000000000000000000000000000000000000000000000000000000000000000000000000
33003330330003303300333000033000330333303333333000003330000000000000000000000000000000000000000000000000000000000000000000000000
33333330333333303333333000333300330033303300033033333330000000000000000000000000000000000000000000000000000000000000000000000000
33333300033333003333330000333300330003303300033003333300000000000000000000000000000000000000000000000000000000000000000000000000
00000000000000000000000000000000000000000000000000000000000000000000000000000000000000000000000000000000000000000000000000000000
11000000110001100011110011111110011111000000000000000000000000000000000000000000000000000000000000000000000000000000000000000000
11000000110001100111111011111110111111100000000000000000000000000000000000000000000000000000000000000000000000000000000000000000
11000000110001101100011011000000111000000000000000000000000000000000000000000000000000000000000000000000000000000000000000000000
11000000110001101100000011111000011111000000000000000000000000000000000000000000000000000000000000000000000000000000000000000000
11000000111011101110011011000000000011100000000000000000000000000000000000000000000000000000000000000000000000000000000000000000
11111100111111100111111011111110111111100000000000000000000000000000000000000000000000000000000000000000000000000000000000000000
11111100011111000011110011111110011111000000000000000000000000000000000000000000000000000000000000000000000000000000000000000000
00000000000000000000000000000000000000000000000000000000000000000000000000000000000000000000000000000000000000000000000000000000
00111100011111001100011001111110001110000011110001111110011111000111110000000000000000000000000000000000000000000000000000000000
01111110111111101110011001111110011111000111111001111110111111101111111000000000000000000000000000000000000000000000000000000000
11000110110001101111011000011000111011101100011000011000110001101110000000000000000000000000000000000000000000000000000000000000
11000000110001101111111000011000110001101100000000011000110001100111110000000000000000000000000000000000000000000000000000000000
11100110110001101101111000011000111111101110011000011000110001100000111000000000000000000000000000000000000000000000000000000000
01111110111111101100111000011000110001100111111000011000111111101111111000000000000000000000000000000000000000000000000000000000
00111100011111001100011000011000110001100011110000011000011111000111110000000000000000000000000000000000000000000000000000000000
00000000000000000000000000000000000000000000000000000000000000000000000000000000000000000000000000000000000000000000000000000000
