00000000000000000000000000000000000000000000000001111110111111100111110001111110000000000000000000000000000000000000000000000000
00000000000000000000000000000000000000000000000001111110111111101111111001111110000000000000000000000000000000000000000000000000
00000000000000000000000000000000000000000000000000011000110000001110000000011000000000000000000000000000000000000000000000000000
00000000000000000000000000000000000000000000000000011000111110000111110000011000000000000000000000000000000000000000000000000000
00000000000000000000000000000000011111000000000000011000110000000000111000011000000000000111110000000000000000000000000000000000
00000000000000000000000000000000000000000000000000011000111111101111111000011000000000000000000000000000000000000000000000000000
00000000000000000000000000000000000000000000000000011000111111100111110000011000000000000000000000000000000000000000000000000000
00000000000000000000000000000000000000000000000000000000000000000000000000000000000000000000000000000000000000000000000000000000
11111100011111001111110000111100110001100011100001111100000000000000000000000000000000000000000000000000000000000000000000000000
11111110111111101111111000111100111001100111110011111110000000000000000000000000000000000000000000000000000000000000000000000000
11001110110001101100111000011000111101101110111011100000000000000000000000000000000000000000000000000000000000000000000000000000
11111100110001101111110000011000111111101100011001111100000000000000000000000000000000000000000000000000000000000000000000000000
11001110110001101100111000011000110111101111111000001110000000000000000000000000000000000000000000000000000000000000000000000000
11111110111111101111111000111100110011101100011011111110000000000000000000000000000000000000000000000000000000000000000000000000
11111100011111001111110000111100110001101100011001111100000000000000000000000000000000000000000000000000000000000000000000000000
00000000000000000000000000000000000000000000000000000000000000000000000000000000000000000000000000000000000000000000000000000000
11000000110001100011110011111110011111000000000000000000000000000000000000000000000000000000000000000000000000000000000000000000
11000000110001100111111011111110111111100000000000000000000000000000000000000000000000000000000000000000000000000000000000000000
11000000110001101100011011000000111000000000000000000000000000000000000000000000000000000000000000000000000000000000000000000000
11000000110001101100000011111000011111000000000000000000000000000000000000000000000000000000000000000000000000000000000000000000
11000000111011101110011011000000000011100000000000000000000000000000000000000000000000000000000000000000000000000000000000000000
11111100111111100111111011111110111111100000000000000000000000000000000000000000000000000000000000000000000000000000000000000000
11111100011111000011110011111110011111000000000000000000000000000000000000000000000000000000000000000000000000000000000000000000
00000000000000000000000000000000000000000000000000000000000000000000000000000000000000000000000000000000000000000000000000000000
00333300033333003300033003333330003330000033330003333330033333000333330000000000000000000000000000000000000000000000000000000000
03333330333333303330033003333330033333000333333003333330333333303333333000000000000000000000000000000000000000000000000000000000
33000330330003303333033000033000333033303300033000033000330003303330000000000000000000000000000000000000000000000000000000000000
33000000330003303333333000033000330003303300000000033000330003300333330000000000000000000000000000000000000000000000000000000000
33300330330003303303333000033000333333303330033000033000330003300000333000000000000000000000000000000000000000000000000000000000
03333330333333303300333000033000330003300333333000033000333333303333333000000000000000000000000000000000000000000000000000000000
00333300033333003300033000033000330003300033330000033000033333000333330000000000000000000000000000000000000000000000000000000000
00000000000000000000000000000000000000000000000000000000000000000000000000000000000000000000000000000000000000000000000000000000
