03333300000000000111110011111110000000000000000000111000001110000000000000111100111111001111111011111000001100000011100000000000
03333330000000001111111011111110000000000000000000111000011111000000000001111110111111101111111011111100001100000011100000000000
00003330000000001100011011000000000000000000000000011000110011100000000011000110110001101100000011001110000000000001100000000000
00033300000000001100011011111000000000000000000000011000110001100000000011000000110011101111100011000110000000000001100000000000
33000330000000001100011011111000000000000000000000011000111001100000000011100110111110001100000011001110000000000001100000000000
33333330000000001111111011000000000000000000000000011000011111000000000001111110110111001111111011111100001100000001100000000000
01111100000000000111110011000000000000000000000000011000001110000000000000111100110011101111111011111000001100000001100000000000
00000000000000000000000000000000000000000000000000000000000000000000000000000000000000000000000000000000000000000000000000000000
00000000000000000000000000000000000000000000000000000000000000000000000000000000000000000000000000000000000000000000000000000000
00000000000000000000000000000000000000000000000000000000000000000000000000000000000000000000000000000000000000000000000000000000
00111000000000000111110011111110000000000000000011111100001110000000000000111100111111001111111011111000001100000111110000000000
00111000000000001111111011111110000000000000000011111100011111000000000001111110111111101111111011111100001100001111111000000000
00011000000000001100011011000000000000000000000011000000110011100000000011000110110001101100000011001110000000001100111000000000
00011000000000001100011011111000000000000000000011111100110001100000000011000000110011101111100011000110000000000001110000000000
00011000000000001100011011111000000000000000000000011110111001100000000011100110111110001100000011001110000000000111100000000000
00011000000000001111111011000000000000000000000000011110011111000000000001111110110111001111111011111100001100001111111000000000
00011000000000000111110011000000000000000000000011111100001110000000000000111100110011101111111011111000001100001111111000000000
00000000000000000000000000000000000000000000000000000000000000000000000000000000000000000000000000000000000000000000000000000000
00000000000000000000000000000000000000000000000000000000000000000000000000000000000000000000000000000000000000000000000000000000
00000000000000000000000000000000000000000000000000000000000000000000000000000000000000000000000000000000000000000000000000000000
00000000000000000000000000000000000000000000000000000000000000000000000000000000000000000000000000000000000000000000000000000000
00111000000000000111110011111110000000000011100011111100111110000000000000111100111111001111111011111000001100001111110000000000
00111000000000001111111011111110000000000011100011111110111111000000000001111110111111101111111011111100001100001111110000000000
00011000000000001100011011000000000000000001100011000110110011100000000011000110110001101100000011001110000000001100000000000000
00011000000000001100011011111000000000000001100011111110110001100000000011000000110011101111100011000110000000001111110000000000
00011000000000001100011011111000000000000001100011111100110011100000000011100110111110001100000011001110000000000001111000000000
00011000000000001111111011000000000000000001100011000000111111000000000001111110110111001111111011111100001100000001111000000000
00011000000000000111110011000000000000000001100011000000111110000000000000111100110011101111111011111000001100001111110000000000
00000000000000000000000000000000000000000000000000000000000000000000000000000000000000000000000000000000000000000000000000000000
00000000000000000000000000000000000000000000000000000000000000000000000000000000000000000000000000000000000000000000000000000000
00000000000000000000000000000000000000000000000000000000000000000000000000000000000000000000000000000000000000000000000000000000
00000000000000000000000000000000000000000000000000000000000000000000000000000000000000000000000000000000000000000000000000000000
