00000000000000000000000000000000000000000000000000000000000000000000000000000000000000000000000000000000000000000000000000000000
00000000000000000000000000000000000000000000000000000000000000000000000000000000000000000000000000000000000000000000000000000000
00000000000000000000000000000000000001111111000001111100001100001100110000110001111100000000000000000000000000000000000000000000
00000000000000000000000000000000000001111111100011111110001110001110111000111011111110000000000000000000000000000000000000000000
00000000000000000000000000000000000001111111110111111111001111001110111000111011111111000000000000000000000000000000000000000000
00000000000000000000000000000000000001110001110111100011101111101110111000111011100011000000000000000000000000000000000000000000
00000000000000000000000000000000000001111111110111000011101111101110111000111011111100000000000000000000000000000000000000000000
00000000000000000000000000000000000001111111100111000011101111111110111000111001111110000000000000000000000000000000000000000000
00000000000000000000000000000000000001111111110111000011101110111110111000111000111111000000000000000000000000000000000000000000
00000000000000000000000000000000000001110001110111000111101110111110111001111011000111000000000000000000000000000000000000000000
00000000000000000000000000000000000001111111110011111111101110011110011111111011111111000000000000000000000000000000000000000000
00000000000000000000000000000000000001111111110001111111001110001110001111110001111111000000000000000000000000000000000000000000
00000000000000000000000000000000000000111111100000111110000110000110000111100000111110000000000000000000000000000000000000000000
00000000000000000000000000000000000000000000000000000000000000000000000000000000000000000000000000000000000000000000000000000000
00000000000000000000000000000000000000000000000000000000000000000000000000000000000000000000000000000000000000000000000000000000
00000000000000000000000000000000000111111000000111111111000001111111110000011100111111111110000000000000000000000000000000000000
00000000000000000000000000000000011111111110000111111111100001111111111000011110111111111111000000000000000000000000000000000000
00000000000000000000000000000000011111111111000133333333330001333333333300013330133333333333000000000000000000000000000000000000
00000000000000000000000000000000113333333333000133333333333001333333333330013330033333333333000000000000000000000000000000000000
00000000000000000000000000000001133330000333300133300001333001333000013330013330000013330000000000000000000000000000000000000000
00000000000000000000000000000001333300000033330133300001333001333000013330013330000013330000000000000000000000000000000000000000
00000000000000000000000000000001333000000013330133311111333001333111113330013330000013330000000000000000000000000000000000000000
00000000000000000000000000000001333000000013330133333333333001333333333300013330000013330000000000000000000000000000000000000000
00000000000000000000000000000001333000000013330133333333330001333333333300013330000013330000000000000000000000000000000000000000
00000000000000000000000000000001333000000013330133333333000001333333333330013330000013330000000000000000000000000000000000000000
00000000000000000000000000000001333000000113330133300333300001333000003333013330000013330000000000000000000000000000000000000000
00000000000000000000000000000000333300001133330133300033330001333000001333013330000013330000000000000000000000000000000000000000
00000000000000000000000000000000033331111333300133300013330001333111111333013330000013330000000000000000000000000000000000000000
00000000000000000000000000000000013333333333000133300003333001333333333333013330000013330000000000000000000000000000000000000000
00000000000000000000000000000000003333333333000133300001333001333333333330013330000013330000000000000000000000000000000000000000
00000000000000000000000000000000000033333300000033300000333300333333333300003330000003330000000000000000000000000000000000000000
00000000000000000000000000000000000000000000000000000000000000000000000000000000000000000000000000000000000000000000000000000000
