00000000000000000000000000000000000003111111111031103110231111003110311002200231111100000000000000000000000000000000000000000000
00000000000000000000000000000000000003113111311031123110311331103110311223100311111100000000000000000000000000000000000000000000
00000000000000000000000000000000000003111111311011111110111111103110111111110311113110000000000000000000000000000000000000000000
00000000000000000000000000000000000001110111111001111110011111101110011111110111001110000000000000000000000000000000000000000000
00000000000000000000000000000000000000110000011000111100001111000110001111100011000110000000000000000000000000000000000000000000
00000000000000000000000000000000000000000000000000000000000000000000000000000000000000000000000000000000000000000000000000000000
00000000000000000000000000000000000000000000000000000000000000000000000000000000000000000000000000000000000000000000000000000000
00000000000022002000022200220000222022200222000220022200220020020002220022002220002200222020020200200222022202220002200000000000
00000000000211203000211102112002111031120311202112013102112030030001130211203112021120131030030300302111013103112021120000000000
00000000000300303000122003003001220032210322103003003003001032230000210300303221030030030032230300301220003003221030030000000000
00000000000322303000011203003000112031100311203223003003002031130002100322303112032230030031130300300112003003112032230000000000
00000000000311303220222101221002221030000300303113003001221030030003220311303003031130030030030122102221003003003031130000000000
00000000000100101110111000110001110010000100101001001000110010010001110100101001010010010010010011001110001001001010010000000000
00000000000000000000000000000000000000000000000000000000000000000000000000000000000000000000000000000000000000000000000000000000
00000000000000000000000000000222002002200200200220022200222000002220222022200022002002002220022200000000000000000000000000000000
00000000000000000000000000000311203021120300302112031120311200021110131031120211203003021110211100000000000000000000000000000000
00000000000000000000000000000322103030010322303003032210300300012200030032210300303003012200122000000000000000000000000000000000
00000000000000000000000000000311203030020311303223031120300300001120030031120322303003001120011200000000000000000000000000000000
00000000000000000000000000000300303012210300303113030030322100022210030030030311301221022210222100000000000000000000000000000000
00000000000000000000000000000100101001100100101001010010111000011100010010010100100110011100111000000000000000000000000000000000
00000000000000000000000000000000000000000000000000000000000000000000000000000000000000000000000000000000000000000000000000000000
00000000000000000000000000000000000000000000000000000000000000000000000000000000000000000000000000000000000000000000000000000000
00000000000000000000000000000000000000000000000000000000000000000000000000000000000000000000000000000000000000000000000000000000
00000000000002222220000222000022222200022222200022000222220000022200002222220000222220000000222222000022222000222222000000000000
00000000000003111110000311000031111100031111100031002311110000031100003111110002311110000000311111000231111000311111000000000000
00000000000003111111002311100031111110031111110031103111111000231110003111111003111111000000311111100311111100311111100000000000
00000000000003113311003111100031133311031133311031103111111100311110003111131103111131100000311333110311113110311333110000000000
00000000000003111100003113110031111111031111111031103110001100311311003110031103110031100000311111110311003110311111110000000000
00000000000003111110023111110031111111031111111031103110022002311111003110031103110031100000311111110311003110311111110000000000
00000000000003111110031111110031133311031111311031103112231003111111003112231103112231100000311111100311223110311113110000000000
00000000000003110000031111311031111111031100311031101111111103111131103111111101111111100000311000000111111110311003110000000000
00000000000001110000011100111011111111011100111011100111111101110011101111111100111111100000111000000011111110111001110000000000
