00000001100000000000000000000000000001110000000000000000000000000000000000000000000000000000000000000000000000000000000000000000
00000000000000000000000000000000000000100000333330000000033333333330000330000000333330000000000033333000000033333000033333333330
00000000000000000000000000000000000000000003333333000000033333333330003330000003333333000000000333333300000333333300033333333330
00000000000000000000000100000000000000000033300033300001000000003300033330000033300033300000003330003330003330003330000000003300
00000000000000000000001000000000000000000033000003300000000000003300000330000033000003300000003300000330003300000330000000003300
00000000000000000000000000000000000000000000000003300000000010033000000330010033000003300000003300000330000000000330000000033000
00000000000000000000000000000000000000000000000003300000000000033000000330000000001003300000000000000330000000000330000000033000
00000000000000000000000000000000000000000000000033000100000000330000000330000000011003300000000000000330000000003300000000330000
00000000000000000000000000000000000000000000003333000000000000330000000330000000001033000000000000003300000000333300000000330110
00000000000000000000000000000000000000000000003333000000001003300000000330000000000033000000000000003300000000333300000003300100
00000000100000000000000000000000000000000000000033300000000003300000000330000000000330000000000000033000000000003330000003300000
00000001110000000000000000000000000000000000000003300000000033000000000330000000003300000000100000330000000000000330000033000000
00000000100000000000000000000000000100000000000003300000000033000000000330001000033000000000010003300000000000000330000033000000
00000000000000000000000000000000001110000330000003301000000330010001010330000000330000000000000033000000033000000330000330000000
00000000000000000000000000000000000100000333000033300000000330000000000330000003300000000000000330000000033300003330000330000000
00000000000000000000000000000000000000000033333333000330003300000000000330000033333333300330003333333330003333333300003300000000
00000000000000000000000000000000000000000000333330000330033301000000000330000333333333300330033333333330000033333000033300000000
00000000000000000000000000000000000000000000000000000000000000000000000000000000000000000000000000000000000000000000000000000000
00000000000000000000000000000000000000000000000000000000000000000001000100010000000000000000000000100000000000000000000000000000
00000000000000000000000000000000000000000000000000000000000100000000010000000000001000000000000000000000000000000000000000000000
00000000000000000000000000000000000000000001000000000001000000000000000000000000000010000000000000000000000000000000000000000000
00000000000000000000000000000010000000000010000000000000000000000000000000000010000000000000000000000000000000000000000000000000
00000000000000000000000000000100000000000000000001000000000000000010000000000000000000000000000000000000000000000000000000000000
00001000000000000000000000000000000000000000000000000000010000001000000000000000000000000000000000000000000000000000000000000000
00010000000000000000000000000000000000000000000000000010000000000000000100000000000000000000000000000000000000000000000000000000
00000000000000330300300330003300333000330033300000003000000000000000000000000000000333000330030000033000000330000000000000000000
00000000000000030300303003030030300303003030030000033000000000000001000000010000010300303003030000300300003003000000000000000000
00000000000000030300303000030030300303003030030000003000000010001000000000000000000333003003030000300300000030000000000000000000
00000000000000030300303033033330300303003033330000003000000000000000000000000000000300303003030000333300000003000000000000000000
00000000000030030300303003030030300303003030300000003010000000000000000000001000000300303003030000300300003003000000000000000000
00000000000003300033000330030030333000330030030000003000000000000000000000000100000333000330033330300300000330000000000100000000
00000000000000000000000000000000000000000000000000000000000000000000000000000000000000000000000000000000000000000000001110000000
