11100000100000000001011111111111111111111000100000000000000000000011111111111111111100000000000000000000000000000000000000000000
11110010111110100000011111111111111111111000000000000000000000000011111111111111111100000000000000000000000000000000000000000000
11110011111111100000011111111111111111111100011000000000000000000111111111111111111111000000000000000000000000000000000000000000
11111001111111000000011111111111111111111000000000000000000000001111111111111111111111000000000000000000000000000000000000000000
11111000111111000000111111111111111111111000000000000000000000001011111111111111111110000000000000000000000000000000000000000000
11111011111111110000111111111111111111111000000000001000000000000111111111111111111110000000000000000000000000000000000000000000
11111011111111110000111111111111111111111110000000000000000000000011111111111111111111000000000000000000000000000000000000000000
11111101111111110000011111111111111111111110000100000000000000000111111111111111111111100000000000000000000000000000000000000000
11111101111111110000011111111111111111111111000100000000000000001111111111111111111111100000000000000000000000000000000000000000
11111111111111110100000111111111111111111111001111000000000000000111111111111111111111000000000000000000000000000000000000000000
11111111111111111100001111111111111111111111000000000000000000000011111111111111111111100000000000000000000000000000000000000000
11111111111111111100001111111111111111111111000000010000000000000011111111111111111111000000000000000000000000000000000000000000
11111110111111110100001111111111111111111111000000100000000000100011111111111111111111000000000000000000000000000000000000000000
11111110111111111100001111111111111111111111000000010000000000001011111111111111111111000000000000000000000000000000000000000000
11111110111111111100001111111111111111111111000011000000000000000011111111111111111111000000000000000000000000000000000000000000
11111110111111111110000111111111111111111111100010000000000000000111111111111111111111000000000000000000000000000000000000000000
10111110111111111110000111111111111111111111000010010000000000001111111111111111111111000000000000000000000000000000000000000000
10111111111111111110000011111111111111111111100011100000000000000100111111111111111111000000000000000000000000000000000000000000
10111111111111111110001111111111111111111111000111111000000000000100111111111111111111000000000000000000000000000000000000000000
00111111111111111110001111111111111111111111100111111100000000000001111111111111111111000000000000000000000000000000000000000000
00111111011111111101000111111111111111111111100111001100000000000000111111111111111111000000000000000000000000000000000000000000
00111111011101111110000111111111111111111111100011101100000000000001011111111111111111100000000000000000000000000000000000000000
00111111011111111110000111111111111111111111101111111100000000000100011111111111111111100000000000000000000000000000000000000000
01111111011111111111100111111111111111111111100111111000000000001010111111111111111111100000000000000000000000000000000000000000
01111111011101111110000011111111111111111111100111111000000000000000111111111111111111000000000000000000000000000000000000000000
01111111011101111111000011111111111111111111100111111110000100000000111111111111111110000000000000000000000000000000000000000000
01111111011111111111000011111111111111111111110111112112222222222222333333333333333331000000000000000000000000000000000000000000
01333333211101111111222233333333333333333333322111111222222222222222333333333333333331000000000000000000000000000000000000000000
01333333211100111111222233333333333333333333322111111111222222222223333333333333333320000000000000000000000000000000000000000000
01333333211011111112222333333333333333333333321111112121222222222223333333333333333320000000000000000000000000000000000000000000
01333333211000111111222233333333333333333333321111111121222222222222333333333333333310000000000000000000000000000000000000000000
01333333211000111112222333333333333333333333221111111111222222222222333333333333333300000000000000000000000000000000000000000000
