11111111111100011100001111100000001111111110001111111110000000011110000001111110000000111111111000000011111110000001111000000001
11111111111111111003301111003333300111111100301111111100333333011100333300111100333330011111110033333001111111003301110033333301
11111111111111110033301110033333330011111103301111111103333333011003333330011003333333001111100333333300111110033001110333333301
11111111111111110333301110333000333000111003301111111103300000010033000033001033300033301111103330003330111100330011110330000001
11111111111111110003301110330010033000111033301111111103301121110330011003301033001003301111103300100330111003300111100330111111
11111111111111111103301110330110033000010033301111111003300000110330111103301000011103301111103301110330110033000111000330000011
11111111111111111103300010000110033000100333301111111033333330110330111103301111111003301111100001110330100333330010003333333011
11111111111111111003303201111110033001103303301111111033333330010330111103301111100033001111111101100330103333333000003333333001
11111111101111111103302331111110330000003303301111111033000033000330111103301111103333011111111001103300003330033300103300003300
10011111101110110203302233111100330110033003301111111000011003300330101103301111103333001111111101003301033300003330100001100330
00111111111110001303303233301003300000333003301111111111111103300330101103301111100033301111111100033001033001100330111111110330
01111111112110011203303233320033001003330003300011111111111103300330111103301111111003301111111100330010033011110330111111110330
01111111112211001203303223300330011103333333333011111000011003300330111103300000111103301111111003300210033001100330100011100330
00111111001111000103303333003300111103333333333011110030000033000330011003300330011003301111110033002211033300003330003001003300
10111111001111000003303330033000000000000003300000000333000333010033000033000333000033300000100330000000003330033300033300033300
11111111111111000003303300333333333011000003300003300033333330011003333330010033333333000330003333333330100333333001003333333001
11111111111110100003302303333333333001000003300003300003333300011000333300111000333330010330033333333330110033330011100333330011
11111111111110100000003300000000000000100000000000000000000000011000000001111000000000110000000000000000111000000111110000000111
11111111111101110000033333323200000000000000000000100001000000000000000111111111100111111110111111111111111111111111111101111000
11111111111100111010022333333100000000000000000000010000100000000000000001111111100001111110111111111111111111111110110001101000
11111111111100022110022333221000000000000000000000000000000000000000000001111111100000011110001111111111111111011100100000010000
11111111110012112210023332000000000000000000000000000000000000000000000000111111100000001010000100111111001110001100100000000000
11111111101122110110022320000000000000000000000000000000010000000000000000001111110000000000000101011110000111001100000000000000
00111111012221001111000000000000000000000000000000000000000000000000000000000100011000000000000001101111111111011100000000000000
00111111022000000000000000000000000000000000000000000000000000000000000000000000000000000000000000000000000000000000000000000000
10111111022033300300000330030003033330333000000000003000000000000000000000000000033303030333033000300000330003003000300000000000
11111111101030030300003003003030030000300300000000033000000000000000000000000000030003030030030303030000303030303000300000000000
10012211000030030300003003000300030000300300000000003000000000000000000000000000030000300030030303030000330030303000300000000000
10002221000033300300003333000300033300333000000000003000000000000000000000000000033000300030033003330000303033303000301111000000
00001211100030000300003003000300030000303000000000003000000000000000000000000000030003030030030303030000303030303000300011100000
10000111110030000333303003000300033330300300000000003000000000000000000000000000033303030030030303030000330030303330333011100000
10000111111000000000000000000000000000000000000000000000000000000000000000000000000000000000000000000000000000000000000010000001
