00000000000000000010000000000000000000000000000000000000000000000000000000111000000000000000000000000000000000000000000000000000
00000000000000000111000330000000333330000003300000000000333330000003333330010000333330000000000033333000000000003000000033333000
00000000000000000010003330000003333333000033300000000003333333000033333333000003333333000000000333333300000000033000000333333300
00000000000000000000033330000033300033300333300000000033300033300033000033000033300033300010003330003330000000033000003330003330
00000000000000000000000330000033000003300003300000000033000003300330000003300033000003300111003300000330000000333000003300000330
01000000000000000000000330000033000003300003300000001033000003300330000003300000000003300010000000000330000000333000003300000330
11100000000000000000000330000000000003300003300000000000000003300333000033300000000003300000000000000330000003333000000000000330
01000000000000000000000330000010000003300003300000000000000003300033333333000100000033000000000000003300000033033000000000000330
00000000000000000000000330000000000033000003300000000000000033000003333330000010003333000000000000333300000033033000000000003300
00000000000000000000000330000000000033000003300000000000000033000033333333000000003333000000000000333300000330033000000000003300
00000000000000000000000330000000000330000003300000000000000330000333300333300000000033300000000000003330003330033000000000033000
00000000000000000010000330000000003300000003300000000010003300000333000033300000000003300000000000000330033300033000000000330000
00000000000000000001000330000000033000001003300000000000033000100330000003300000000003300000000000000330033333333330000003300000
00000000000000000000000330000000330000000103300000000000330001000330000003300330000003300000033000000330033333333330000033000000
00000000000000000000000330000003300000000003300000000003300000000333000033300333000033300000033300003330000000033000000330000000
00000000000000000000000330000033333333300003300003300033333333300033333333000033333333000330003333333300000000033000003333333330
00000000000000000000000330000333333333300003300003300333333333300003333330000000333330000330000033333000000000033000033333333330
00000000000000000000000000000000000000000000000000000000000000000000000000000010000000000000000000000000000000000000000000000000
10000000000000000000000000000000000000000000000100000000000000000001000100000001000000000000000000000000000000000000000000000011
00000000000000000000000000000000000100000000001000000000010000100000000000000010000000000000000000000000000000000000000000000001
00000000000000000000000000000000000000000000000000000000001000000000100000000000000000000000000000000000000000000000000000000000
00000000000000010000000000000000000000000000000000000000000000000000000000000000000000000000000000000000000000000000000000000000
00000000000000100000000000000000000000000000000000000000000000000000001000000000000000000000000000000000000000000000000000000000
00000000000000000000000001000000000000000000000000000000000000000000000000000101000010100000000000000000000000000000000000000000
00000000000000000000000000000000000000000000000000000000000000010000000000000010000000000000000000000000000000000000000000000000
00000000000033300300000330030003033330333000000000003001000000000000000000000000003330003300300003000000000030000000000000000000
00000000000030030300003003003030030000300300000100033000000000000000000000100000003003030030300003000000000330000000000000000000
00000000000030030300003003000300030000300300001000003001000000000000000001000000003330030030300003000000000030000000000000000000
00000000000033300300003333000300033300333000000000003000000000000000000000000000003003033330300003000000001030000000000000000000
00000000000030000300003003000300030000303000000000003000000000000000000000000000003003030030300003000000000030000000000000000000
00000000000030000333303003000300033330300300000000003000000000000000100000000000003330030030333303333000000030000000000000000000
00000000000000000000000000000000000000000000000000000000000000000000010000000000000000000000000000000000000000000000000000000000
