00000000000000000000000000000000000000000111110001111100110001101100011011111000000000000000000000000000000000000000000000000000
00000000000000000000000000000000000000001111111011111110110001101110011011111100000000000000000000000000000000000000000000000000
00000000000000000000000000000000000000001110000011000110110001101111011011001110000000000000000000000000000000000000000000000000
00000000000000000000000000000000000000000111110011000110110001101111111011000110000000000000000000000000000000000000000000000000
00000000000000000000000001111100000000000000111011000110111011101101111011001110000000000111110000000000000000000000000000000000
00000000000000000000000000000000000000001111111011111110111111101100111011111100000000000000000000000000000000000000000000000000
00000000000000000000000000000000000000000111110001111100011111001100011011111000000000000000000000000000000000000000000000000000
00000000000000000000000000000000000000000000000000000000000000000000000000000000000000000000000000000000000000000000000000000000
11000110011111001100000011000110110001101111111000000000000000000000000000000000000000000000000000000000000000000000000000000000
11000110111111101100000011000110111011101111111000000000000000000000000000000000000000000000000000000000000000000000000000000000
11000110110001101100000011000110111111101100000000000000000000000000000000000000000000000000000000000000000000000000000000000000
11101110110001101100000011000110111111101111100000000000000000000000000000000000000000000000000000000000000000000000000000000000
01111100110001101100000011101110110101101100000000000000000000000000000000000000000000000000000000000000000000000000000000000000
00111000111111101111110011111110110001101111111000000000000000000000000000000000000000000000000000000000000000000000000000000000
00010000011111001111110001111100110001101111111000000000000000000000000000000000000000000000000000000000000000000000000000000000
00000000000000000000000000000000000000000000000000000000000000000000000000000000000000000000000000000000000000000000000000000000
00000000000000000000000000000000000000000000000000000000000000000000000000000000000000000000000000000000000000000000000000000000
00000000000000000000000000000000000000000000000000000000000000000000000000000000000000000000000000000000000000000000000000000000
00000000000000000000000000000000000000000000000000000000000000000000000000000000000000000000000000000000000000000000000000000000
00000000000000000000000000000000000000000000000000000000000000000000000000000000000000000000000000000000000000000000000000000000
00000000000000000000000000000000000000000000000000000000000000000000000000000000000000000000000000000000000000000000000000000000
00000000000000000000000000000000000000000000000000000000000000000000000000000000000000000000000000000000000000000000000000000000
00000000000000000000000000000000000000000000000000000000000000001111111001111100011111001100011000111110111111100000000000000000
00000000000000000000000000000000000000000000000000000000000000000000000000000000000000000000000000000000000000000000000000000000
00000000000000000000000000000000000000000000000000000000000000000000000000000000000000000000000000000000000000000000000000000000
00000000000000000000000000000000000000000000000000000000000000000000000000000000000000000000000000000000000000000000000000000000
00000000000000000000000000000000000000000000000000000000000000000000000000000000000000000000000000000000000000000000000000000000
00000000000000000000000000000000000000000000000000000000000000000000000000000000000000000000000000000000000000000000000000000000
00000000000000000000000000000000000000000000000000000000000000000000000000000000000000000000000000000000000000000000000000000000
00000000000000000000000000000000000000000000000000000000000000000000000000000000000000000000000000000000000000000000000000000000
00000000000000000000000000000000000000000000000000000000000000000000000000000000000000000000000000000000000000000000000000000000
00000000000000000000000000000000000000000000000000000000000000000000000000000000000000000000000000000000000000000000000000000000
