00000000000000010000000000000000000000000000000000000000000000000000000000001000000000000000000000000001110000000000000000000000
00000000000000111003300000003333330000003333330000000000000033000000333300000000333300000000000033330000100033330000000033330000
00000000000000010033300000033333330000033333330000000000000330000003333330000003333330000000000333333000000333333000000333333000
00000000000000000333300000033000000000033000000000000000003300000033000033000033000033000000003300003300003300003300003300003300
00000000000000000003300000033000000000033000000000001000033000000330000003300330000003300000033000000330033000000330033000000330
00000000000000000003300000033000000000033000000000011100330000000330000003300330000003300000033000000330033000000330033000000330
00000000000000000003300000333333300000333333300000001003333300000330000003300330000003300000033000000330033000000330033000000330
00000000000000000003300000333333300000333333300000000033333330000330000003300330000003300000033000000330033000000330033000000330
00000000000000000003300000330000330000330000330000000033300333000330000003300330000003300000033000000330033000000330033000000330
00000000000000000003300000000000033000000000033000000333000033300330000003300330000003300000033000000330033000000330033000000330
00000000000000000003300000000000033000000000033000000330000003300330000003300330000003300000033000000330033000000330033000000330
00000000000000001003300000000000033000000000033000000330000003300330000003300330000003300100033000000330033000000330033000000330
00000000000000010003300000000000033000000000033000000330010003300330000003300330000003300000033000000330033000000330033000000330
00000000000000000003300000300000330000300000330000000333000033300330010003300330000003300000033000000330033000000330033000000330
00000000000000000003300003330003330003330003330000000033300333000033000033000033000033000000003300003300003300003300003300003300
00000000000000000003300000333333300000333333300003300003333330000003333330000003333330000330000333333000000333333000000333333000
00000000000000000003300000033333000000033333000003300000333300000000333300000000333300000330000033330000000033330000000033330000
00000000000000000000000000000000000000000000000000000000000000000000000000000000000000000000100000000000000000000000000000000000
00000000000000000000000000000000000000000000000000000000000000000001000000000000100000000000000000000000000000000000000000000000
00000000000000000000000000000000010000000000001000000000010000010000000000000001000000000000000000000000000000000000000000000000
00000000000000000000000000000000001000000000010000000000000000000000010000000000000000000000000000000000000000000000000000000000
00000000000000000000000000000000000000000000000000000000000000000000000000000000000000000000000000000000000000000000000000000000
00000000000100000000000000000000000000000000000000000000000000000000000000000000000000000000000000000000000000000000000000000000
00000000000010000000000000000000000000000000000000000000000000000000000100000000000000010000000000000000000000000000000000000000
00000000000000000000000000000000000000000000000000000000000000000000001000000000000000000000000000000000000000000000000000000000
00000000000000330300300330003300333000330033300000003000000000101000000000000001033000300300003000033303030333033000300000000000
00000000000000030300303003030030300303003030030000033010000000000000000000000000030303030300030300030003030030030303030000000000
00000000000000030300303000030030300303003030030000003011000000000000000000010000033003030300030300030000300030030303030000000000
00000000000000030300303033033330300303003033330100003010000000000000000000100000030303030300033300033000300030033303330000000000
00000000000030030300303003030030300303003030300000003000000000000000000000000000030303030300030300030003030030033003030000000000
00000000000003300033000330030030333000330030030000003000000000000000000000000000033300300333030300033303030030030303030000000000
00000000000000000000000000000000000000000000000000000000000000000000000000000000000000000000000000000000000000000000000000000000
