00000000000000000000000000000000000000000000000000000000100000000000000000000000000000000000000000000000000000000000000000000000
00000000000000000000000000000000000000000000000000003001100330000000000330000000100033000003300000000003300000033000000333333000
00000000000000000000000000000000000000030000000000033000003330000000003330000000000330000033300000000033300000333000003333333300
00000000000000000000000000010000000000030000001000033000033330000000033330000000003300000333300000000333300003333000003300003300
00000000000000000000000000000000000000330000011100333000000330000010000330000000033000000003300000000003300000033000033000000330
00000000000000000000000000000000000000330000001000333000000330000100000330000000330000000003300000000003300000033000033000000330
00000000000000000000000000000000000003330000000003333000000330000000000330000003333300000003300000000003300000033000033300003330
00000000000001000000000000000000000033030000000033033010000330000000000330000033333330000003300000000003300000033000003333333300
00000000000000000000000000000000000033030000000033033000000330000000000330100033300333000003300000000003300000033000000333333000
00000000000000000000000000000000000330030000000330033000000330000000000330000333000033300003300000000003300000033000003333333300
00000000000000000000000000000000003330030000003330033000000330000000000330000330000003300003300000000103300000033000033330033330
00000000000000000000000000010000033300030000033300033000000330000000000330000330100003300003300000000003300000033000033300003330
00000000000000000000000000000000033333330000033333333330100330100000000330000330010003300003300000000003300000033000033000000330
00000000000000000000000000000000033333330000033333333330000330000010100330000333000033300003300000000003300000033000033000000330
00000000000000000000000000000000000000030000000000033000000330000000000330000033300333000003300000000003300000033000033300003330
00000000000000000000000000000000000000030000000000033000000330000330000330000003333330000003300003300003300000033000003333333300
00000000000000000000000000000000000000030000000000033000000330000330000330000000333300000003300003300003300000033000000333333000
00000000000001000000000000000000000000000100000000000000000000000000000000100000000000000000000000000000000000000010000000000000
00000000000010000000000000000000000000001000000001000000001000000010000100000000000000000000000000000000000000000100000000000000
00000000000000000000000000000000000000000000000000000000000000100000000000000000000000000000000000000000000000000000000000000000
00000000000000000000000010000000000000000000000000000000001000000000000000000000000000000000000000000000000000000000000000000000
00000000000000000000000000000000100000000000000000000000000000000000100000100001000000000000000000000000000000000000000000000000
00000000000000000000000000000000000000000000000000000000000000100000000000000000000000000000000000000000000000000000000000000000
00000000000000000000000000000000000000000000000000000000100000000000000100000000000000000000000000000000000000000000000000000000
10000000000000000000000000000000000000000000000000100000000000000000000000000000000000000000000000000000000000000000000000000000
11000000000033300300000330030003033330333000000000003000000000000000000000000000003330003300300003000000000030000000000000000001
10000000000030030300003003003030030000300300000000033000000000000000000000000000003003030030300003000000000330000000000000000000
00000000000030030300003003000300030000300300000000003000000000000010000000000000003330030030300003000000000030000000000000000000
00000000000033300300003333000300033300333000000000003000000000000000000000000000003003033330300003000000000030000000000000000000
00000000000030000300003003000300030000303000000000003000000000010000000000000000003003030030300003000000000030100000000000000000
00000000000030000333303003000300033330300300000100003000000000000000000000010000003330030030333303333000000030000000000000000000
00000000000000000000000000000000000000000000000000000000000000000000000000100000000000000000000000000000000000000000000000000000
