00000000000000000000000000000000000000000000000000000000000000000000000000000000000000000000000000000000000000000000000000000000
00000000000000000000000000000000000000003333333000000333333333300000000030000000333330000000000033333000000000003300000033330000
00000000000000000000000000000000000000003333333000000333333333300000000330000003333333000000000333333300000000033000000333333000
00000000000000000000000000000000000000000000330000000000000033000000000330000033300033300000003330003330000000330000003330033300
00000000000000000000000000000000000000000000330000000000000033000000003330000033000003300000003300000330000003300000033000000330
00000000000000000000000000000000000000000003300000000000000330000000003330000000000003300000000000000330000033000000033000000330
00003333000000333333000033033003333300000003303300033330300330330330033330330000000003303000333330000330300333330033033033000330
00003333000000333333000033333003333330000033003300033330303300333330330330330000000033003300333330003300303333333003033003000330
00003111100000311111100331131103111110000033011110031111003303311300330330111000003333011130311110333301003330033300033300003330
00003111100000311111100331111103111111000330011110031111033003311003300330111000003333001110311110333300033300003330003333333300
00003111100000311111100311111103111111000330111110031110033013110033300330111000000033301111311110003330033003100330100333333300
00000111100000011111100311111100111111103300111110001110330013110333000330001000000003301111011111100330033010110330110000333000
00000111100000011111100311111100111111103301111110001100330113110333333333300000000003301111000011110330033000100330111100330000
00000311000000331111000311001100311031103003111100003103300103110333333333300330000003300311033003100330033300003330131003300000
00000311000000331011000311331100311331103033101100003003301103110000000330000333000033300000033300003330003330033300130033000000
00000311000000311331000311333300311301000031133103300033001103113333000330000033333333000330003333333300100333333000000330000000
00000311033000311331100311011110311111000031133103300333011103110111100330100000333330000330000033333001110033330000003300000000
00000311033000311111100311011110311110000031111100000000011103110111100000130000000000100000031000000031111000000000000000000000
00000311031103311111100311031100311031000331111110003110111103110311003110330000000031100311031103100031100310311000031100000000
00003311331133310033130311331103311031303331003313033110111103113311033113311000000031133311331103130331133313311000331100000000
00003311331133110033110311331103311031303311003311033110311103113311033113311000000031133311331103130331133313311000331100000000
00003111111131111031111311111103111131113111103111131111011103111111031111111000000031111111311113111311111113111100311110000000
00003111111131111031111011111103111131113111103111131111011100111111031111111000000001111111311113111311111113111100311110000000
00003111111131111031111011111103111131113111103111131111031100111111031111111000000001111111311113111311111113111100311110000000
00000111111101111001111001111100111101110111100111101111001100011111001111111000000000111110011110111011111110111100011110000000
00000111111101111001111001111100111101110111100111101111001100011111001111111000000000011100011110111011111100111100011110000000
00000000000000000000000000000000000000000000000000000000000000000000000000000000000000000000000000000000000000000000000000000000
00000000000000000000000000000000000000000000000000000000000000000000000000000000000000000000000000000000000000000000000000000000
00000000000000000000000000000000000000000000000000000000000000000000000000000000000000000000000000000000000000000000000000000000
00000000000000000000000000000000000000000000000000000000000000000000000000000000000000000000000000000000000000000000000000000000
00000000000000000000000000000000000000000000000000000000000000000000000000000000000000000000000000000000000000000000000000000000
00000000000000000000000000000000000000000000000000000000000000000000000000000000000000000000000000000000000000000000000000000000
