00000000000000000000000000000000000000000000000000000000000000000000000000000000000000000000000000000000000000000000000000000000
00000000000000000000000000000000000000000000000000000000000000000000000000000000000000000000000000000000000000000000000000000000
00000000000000000000000000000000000000000000000000000000000000000000000000000000000000000000000000000000000000000000000000000000
00000000000000000000000000000000000000000000000000000000000000000000000000000000000000000000000000000000000000000000000000000000
00000000000000000000000000000000000000000000000000000000000000000000000000000000000000000000000000000000000000000000000000000000
00000000000000000000000000000000000000000000000000000000000000000000000000000000000000000000000000000000000000000000000000000000
00000000000000000000000000000000000000000000000000000000000000000000000000000000000000000000000000000000000000000000000000000000
00000000000000000000000000000000000000000000000000000000000000000000000000000000000000000000000000000000000000000000000000000000
00000000000000000000000000000000000000000000000000000000000000000000000000000000000000000000000000000000000000000000000000000000
00000000000000000000000000000000000000000000000000000000000000000000000000000000000000000000000000000000000000000000000000000000
00000000000000000000000000000000000000000000000000000000000000000000000000000000000000000000000000000000000000000000000000000000
00000000000000000000000000000000000000000000000000000000000000000000000000000000000000000000000000000000000000000000000000000000
00000000000000000000000000000000000000000000000000000000000000000000000000000000000000000000000000000000000000000000000000000000
00000000000000000000000000000000000000000000000000000000000000000000000000000000000000000000000000000000000000000000000000000000
00000000000000000000000000000000000000000000000000000000000000000000000000000000000000000000000000000000000000000000000000000000
00000000000000000000000000000000000000000000000000000000000000000000000000000000000000000000000000000000002222000000033331000000
00000333310033333000000033331111111100333310000333310033331000003301333310000033331301000000000000030100000333300000033331000000
00000333310003333300000033331000000000333310000333310033331000033110333310000033333310000000000000033333333333310000033331000000
00000333310000333330000033331000000000333310000333310033331000333100333310000003333310000000000000031111111333330000033331000000
00000333310000033331000033333000000000033000000330000003331003333000000310000003300000000000000000000000000000031000000331000000
00000333310000033333000003333300003333000033330000333300331003330033330000333300003333000000000000333300003333000033330031033000
00000333310000003333300000333333033333300333333003333330331003330333333003333330033333300000000003333330033333300333333033331100
00333333333300000333333000033333033003300330033003300330333000330330033003300330033003300000000303300330033003300330033033311000
00011111111110000011111100001111000003300330033003300330111100010330033003300330033003300000000003300330033003300330033011110000
00000000000000000000000000000000000003300333333003300330000000000330033003300330033003300000000003300330033003300330033000000000
00000000000000000000000000000000000033300033333003300330000000000330033003300330033003300000000003300330033003300330033000000000
00000000000000000000000000000000000333003000033003300330000000000330033003300330033003300000000003300330033003300330033000000000
00000000000000000000000000000000003300003000333003300330000000000330033003300330033003300000000003300330033003300330033000000000
00000000000000000000000000000000033333303033330003333330000330000333333003333330033333300003300003333330033333300333333000000000
00000000000000000000000000000000033333301033300000333300000330000033330000333300003333000003300000333300003333000033330000000000
00000000000000000000000000000000000000000000000000000000000000000000000000000000000000000000000000000000000000000000000000000000
00000000000000000000000000000000000000000000000000000000000000000000000000000000000000000000000000000000000000000000000000000000
