00000000000000000000000000001000000000000000000000010000000000000000000000000000000000000000000000000000000000000000000000000000
00000000000000000000000000000000000000000000000030000000000033333000000330000000000030000000000033333000000033330000000033333000
00000000000000000000000000000000000000000001000330000000000333333300003330000100000330000000000333333300000333333000000333333300
00000000000000000000000000000000000000000011100330000000003330003330033330001110000330000000003330003330003330033300003330003330
00000000000000000000000000000000000000000001003330000000003300000330000330000100003330000000003300000330033000000330003300000330
00000000000000000000000000000000010000000000003330000000000000000330000330000000003330010000003300000330033000000330000000000330
00000000000000000000000000000000000000000000033330000000000000000330000330000000033330000000000000000330033000000330000000000330
00000000000000000000000000000000000000000000330330000000000000003300000330000000330330000000000000000330033000000330000000003300
00000000000000000000010000000000000000001000330330000001000000333300000330000000330330000000000000003300033300003330000000333300
00000000000000000000000000000000000000000003300330000000000010333300000330000003300330000000000000003300003333333300000000333300
00000000000000000000000000000000000000000033300330000000000000003330000330000033300330000000001000033000000333333300000000003330
00000000000000000000000000000000000000000333000330000000000000000330000330000333000330000000000000330000000000333000000000000330
00000000000000000000000000000000010000000333333333300000000000000330000330000333333333300000000003300000000000330000000000000330
00000000100000000000000000000000000000000333333333300000033001000330010330000333333333300000000033000000000003300000033000000330
00000000000000000000000000000000000000000000000330000000033300003330000330000000000330000000000330000000000033000000033300003330
00000000000000000000000000000000000000000000000330000330003333333300000330000000100330000330003333333330000330000000003333333300
00000000000000000000010000000000000000000000000330000330000033333000000330000000000330000330033333333330003300000000000033333000
00000000000000000000000000000000000000000000100000010000000000000000010000000000000000000000000000000000000000000000000000000000
00000000000000000000000000000001000000000000000000000000001000100000000000000000000000000000000000000000000000000000000000000000
00000000000000000000000000000000000000000000000000000000000000000001000000001000000000000000000000000000000000000000000000000000
00000000000000000000000000000000000001000000000000000000000000100000000010000000000000000000000000000000000000000000000000000000
00000000000000000000000000000000000000000000000000000000100000000000000000000000000000000000000000000000000000000000000000000000
00000000000000000000000000000000000000000000000000010000000000000000010000000000000010000000000000000000000000000001000000000000
00000000001000000000000000000000000000000000000000000000000000000000000000000000000000000001000000000000000000000000000000000000
00000000000000000000000000000000000000000001000000000000000000000010000000000000100000000000000000000000000000000000000000000000
00000000000033300300000330030003033330333000000000003000000000000000000000000000003330003300300003000000000030000000000000000000
00000000000030030300003003003030030000300300000000033010000000100000000000000000003003030030300003000000000330000000000000000000
00000000000030030300003003000300030000300300000001003000000000000000000010000000003330030030300003001000000030000000000000000000
00000000000033300300003333000300033300333000000000003000000000000000000000000000003003033330300003000000000030000000000000000000
00000000000030000300003003000300030000303000000000003000000000000001000000000000003003030030300003000000000030000000000000000000
00000000000030000333303003000300033330300300000000003000000000000000000000000100003330030030333303333000000030000000000000000000
10000000000000000000000000000000000000000000000000000000100000010000000000000000000000000000000000000000000000000000000000000000
