00000000000000000000000000000000000000000000000000000000000000000001333300000003000000000000000000000000000000000000000000000000
00333000000000000000000000000000000000000300000000000000000000000000233303333300000000000000000000000000000000000300000000000000
00333000000000000000000000000000000000003030000000000000000000000000023333333330000000000000000000000000000000003030000000000000
00033000000000000000000000000000000000003030000000000000000000000000013333003330000000000000000000000000000000003030000000000000
00033000000000000000000000000000000000003030000000000000000000000000002300033300000000000000000000000000000000003030000000000000
00033000000000000000000000000000000000003030000000000000000000000000001303333000000000000000000000000000000000003030000000000000
00033000000000000000000000000000000000000300000000000000000000000000000333333330000000000000000000000000000000000300000000000000
00033000000000000000000000000000000000000000000000000000000000000000000233333330000000000000000000000000000000000000000000000000
00000000000000000000110000000000000232322232221122000000000000000000000100000000112233333310011002223232222333333333333332111100
00000000000000000000100000000000000132332232211112000000000000000000000133123331112333333320010001111111221233333333333333323200
00000000000000000000100000000000000132232222211112000000000000000000000133123331112333333321000111110000220133333333333333333200
00000000000000000000000000000000000000000000000000000000000000000000000130000001000000000000000000000000000000000000000000000000
03333300000000000000000000000000000000000300000000000000000000000001100100333301000000000000000000000000000000000300000000000000
03333330000000000000000000000000000000003030000000000000000000000001110103333300000000000000000000000000000000003030000000000000
00003330000000000000000000000000000000003030000000000000000000000011221133303300000000000000000000000000000000003030000000000000
00033300000000000000000000000000000000003030000000000000000000000011120133033330000000000000000000000000000000003030000000000000
33000330000000000000000000000000000000003030000000000000000000000000000233333330000000000000000000000000000000003030000000000000
33333330000000000000000000000000000000000300000000000000000000000000001300003300000000000000000000000000000000000300000000000000
03333300000000000000000000000000000000000000000000000000000000000000002321203300000000000000000000000000000000000000000000000000
00000000000000000000002000000000013222222111000111210000000000000000013311300000112333332333333333333310110012222222323233333200
00000000000000000000001200000000022222222210001111121000000000000000023212321000122232333333333333333320110012222222222333332100
00000000000000000000000220000000233223332100001111112100000000000000232123310001222232223333333333333311110122222232223333333100
00000000000000000000000022100012332223332101011111122210000000000002332233100112322233333333333333333211111133332332223332233200
00000000000000000000000001122223222222322111111111112222000000000123222221001123323223333333333333332211111233233333223332123200
00000000000000000000000000000000000000000011111111100023211111112322222210112323300000000000000000021111111000133333213332223200
00000000000033300300000330030003033330333001111111003022233332232222222111123223203330003300300003031011110030123332112221122200
00000000000030030300003003003030030000300302111112033022233332222222221112333333303003030030300003021000000330122211000110112100
00000000000030030300003003000300030000300303211112003022232333222222222223333322203330030030300003000000000030000000000000011100
00000000000033300300003333000300033300333003322212103022233333332332222233332332303003033330300003000000000030000000000000001100
00000000000030000300003003000300030000303001232322203033322322222333223333333333303003030030300003000000000030000000000000000000
00000000000030000333303003000300033330300300123333303033333333323223333333333333303330030030333303333000000030000000000000000000
00000000000000000000000000000000000000000000013333300033333333333333333333333333300000000000000000000000000000000000000000000000
