00000000000000000000000000000000000001110000000000000000100000000000000000000000000000000000000000000000000000000000000000000000
00000000000000000000000000000000000000100000000330000000000033333000000033333000033333333330000000003333330003333333333000033000
00000000000000000000000000000000000000000000003330000000000333333300000333333300033333333330000000033333330003333333333000333000
00000000000000000000000001000000000000000000033330000000003330003330003330003330000000003300001000033000000000000000330003333000
00000000000000000000000000000000000000000000000330000000003300000330003300000330000000003300000000033000000000000000330000033001
00000000000000000000000000000000000000000000000330000000000000000330003300000330000000033000000000033000000000000003300000033000
00000000001000000000000000000000000000000000000330000010000000000330000000000330000000033000000000333333300000000003300000033000
00000000000100000000000000000000000100000000000330000100000010003300000000000330000000330000000000333333300000000033000000033000
00000000000000000000000000000000000000000000000330000000000000333300000000003300000000330000000000330000330000000033000000033000
00000000000000000000000000000000000000000000000330000000000000333300000000003300000003300000000000000000033000000330000000033000
00000000000000000000000000000000000000000000000330000000000000003330000000033000000003300000000000000001033000000330000000033000
00000000000000000000000000000000000000000000000330000000000000000330000000330000010033000000000000000000033000003300000000033000
00000000000000000000000000000000000000000000100330000000000000000330000003300000000033000000000000000000033000003300000000033000
00000000000000000000000000000000000000000001000330000000033001000330000033000000000330000000001000300000330000033000000000033000
00000000000000000000000000000000000000000000000330000000033300003330100330000000000330000000000003330003330000033000000000033000
00000000000000000000000000000000000000000000000330000330003333333300003333333330003300000000033000333333300000330000000000033000
00000000000000000000000000000000000000000000000330000330000033333000033333333330033301000000033000033333000003330000100000033000
00000000001000000000000000000000000000000000000000000000000000000000000000000000000000000000000000000000000000000001110000000000
00000000011100000000000000000000000000010000000000000000001000100000000000000000000000000000000000000000000000000000100000000000
00000000001000000000000000000000000000000000000000000000000000000001000000000000000000000000000000000000000000000000000000000000
00000000000000000000001000000000000000000000000000000000000000000000000000000000000000000000000000000000000000000000000000000000
00000000000000000000000000000000000000000000000000000000000000000000100000000000010000000000000000000000000000000000000000000000
00000000000000000000000000000001000000000000000000000000000000010000000000000000000000000000000000000000000000000000000000000000
00000000000000000000000000000000000000000000000001000000100000100000000100000000000000000000000000000000000000000000000000000000
00000000000000000000000000000000000000000000000000000001000000000000000010000000000000000000000000000000000000000000000000000000
00000000000033300300000330030003033330333000000001003000000000000000000000000000003330003300300003001000000030000000000000000000
00000000000030030300003003003030030000300300000000033000000000000000000000000000003003030030300003000000000330000000000000000000
00000000000030030300003003000300030000300300000000003000000000000000000000000000003330030030300003000000000030000000000000000000
00000000000033300300003333000300033300333000000000003000000000000001000000000000003003033330300003000000000030000000000000000000
00000000000030000300003003000300030000303000000000003000000000000000000000000000003003030030300003000000000030000000000000000000
00000000000030000333303003000300033330300300000000003000000000100000000000000000003330030030333303333000000030001000000000000000
00000000000000000000000000000000000000000000000100000000000000000000000000010000000000000000000000000000000000011100000000000000
