11111111111100011111111111111110011111100000001111111110000000011111111000111110000001111111110000000011111000000111000000000000
11111111111111111111111111111110001111003333300111111100333333011111110030111100333300111111100333333001110033330011033333333330
11111111111111111111111111111111101110033333330011111103333333011111110330111003333330011111103333333301100333333001033333333330
11111111111111111111111111111111100000333000333011111103300000011111100330110033300333001111003300003300003300003300000000003300
11111111111111111111111111111111000000330010033011111103301101111111103330110330000003301111033001100330033001000330101111003301
11111111111111111110011111111110000000000111033011111003300000111111003330110330111103301111033001100330033011110330001111033001
11111111111111111100010011111110000000111110033011111033333330111110033330110330111103301111033300003330033011110330001110033011
11111111111111111011111001111111110001111000330011111033333330011110330330110330011003301111003333333300033011110330011110330011
11111111101111111111100111111111111100101033330111111033000033001100330330110333000033301111100333333001033011110330111100330111
10011111101110110011110011111111111110101033330011111000011003301003300330110033333333001111003333333300033001110330111103300111
00111111111110001110111011101111111000000000333011111111111103300033300330111003333333011111033330033330033011110330111003301111
01111111110110011011011011100111111000000010033011111111111103300333000330001100003330011111033300003330033011110330111033001111
01111111110011001011011001111111111100000001033011111000011003300333333333301111003300111111033000100330033011110330110033010111
00111111001111000111111111110001111103300000033011110030000033000333333333301110033001101111033000000330033001100330110330010111
10111111001111000001111111111100111103330000333000000333000333010000000330001100330011100000033300003330003300003300100330011110
11111111111111000011101111011000001100333333330003300033333330011111110330111003300111110330003333333300100333333001003300011111
11111111111110100010110111001000000000003333300003300003333300011011110330111033001111110330100333333001110033330011033300110111
11111111111110100000011110001100000000100000000000000000000000011001110000111000011111110000110000000011111000000111000001111111
11111111111101110000011111101000000000000000000000100001000000000000000111111111100111111110111111111111111111111111111101111000
11111111111100111010000111111100000000000000000000010000100000000000000001111111100001111110111111111111111111111110110001101000
11111111111100000110000111001000000000000000000000000000000000000000000001111111100000011110001111111111111111011100100000010000
11111111110010110010001110000000000000000000000000000000000000000000000000111111100000001010000100111111001110001100100000000000
11111111101100110110000100000000000000000000000000000000010000000000000000001111110000000000000101011110000111001100000000000000
00111111010001001111000000000000000000000000000000000000000000000000000000000100011000000000000001101111111111011100000000000000
00111111000000000000000000000000000000000000000000000000000000000000000000000000000000000000000000001111110000011100000000000000
10111111000033300300000330030003033330333000000000003000000000000000000000000000003330003300300003001111110030001110000000000000
11111111101030030300003003003030030000300300000000033000000000000000000000000000003003030030300003011111110330111110000000000000
10010011000030030300003003000300030000300300000000003000000000000000000000000000003330030030300003001100000030111110000000000000
10000001000033300300003333000300033300333000000000003000000000000000000000000000003003033330300003001100001030111100001111000000
00001011100030000300003003000300030000303000000000003000000000000000000000000000003003030030300003000010000030111100011111100000
10000111110030000333303003000300033330300300000000003000000000000000000000000000003330030030333303333010010030111100101111100000
10000111111000000000000000000000000000000000000000000000000000000000000000000000000000000000000000000010011000101111000010000001
