00000000000000000000000000000000000000000000000000000000000000000000000000000000000000000000000000000000000000000000000000000000
00000000000000000000000000000000000000000000000000000000333330000000000330000000000030000003300000000003300000030000000000003000
00000000000000000000000000000000000000000000000000000003333333000000003330000000000330000033300000000033300000333000000000033000
00000000000000000000000000000000000000000000000000000033300033300000033330000000000330000333300000000333300003333000000000033000
00000000000000000000000000000000000000000000000000000033000003300000000330000000003330000003300000000003300000033000000000333000
00000000000000000000000000000000000000000000000000000033000003300000000330000000003330000003300000000003300000033000000000333000
00003333000000333333000033033003333300000033333300033000033303300330030330330000033330333003303330000303300003033033333003333000
00003333000000333333000033333003333330000033333300033330333003303330030330330000330330333303303333000303303003033033333033033000
00003111100000311111100331131103111110000031111110031111311033001311030330111000330330311103301111000303301303033031110033033000
00003111100000311111100331111103111111000031111110031111310033011111030330111003300330111103301111100303301103033031100330033000
00003111100000311111100311111103111111000031111110031111300330011111030330110033300330111103301111100303301113033031003330033000
00000111100000011111100311111100111111100001111110001111003300111111000330110333000330001103301111110003301110033031033300033000
00000111100000011111100311111100111111100001111110001110033003111111000330110333333333301103301111110003301110033031033333333330
00000311000000331111000311001100311031100033111100003100330003110011000330010333333333300303301103110003303110033001033333333330
00000311000000331011000311331100311331100033101100003003300000000000000330010000000330000303301100000003303110033001000000033000
00000311000000311331000311333300311301000031133100000033333333300330000330000000000330100303301103300003303110033000031100033000
00000311033000311331100311011110311111000031133110000333333333300330100330100000000330100303301103300003301100033000031100033000
00000311033000311111100311011110311110000031111110000000000000000000100000130000000000100300001100000000001110000000031100000000
00000311031103311111100311031100311031000331111110003110111103110311003110330000000031100311031103100031100310311000031100000000
00003311331133310033130311331103311031303331003313033110111103113311033113311000000031133311331103130331133313311000331100000000
00003311331133110033110311331103311031303311003311033110311103113311033113311000000031133311331103130331133313311000331100000000
00003111111131111031111311111103111131113111103111131111011103111111031111111000000031111111311113111311111113111100311110000000
00003111111131111031111011111103111131113111103111131111011100111111031111111000000001111111311113111311111113111100311110000000
00003111111131111031111011111103111131113111103111131111031100111111031111111000000001111111311113111311111113111100311110000000
00000111111000000000000000000000000000000011100111100011001100011111001111111000000000000000000000011011111000111100011110000000
00000111111033300300000330030003033330333001100111003011001100011111001111111000003330003300300003011011110030111100011110000000
00000000000030030300003003003030030000300300000000033000000000000000000000000000003003030030300003000000000330000000000000000000
00000000000030030300003003000300030000300300000000003000000000000000000000000000003330030030300003000000000030000000000000000000
00000000000033300300003333000300033300333000000000003000000000000000000000000000003003033330300003000000000030000000000000000000
00000000000030000300003003000300030000303000000000003000000000000000000000000000003003030030300003000000000030000000000000000000
00000000000030000333303003000300033330300300000000003000000000000000000000000000003330030030333303333000000030000000000000000000
00000000000000000000000000000000000000000000000000000000000000000000000000000000000000000000000000000000000000000000000000000000
