22222222222200022222222222222222122222222222222222222222222222222222222222222222222222222222222222222222222222222222222222212222
22222222222200122222222222222221122222222222222222222222222222222222222222222222222222222222222222222222222221122222222222222222
22222222222222222222222222222221112222222222222222222222222222222222222222222222222222222222222222222222222222222222222222222222
22222222222222222222222222222222212222222222222222222222222222222222222222222222222222222222222222222222222222122222222222222222
22200000000000000022222222222222211111220000000000222220000000002222222222222222222222222222222222222222000000002222200000000222
22201111111111111102220000000022111111220111111100222200111111102222220000000022222222222200000000222222011111102222001111110222
22201111111111111000200100001001111111120111111100222201111111102222200100001002222222222001000010022220011111110220001111110222
22201111111111111000011111111110111111220111111111022201111111102220011111111110222222200111111111102200011111110200001111110222
22201111111111111000011111111111121112220111111110022211111111102200011111111111122222000111111111111000011111111000011111110222
22222111111111111100011111111111102211210111111110022001111111102000011111111111102220000111111111111000111111110000111111110222
21122011111111101100001111111111100221210111111111022011111111102100001111111111100201000011111111111001111111111001111111110222
11222011111111101100001111111111111011110111111111122111111111100100001111111111111001000011111111111101111111111111111111110222
12222011111111101100000011111111111101110111111111102011111111101100000011111111111101000000111111111111111111111111111111110222
12222011111111101100000011111111111101110111111111002111111111101100000011111111111101000000111111111111111111111111111111110222
11222011111111101100000001111111111102110111111111002111111111101100000001111111111101000000011111111111111111111111111111110222
21222011111111011100000000111111111101110111111011111111101111101100000000111111111101000000001111111111111111111111101111110221
22222011111110011110000001111111111002110111111000011111001111101110000001111111111101100000011111111110111111110111111111100222
22222011111100011111100000001111111002110111110001000111000111101111100000001111111001111000000011111110111111100111111111000222
22222011111000011111100000000100100101210111100100000110010111001111100000000100100001111000000001001000111111101111111110100222
22222011110001011111111000000000000000110111000110000000110110001111111000000000000001111110000000000001111110001111111100000111
22222011322222233111111222222222222000110332222112222231112322200111111222222222222000111112222222222221133322221113333222220111
22200033222222233311111111222222221000000222222102222231012222200111111111222222221000111111112222222211133222221113332222220111
22202222222222222211111111112122210000000222222102232221012222200011111111112122210100011111111121222111122222221111322222220110
22202122122221221231111111111111100000000212212102122121012121201001111111111111101110001111111111111011122222221111132222220110
11202222222222222233111111111110000000000222222102222221012222201100111111111110022111000111111111100011121222120111112122120110
11200111111111111113311111111100000000100111111101111111011111101110001111111100112111110001111111002011122222220011112222220100
21222011111111111111300000000000000000000011111100111111011111001111100000000001111111111100000000012011111111100001111111110110
22222200000000000000002211100000000000000000000000000000000000011111111111111111111111111111111111222011111111002200111111100100
21123322111232222222222211100000000000000000000000000000000111111111111111111111111111111111111111112000000000002220000000001110
21113332110122222222222211100000000000000000000000000000000010010001101111111111111111111111111111112211112222222211112222111110
11002322210012222222222221110000000000000000000000000000000000000000000001111111111111111111111111112221111222222211122222211100
21001222221112222222222221110000000000000000000000000000000000000000000001111111111111111111111111112221121222222211212222211100
