11111111111100011100001111100000001111111110001111111110000000011110000000111100000000111111000000000000000000000000110000000011
11111111111111111003301111003333300111111100301111111100333333011100333330011003333330011111033333333330033333333330100333333001
11111111111111110033301110033333330011111103301111111103333333011003333333001033333333011111033333333330033333333330103333333301
11111111111111110333301110333000333000111003301111111103300000011033300033300033000033001111000000003300000000003300003300003300
11111111111111110003301110330010033000111033301111111103301121111033001003300330011003301111111111003301111111003301033001100330
11111111111111111103301110330110033000010033301111111003300000111033011103300330011003301111111111033001111111033001033001100330
11111111111111111103300010000110033000100333301111111033333330111000011103300333000033301111111110033011111110033010033300003330
11111111111111111003303201111110033001103303301111111033333330011111111003300033333333001111111100330011111110330010003333333300
11111111101111111103302331111110330000003303301111111033000033001111111033001003333330011111111000330111111100330110100333333001
10011111101110110203302233111100330110033003301111111000011003301111100033010033333333001111111103300111111103300111003333333300
00111111111110001303303233301003300000333003301111111111111103301111100330010333300333301111111003301111111003301100033330033330
01111111112110011203303233320033001003330003300011111111111103301111003300110333000033301111111033002110001033001000033300003330
01111111112211001203303223300330011103333333333011111000011003301110033001110330011003301111110033022210000033010000033001100330
00111111001111000103303333003300111103333333333011110030000033001100330011110330011003301111110330012211000330010000033001100330
10111111001111000003303330033000000000000003300000000333000333011003300000000333000033300000100330001111100330110001033300003330
11111111111111000003303300333333333011000003300003300033333330010033333333300033333333000330003300001111003300111111003333333300
11111111111110100003302303333333333001000003300003300003333300010333333333301003333330010330033301001111033301111111100333333001
11111111111110100000003300000000000000100000000000000000000000010000000000001000000000110000000001111111000001111111110000000011
11111111111101110000033333323200000000000000000000100001000000000000000111111111100111111110111111111111111111111111111101111000
11111111111100111010022333333100000000000000000000010000100000000000000001111111100001111110111111111111111111111110110001101000
11111111111100022110022333221000000000000000000000000000000000000000000001111111100000011110001111111111111111011100100000010000
11111111110012112210023332000000000000000000000000000000000000000000000000111111100000001010000100111111001110001100100000000000
11111111101122110110022320000000000000000000000000000000010000000000000000001111110000000000000101011110000111001100000000000000
00111111012221001111000000000000000000000000000000000000000000000000000000000100011000000000000001101111111111011100000000000000
00111111022000000000000000000000000000000000000000000000000000000000000000000000000000000000000000000000000000000000000000000000
10111111022033300300000330030003033330333000000000003000000000000000000000000000033303030333033000300000330003003000300000000000
11111111101030030300003003003030030000300300000000033000000000000000000000000000030003030030030303030000303030303000300000000000
10012211000030030300003003000300030000300300000000003000000000000000000000000000030000300030030303030000330030303000300000000000
10002221000033300300003333000300033300333000000000003000000000000000000000000000033000300030033003330000303033303000301111000000
00001211100030000300003003000300030000303000000000003000000000000000000000000000030003030030030303030000303030303000300011100000
10000111110030000333303003000300033330300300000000003000000000000000000000000000033303030030030303030000330030303330333011100000
10000111111000000000000000000000000000000000000000000000000000000000000000000000000000000000000000000000000000000000000010000001
