00000000000000000000000000000000000000000010000000000000000000000000000000000000000000000000000000000100000000000000000000000000
00000001000000000000000000000000000000000100333330000000000330000000333330000000333300000000000033330000000033330000000033333000
00000000000000000001000000100000000100000003333333000100003330010003333333000003333330000000000333333000000333333000000333333300
01000000000000000000000000000000000000000033300033300000033330000033300033300033000033000010003300003300003300003300003330003330
00000000000000000000000000000000000000000033000003300000000330000033000003300330000003300000033000000330033000000330003300000330
00000000000000000000000000000000000000000033001003300000010330000000000003300330000003300000033000000330033000000330000000000330
00000000000000000000000000000000000000000000000003300000000330000000100003300330010003300000033000000330033000000330000000000330
00000000001000000000000000000000000000000000000003300000000330001000000033000330000003300000033000000330033000000330000000003300
00000000000000000000000000000000000000000000000033000000000330000000003333000330000003300000033000000330033000010330000000333300
00000000000000000000000000000100000000000000010033000000100330000000003333000330000003300000033000000330033000000330000000333300
01000000000000000000000000000000000000000000000330000000000330000000000033300330000003300000033000000330033000000330000000003330
00000000000000000000000000000000000000000000003300000000000330000000000003300330000003300000033000000330033000000330000000000330
00000000000000000000000000000000000000010000033000100000010330000000000003300330000003300000033000000330033000000330000000000330
00000000000000000001000000000000000000000000330000000000000330000330000003300330010003300000033000000330033000000330033000000330
00000000000000000000000000000000000000000003300000000000000330000333000033300033000033000000003300003300003300003300033300003330
00000000000000000000000000000100000000000033333333300330000330000033333333000003333330000330000333333000000333333000003333333300
00000000000000000000000000000000000000000333333333300330000330000000333330000000333300000330000033330000000033330000000033333000
00000001000000000000000000000000000001000000000000000000000000000000000000000000000000000000000000000000000000000000000000000000
00000000000000000000000000000000000000000010000000000000000000000100001001000000000000000000000000000000000000000000000000000001
00000000000000000000000000000000000000000000000000000000000000000000000000000000000000000000000000000000000000000000000000000000
00000000000000000000000000000000000000000000000000000100000000000001000000000001000001000000000000000000100000000000000000000000
00000000000000000000010000000000000000000000000000000000000000000000000000001000000000000000000000000000000000000000000000000000
00000000000000000000000000000000000000000000000100000000000000000100000000000000000000000000000000000000000000000000000000000000
00000000000000000000000000000000000000000100000000000001000000100000000000000000000000000000000000000000000000000000000000000000
00000000000000000000000000000000000000000000000000000000000000000000001000000000000000000000000000000000000000000000000001000000
00000000000000330300300330003300333000330033300000003000000000000000000000000000000333000330030000033000000030000000000000000000
00000000000000030300303003030030300303003030030000033000000000000010000000100000000300303003030000300300000330000000000000000000
00000000000000030300303000030030300303003030030000003000010000100000000000000000000333003003030000300300000030000000000000000000
00100000000000030300303033033330300303003033330000003000000000000000000000000000000300303003030000333300000030000000000000000000
01110000000030030300303003030030300303003030300100003000000000000000000100000000000300303003030000300300000030001000000000000000
00100000000003300033000330030030333000330030030000003000000000000000000000000001000333000330033330300300000030000000000000000000
00000000000000000000000000000000000000000000000000000010000010000001000000000000000000000000000000000000000000000000000010000000
