00000000000000000000000000000000011111101111111000111100110001101100011000111100001111000011100011000000000000000000000000000000
00000000000000000000000000000000011111101111111001111110110001101110011000111100011111100111110011000000000000000000000000000000
00000000000000000000000000000000000110001100000011000110110001101111011000011000110001101110111011000000000000000000000000000000
00000000000000000000000000000000000110001111100011000000111111101111111000011000110000001100011011000000000000000000000000000000
00000000000000000111110000000000000110001100000011100110111111101101111000011000111001101111111011000000000000000111110000000000
00000000000000000000000000000000000110001111111001111110110001101100111000111100011111101100011011111100000000000000000000000000
00000000000000000000000000000000000110001111111000111100110001101100011000111100001111001100011011111100000000000000000000000000
00000000000000000000000000000000000000000000000000000000000000000000000000000000000000000000000000000000000000000000000000000000
33333300033333000033300033333300333330000000000003333330333333300333330003333330000000000000000000000000000000000000000000000000
33333330333333300333330033333330333333000000000003333330333333303333333003333330000000000000000000000000000000000000000000000000
33003330330003303330333033000330330033300000000000033000330000003330000000033000000000000000000000000000000000000000000000000000
33333300330003303300033033003330330003300000000000033000333330000333330000033000000000000000000000000000000000000000000000000000
33003330330003303333333033333000330033300000000000033000330000000000333000033000000000000000000000000000000000000000000000000000
33333330333333303300033033033300333333000000000000033000333333303333333000033000000000000000000000000000000000000000000000000000
33333300033333003300033033003330333330000000000000033000333333300333330000033000000000000000000000000000000000000000000000000000
00000000000000000000000000000000000000000000000000000000000000000000000000000000000000000000000000000000000000000000000000000000
00111100111111001111111011111000001111000111111001111100000000000000000000000000000000000000000000000000000000000000000000000000
01111110111111101111111011111100001111000111111011111110000000000000000000000000000000000000000000000000000000000000000000000000
11000110110001101100000011001110000110000001100011100000000000000000000000000000000000000000000000000000000000000000000000000000
11000000110011101111100011000110000110000001100001111100000000000000000000000000000000000000000000000000000000000000000000000000
11100110111110001100000011001110000110000001100000001110000000000000000000000000000000000000000000000000000000000000000000000000
01111110110111001111111011111100001111000001100011111110000000000000000000000000000000000000000000000000000000000000000000000000
00111100110011101111111011111000001111000001100001111100000000000000000000000000000000000000000000000000000000000000000000000000
00000000000000000000000000000000000000000000000000000000000000000000000000000000000000000000000000000000000000000000000000000000
01111110001111001100000001111110011111000000000000000000000000000000000000000000000000000000000000000000000000000000000000000000
01111110001111001100000001111110111111100000000000000000000000000000000000000000000000000000000000000000000000000000000000000000
00011000000110001100000000011000111000000000000000000000000000000000000000000000000000000000000000000000000000000000000000000000
00011000000110001100000000011000011111000000000000000000000000000000000000000000000000000000000000000000000000000000000000000000
00011000000110001100000000011000000011100000000000000000000000000000000000000000000000000000000000000000000000000000000000000000
00011000001111001111110000011000111111100000000000000000000000000000000000000000000000000000000000000000000000000000000000000000
00011000001111001111110000011000011111000000000000000000000000000000000000000000000000000000000000000000000000000000000000000000
00000000000000000000000000000000000000000000000000000000000000000000000000000000000000000000000000000000000000000000000000000000
