00000000000000000000000000000000000000000000000000000000000000000000000000000000000000000000000000000000000000000000000000000000
00000000000000000000000000000000000000000000000000000000000000000000000000000000000000000000000000000000000000000000000000000000
00000000000000000033333300033000033003300003303333333303300003300003330000003333000033000033333000033000033000000000000000000000
00000000000000000031111110031100031103110003113111111113110003110003111000033111100031100331111100031100031100000000000000000000
00000000000000000031111111031100031103111003110111111113110003110033111000331111110031103311111110031110031100000000000000000000
00000000000000000031100311031100031103111103110003110003110003110031131100311100111031103111000111031111031100000000000000000000
00000000000000000031133311031100031103111103110003110003110003110031131100311000010031103110000311031111031100000000000000000000
00000000000000000031111111031100031103113113110003110003110003110331101100311000000031103110000311031131131100000000000000000000
00000000000000000031111110031100031103110113110003110003110003110311333110311000300031103110000311031101131100000000000000000000
00000000000000000031100000031100331103110311110003110003110033110311111110311003310031103110003311031103111100000000000000000000
00000000000000000031100000001113311103110011110003110000111331113311111110011133111031100111333111031100111100000000000000000000
00000000000000000031100000000111111003110001110003110000011111103110000311001111110031100011111110031100011100000000000000000000
00000000000000000001100000000011110000110000110000110000001111000110000011000111100001100001111100001100001100000000000000000000
00000000000000000000000000000000000000000000000000000000000000000000000000000000000000000000000000000000000000000000000000000000
00000000000000000000000000000000000000000000000000000000000000000000000000000000000000000000000000000000000000000000000000000000
00000000000000000000000000000000000000000000000000000000000000000000000000000000000000000000000000000000000000000000000000000000
00000000000000000000000000000000000000000000000000000000000000000000000000000000000000000000000000000000000000000000000000000000
00000000000000000000000000000000000000000000000000000000000000000000000000000000000000000000000000000000000000000000000000000000
00000000000000000000000000000000000000000000000000000000000000000000000000000000000000000000000000000000000000000000000000000000
00000000000000000000000000000000000000000000000000000000000000000000000000000000000000000000000000000000000000000000000000000000
00000000000000000000000000000000000000000000000000000000000000000000000000000000000000000000000000000000000000000000000000000000
00000000000000000000000000000000000000000000000000000000000000000000000000000000000000000000000000000000000000000000000000000000
00000000000000000000000000000000000000000000000000000000000000000000000000000000000000000000000000000000000000000000000000000000
00000000000000000000000000000000000000000000000000000000000000000000000000000000000000000000000000000000000000000000000000000000
00000000000000000000000000000000000000000000000000000000000000000000000000000000000000000000000000000000000000000000000000000000
00000000000000330300300330003300333000330033300000003000000000000000000000000000000333000330030000033000000330000000000000000000
00000000000000030300303003030030300303003030030000033000000000000000000000000000000300303003030000300300003003000000000000000000
00000000000000030300303000030030300303003030030000003000000000000000000000000000000333003003030000300300000030000000000000000000
00000000000000030300303033033330300303003033330000003000000000000000000000000000000300303003030000333300000003000000000000000000
00000000000030030300303003030030300303003030300000003000000000000000000000000000000300303003030000300300003003000000000000000000
00000000000003300033000330030030333000330030030000003000000000000000000000000000000333000330033330300300000330000000000000000000
00000000000000000000000000000000000000000000000000000000000000000000000000000000000000000000000000000000000000000000000000000000
