00000000000000000000000000000000000000000000000000000000000000000000000000000000000000000000000000000000000000000000000000000000
00000000000000000000000000000000003333000033333330000333333300333333000033003333333300033333000000000000000000000000000000000000
00000000000000000000000000000000033111100031111111000311111110311111100031103111111110331111100000000000000000000000000000000000
00000000000000000000000000000000331111110031111111100311111110311111110031100111111110311111110000000000000000000000000000000000
00000000000000000000000000000000311100111031100031100311000000311000111031100003110000311000110000000000000000000000000000000000
00000000000000000000000000000000311000011031133331100311333300311000311031100003110000311333000000000000000000000000000000000000
00000000000000000000000000000000311000000031111111000311111110311000311031100003110000011111100000000000000000000000000000000000
00000000000000000000000000000000311000330031111110000311111110311000311031100003110000001111110000000000222222222222222222222222
22222222233200022211122222222212222222222222222222222222222222222222222222222222222222222222222222222222222222221122222222222222
22222222233200012222222222222222222222222222222222222222222222222222222222222222222222222222222222222222222222222122222222212222
22222222222200022222222222222222122222222222222222222222222222222222222222222222222222222222222222222222222222222222222222212222
22222222222200122222222222222221122222222222222222222222222222222222222222222222222222222222222222222222222221122222222222222222
22222222222222222222222222222221112222222222222222222222222222222222222222222222222222222222222222222222222222222222222222222222
22222222222222222222222222222222212222222222222222222222222222222222222222222222222222222222222222222222222222122222222222222222
22222222222222222222222222222222211111222222222222222222223332222222222222222222222222222222222222222222222221122222222222222222
22222222222222222222222222222222111111222222222222222222222232222222222222222222222222222222222222222222222222122222212222222222
22222222222222222222222222222221111111122222222222222222100233222222222222222222222222222222222222222222222222222222112222222222
22222222222222222222222222222221111111222222222222222222100133222222222222222222222222222222222222222222222222222221112222222222
22222222222222222222222222222222221112222222222222222222100022222222222222222222222222222222222212222222222222222221122222222222
22222222212222222222222222222222222211212222222222222222210012222222222222222222222222222222222112222222222222222221222222222222
21122222212221222222122112222222222221212222222222222222222222222222202222222222222222222222222212222222222212220000000000000222
11200000000000000000000000000000000111110000000000000000000000000000000000000000000000000000000000000000000000000000000000000222
12200000000000000000000000000000000111110000000000000000000000000000000000000000000200000000000000000000000000000000000000000222
12200000000000000000000000000000002211110000000000000000000000002000000000000000002220000000000000000000000000000000000000000222
11200000000000000000000000000000022222110000000000000000000000002200000000000000022222000000000000000000000000000000000000000222
21200000000000000000000000000000222221110000000000000000000000002220000000000000122222210000000000002000000000000000000000000221
22222000000000000000000000000001112222110000000000000000000000002222200000000001122222222100000000012000000000000000000000000222
22222200000000000000001100000100111112111000000002000000100000022122222222222122222222222111222222112000000000002200000000000222
22222222222221222222211100000000001001211111111112221121111111122112222222222112222222222211222222222000000000002220000000002222
22222222222211122222221100000000001000111111111111211112111111011111111222222222211222222221222222222222222222222222222212222111
22222222222211222222222100000110000000111111111001121111211111011111111112222222211112222221222222222222222222222221221112212111
22222222222211221222122110100111000000000000110001111111111110111111111112222222211111122221112222222222222222122211211111121111
