00000000000000000000000000000000000000000000000000000000000000000000000000000000000000000000000000000000000000000000000000000000
00000000000000000000000000000000000000000000000000000000000000000000000000000000000000000000000000000000000000000000000000000000
00000000000000000000000000000000000000000000000000000000000000000000000000000000000000000000000000000000000000000000000000000000
00000000000000000000000000000000000000000000000000000000000000000000000000000000000000000000000000000000000000000000000000000000
00000000000000000000000000000000000000000000000000000000000000000000000000000000000000000000000000000000000000000000000000000000
00000000000000000000000000000000000000000000000000000000000000000000000000000000000000000000000000000000000000000000000000000000
00000000000000000000000000000000000000000000000000000000000000000000000000000000000000000000000000000000000000000000000000000000
00000000000000000000000000000000000000000000000000000000000000000000000000000000000000000000000000000000000000000000000000000000
00000000000000000000000000000000000000000000000000000000000000000000000000000000000000000000000000000000000000000000000000000000
00000000000000000000000000000000000000000000000000000000000000000000000000000000000000000000000000000000000000000000000000000000
00000000000000000000000000000000000000000000000000000000000000000000000000000000000000000000000000000000000000000000000000000000
00000000000000000000000000000000000000000000000000000000000000000000000000000000000000000000000000000000000000000000000000000000
00000000000000000000000000000000000000000000000000000000000000000000000000000000000000000000000000000000000000000000000000000000
00000000000000000000000000000000000000000000000000000000000000000000000000000000000000000000000000000000000000000000000000000000
00000000000000000000000000000000000000000000000000000000000000000000000000000000000000000000000000000000000000000000000000000000
00000000000000000000000000000000000000000000000000000000000222000022220000000000000000000000000000000000000000000000000000000000
00000000000000000000000000000000000000000000000000000000002333000233332000000000000000000000000000000000000000000000000000000000
00000000000000000000000000000000000000000000000000000000002333000233332000000000000000000000000000000000000000000000000000000000
00000000000000000000000000000000000000000000000000000000002223000232232000000000000000000000000000000000000000000000000000000000
00000000000000000000000000000000000000000000000000000000000023000230032000000000000000000000000000000000000000000000000000000000
00000000000000000000000000000000000000000000000000000000000023000230032000000000000000000000000000000000000000000000000000000000
00000000000000000000000000000000000000000000000000000000000023000230032000000000000000000000000000000000000000000000000000000000
00000000000000000000000000000000000000000000000000000000000023000230032000000000000000000000000000000000000000000000000000000000
00000000000000000000000000000000000000000000000000000000000023000230032000000000000000000000000000000000000000000000000000000000
00000000000000000000000000000000000000000000000000000000000023000230032000000000000000000000000000000000000000000000000000000000
00000000000000000000000000000000000000000000000000000000000023000230032000000000000000000000000000000000000000000000000000000000
00000000000000000000000000000000000000000000000000000000002223000232232000000000000000000000000000000000000000000000000000000000
00000000000000000000000000000000000000000000000000000000002332000233332000000000000000000000000000000000000000000000000000000000
00000000000000000000000000000000000000000000000000000000002332000233332000000000000000000000000000000000000000000000000000000000
00000000000000000000000000000000000000000000000000000000002222000022220000000000000000000000000000000000000000000000000000000000
00000000000000000000000000000000000000000000000000000000000000000000000000000000000000000000000000000000000000000000000000000000
00000000000000000000000000000000000000000000000000000000000000000000000000000000000000000000000000000000000000000000000000000000
