00000011011111111123200000000000000000000000000000000000000000000000000000000000000000000000000000000000000000000000000000000000
00000011111111111233100000000000000000000000000030000000000000003300000033333000000000003000000000003333300000033000000033330000
00000011111111111122100000000000000000000000000330000000000000033000000333333300000000033000000000033333330000333000000333333000
00000111111111111112210000000000000000000000000330000000000000330000003330003330000000033000000000333000333003333000003300003300
00000111111111111112321000000000000000000000003330000000000003300000003300000330000000333000000000330000033000033000033000000330
00000111222111111112332100000000000000000000003330000000000033000000000000000330000000333011100000000000033000033000033000000330
00000011111111121223333200000000000000000000033330000000000333330011111100000330000003333022100000000000033000033000033000000330
00000011111111112322223200000000000000000000330330001000003333333001111110003300000033033022100000000000330000033000033000000330
00000001111112123212222200000000000000000000330330011111003330033300111110333300000033033022100000000033330000033000033000000330
00000001111122112223323100000000000000000003300330111121033300003330111110333300000330033021100000000033330000033000033000000330
00000001111123112332333200000000000000000033300330111222033001100330111110003330003330033021000000000000333000033000033000000330
00000001111113222211223200000000000000000333000330001211033011110330111121100330033300033000000000000000033000033000033000000330
00000000111123322121123210000000000000000333333333301121033001100330000022110330033333333330000000000000033000033000033000000330
00000000111132222221223321000000000000000333333333301221033300003330033002100330033333333330000003300000033000033000033000000330
00000001111121122222222332000000000000000000000330000000003330033300033300003330000000033000000003330000333000033000003300003300
00000000111122112222222231000000000000000000000330110330100333333001003333333300000000033000033000333333330000033000000333333000
00000000111012212322212221000000000000000000000330000330110033330022200033333000000000033000033000003333300000033000000033330000
00000000110011113323101110000000000000000000000000000000111000000222332000000000000000000000000000000000000000000000000000000000
00000000000011122332100000000000000000000000000000000000001221111222222222200000000000000000000000000000000000000000000000000000
00000000000001122321000000000000000000000000000000000000011111111222222222100000000000000000000000000000000000000000000000000000
00000000000000112211000000000000000000000000000000000000011110110112222321000000000000000000000000000000000000000000000000000000
00000000000000001100000000000000000000000000000000000000011110000112123320000000000000000000000000000000000000000000000000000000
00000000000000000000000000000000000000000000000000000000001111111122223321000000000000000000000000000000000000000000000000000000
00000000000000000000000000000000000000000000000000000000001111110012233221000000000000000000000000000000000000000000000000000000
00000000000000000000000000000000000000000000000000000000001111000123232211000000000000000000000000000000000000000000000000000000
00000000000000000000000000000000000000000000000000000000000111000122223210000000000000000000000000000000000000000000000000000000
00000000000000000000000000000000000000000000000000000000000000000132223200000000000000000000000000000000000000000000000000000000
00000000000000000000000000000000000000000000000000000000000000001122223210000000000000000000000000000000000000000000000000000000
00000000000000000000000000000000000000000000000000000000000000001111223200000000000000000000000000000000000000000000000000000000
00000000000000000000000000000000000000000000000000000000000000000111122100000000000000000000000000000000000000000000000000000000
00000000000000000000000000000000000000000000000000000000000000000000112100000000000000000000000000000000000000000000000000000000
00000000000000000000000000000000000000000000000000000000000000000000010000000000000000000000000000000000000000000000000000000000
