10000022000000000000000000000000000000000000000000000000000002212200012100000000000000000000000000000000000000000000000000000000
10333021000000000000000000000000000000000300000000000000210001112310112203333300000000000000000000000000000000000300000000000000
10333022000000000000000000000000000000003030000000000000332222223321222233333330000000000000000000000000000000003030000000000000
10033011000000000000000000000000000000003030000000000000333333333332222233003330000000000000000000000000000000003030000000000000
01033011000000000000000000000000000000003030000000000000333333333333322100033300000000000000000000000000000000003030000000000000
12033012000000000000000000000000000000003030000000000000333333332112333203333000000000000000000000000000000000003030000000000000
12033011000000000000000000000000000000000300000000000000333333331112222233333330000000000000000000000000000000000300000000000000
12033011000000000000000000000000000000000000000000000000333333332222222133333330000000000000000000000000000000000000000000000000
11000011222222211100000233333333333333333332110000013222333333333333333200000000122233333333333333333333310111322221233322332100
11122112222222211100000233333333333333333332110000013212222222222223332111111000122233333322333233333333310011220011233321222100
11211111222222211100000233333333333333333332220000013111111111111211111111111100212233332322332233333333332112121001232221112200
00000001000000000000000000000000000000000000000000000000111110011111100110000000000000000000000000000000000000000000000000000000
03333300000000000000000000000000000000000300000000000000111100011111100100333300000000000000000000000000000000000300000000000000
03333330000000000000000000000000000000003030000000000000011111111111110003333300000000000000000000000000000000003030000000000000
00003330000000000000000000000000000000003030000000000000111111111111110033303300000000000000000000000000000000003030000000000000
00033300000000000000000000000000000000003030000000000000111111111111110033033330000000000000000000000000000000003030000000000000
33000330000000000000000000000000000000003030000000000000111111111110001033333330000000000000000000000000000000003030000000000000
33333330000000000000000000000000000000000300000000000000111111111110101100003300000000000000000000000000000000000300000000000000
03333300000000000000000000000000000000000000000000000000111111111110000101103300000000000000000000000000000000000000000000000000
00000002122333332222222333333333333333333333332222321111111111100000000101100000012211222222222233333333211333332123321000000000
01211111212333333333333333333333333333333333333333331111111221100000001001110100001221112222222233333333210133332113331000000000
11111111212333333333333333333333333333333333333333331111122222101000011011110110001122212222222233332333321013333212332100000000
11111111122333333333333333333333333333333333333333331111122222210000101111111111101322222222222223332333332002333321233200000000
12111111122233333333333333333333333333333333333333332222222221221000101111100111112322222222223233322333333211233332123320000000
01111111112000000000000000000000000000000033333333300032222222222110111111110111100000000000000000011233333000123332123220000000
01211111112033300300000330030003033330333003333333003033322222222111011111110111203330003300300003010133330030122322111100000000
11111111122030030300003003003030030000300303333222033033333332222211011001100112203003030030300003000123220330111111111010111100
11111111122030030300003003000300030000300303333233003033333333333321000000000011103330030030300003000111000030000011111111111100
11211121222033300300003333000300033300333003333233303033333333333331000000000000003003033330300003000000000030000001111111111100
11121111233030000300003003000300030000303003333333303033333333333320000000000000003003030030300003000000000030000000111101111100
01112122233030000333303003000300033330300303333333303033333333333200000000000000003330030030333303333000000030000000001100111000
11122222333000000000000000000000000000000003233333300033332222221000000000000000000000000000000000000000000000000000000000111000
