00000000000000000000000000000000000000000000000000000000000000000000000000000000000000000000000000000000000000000000000000000000
00000000000000000000000000000000000000003333300000000333333333300000333300000000333300000000000333333000000033330000000333333000
00000000000000000000000000000000000000033333330000000333333333302003333330000003333330000000003333333300000333333000003333333300
00000000000000000000000000000000000000333000333000000000000033000033000033000033300333000000003300003300003300003300003300003300
00000000000000000000000000000000000000330000033000000000230033030330033003300330000003300000033000000330033000000330033000000330
00000000000000000000000000000000000000000000033000000013330330030330333303300330000003300000033000000330033000000330033000000330
00000000000000000000000000000000000000000000033000000133300330330330333303300330000003300000033300003330033000000330033300003330
00000000000000000000000000000000000000000000330000000333303300330330333303300330000003300000003333333300033000000330003333333300
00000000000000000000000000000000011100000033330000002333003302230330333303300333000033300000000333333000033000000330000333333000
00000000000000000000000000000000233331000033330000013333033000000330111103300033333333000000003333333300033000000330003333333300
00000000000000000000000000000002333333000000333000023330033032220330110003301003333333000000033330033330033000000330033330033330
00000000000000000000000000000002332233100000033000133330330033330330333203301100003330000000033300003330033000000330033300003330
00000000000000000000000000000002321100000000033000233300330333330330333303303100003300000000033000000330033000000330033000000330
00000000000000000000000000000002221103300000033012333303300333330330033003303100033000000000033000000330033000000330033000000330
00000000000000000000000000000001211103330000333000003003303333330033000033003300330000000000033300003330003300003300033300003330
00000000000000000000000000000000111100333333330003300033003333333003333330033003300000000330003333333300000333333000003333333300
00000000000000000000000000000000001120003333300203300333023333333300333300333033000000000330000333333000000033330000000333333000
00000000000000000000000001222211111122100000002100000000033333333330000003333000000000000000000000000000000000000000000000000000
00000000000000000000000012333321121121112211101113233223333333333333333322333200000000000000000000000000000000000000000000000000
00000000000000000000001231233321111111111110000013233233333332333333333332333200000000000000000000000000000000000000000000000000
00000000000000000000001211222211110000000000001013232233333332333323333332233100000000000000000000000000000000000000000000000000
00000000000000000000000210122210000000000010012112222233333333333323333332232000000000000000000000000000000000000000000000000000
00000000000000000000001210011110010000111121122212222233333333333323333332331000000000000000000000000000000000000000000000000000
00000000000000000000000110000000011111112211222222222223333333333333333332330000000000000000000000000000000000000000000000000000
00000000000000000000000000000000000000000011111111100022333333333332333322320000000000000000000000000000000000000000000000000000
00000000000033300300000330030003033330333000000000003032333333333333333223300000003330003300300003000000000030000000000000000000
00000000000030030300003003003030030000300300000000033022233333333333332233200000003003030030300003000000000330000000000000000000
00000000000030030300003003000300030000300300000000003022223333232223333333100000003330030030300003000000000030000000000000000000
00000000000033300300003333000300033300333000000000003012221232322223333331000000003003033330300003000000000030000000000000000000
00000000000030000300003003000300030000303000000000003000222222222222332210000000003003030030300003000000000030000000000000000000
00000000000030000333303003000300033330300300000000003000012222222222221000000000003330030030333303333000000030000000000000000000
00000000000000000000000000000000000000000000000000000000000011222111000000000000000000000000000000000000000000000000000000000000
