00000000000000000000000000000000000000000010000000000000000000000000000000000000000000000000000000000000000000000000000000000000
00000000001000001111100000001111000000000000100000000001111110000000111100000000111100000000000011110000000011110000000011110000
00000000011100011111110000011111100100000001100000000011111111010001111110000001111110000000000111111000000111111000000111111000
00000000001000111000111000110000110000000001100000000011000011000011000011000011000011000000001100001100001100001100001100001100
00000000000000110000011001100000011000000011100000000110000001100110000001100110000001100001011000000110011000000110011000000110
00000000000000110000011001100000011000000011101000000110000001100110000001100110000001100000011000000110011000000110011000000110
00000000000000000000011001100000011000000111100000000111000011100110100001100110000001100000011000000110011000000110011000000110
00000000001000000000011001100000011000001101100000010011111111000110000001100110000001100000011000000110011000000110011000000110
00000000000000000000110001100000011000001101100000000001111110000110000001100110000001100000011000000110011000000110011000000110
00000000000000000000110001100100011000011001100000000011111111000110000001100110000001100000011000000110011000000110011000000110
00000000000000000001100001100000011000111001100000000111100111100110001001100110000001100000011000000110011000000110011000000110
00000000000000000011000001100000011001110001100000000111000011100110000001100110000001101000011000000110011000000110011000000110
00000000000000000110000001100000011001111111111000100110010001100110000001100110000001100000011000000110011000000110011000000110
00000000000000001100000001100000011001111111111000000110000001100110000001100110010001100000011000000110011000000110011001000110
00000000000000011000000000110000110000000001100000000111000011100011000011000011000011000000001100001100001100001100001100001100
00000000000000111111111000011111100000000001100001100011111111000001111110001001111110000110000111111000000111111000000111111000
00000000000001111111111000001111000000000003300003300003333330000000333300000000333300000330000033330000000033330000000033330000
00000000000000000000000000000000000001000000000000000000000000000000000000000000000000000000000000000000000000000000000000000000
00000000000000000000000000000000000000000010000000000000000000100000001001000000000000000000000000000000000000000000000000000001
00000000000000000000000000000000000000000000000000000000000000000000000000000000000000000000000000000000000000000000000000000000
00000000000000000000000000000000000000000000000000000100000000000000000000000000000001000000000000000000000000000000000000000000
00000000000000000000010000000000000000000000000000000000000000000000000000000100000000000000000000000000000000000000000000000000
00000000000000000000000000000000000000000000000100000000000000000100000000000000000000000000000000000000000000000000000000000000
00000000000000000000000000000000000000000000000000000000100000100000000000000000000000000000000000000000000000000000000000000000
00000000000000000000000000000000000000000000000000000001000000000000001000000000000000000000000000000000000000000000000000000000
00000000000033300300000330030003033330333000000000003000000000000000000000000000003330003300300003000000000330000000000000000000
00000000000030030300003003003030030000300300000000033000000000000100000000100000003003030030300003000000003003000000000000000000
00000000000030030300003003000300030000300300000000003000001000010000000000000000003330030030300003000000000003000000000000000000
00000000000033300300003333000300033300333000000100003000000000000000000000000000003003033330300003000000000330000000000000000000
00000000000030000300003003000300030000303000000000003000000000000000000000000000003003030030300003000000003000000000000000000000
01000000000030000333303003000300033330300300000000003000000000000000000100000000003330030030333303333000003333000000000000000000
11100000000000000000000000000000000000000000000000000000000000000000100000000000000000000000000000000000000000000000000000000000
