10000000000000000000000000000000000000000000000000000000123322110132231133321111111112233332223333333223332223333333331000000000
10333000000000000000030003000300000003000300030000000000123322111021221013321111111111123332232333333323322223333333332000000000
10333000000000000000303030303030000030303030300000000000113222212200011102320001111111112333222333333332222223333333333100000000
10033000000000000000003030303030000030303030303000000000112332211210110000110001111111111233222333333333222333333333333200000000
12033001000000000000030030303030000030303030333000000000111233210120110001011101001111111123322233333333222222333333333310000000
13033000000000000000300030303030000030303030003000000000101123321110000010000000000101011112332223333333222222333333333320000000
13033000000000000000333003000300030003000300003000000000111112332221111000100000000000000111332222333333332222333333333330000000
13033000000000000000000000000000000000000000000000000000101111233322222110101120000000000111233222233333332222233333333331000000
13000000110000100001111123333333333333333333333333333333200011112333333332212332000000000011123312223333333222223333333331000000
12111100011010100101111123333333333333333333333333333333200011011133333333333333321000000011123322223333333222223333333332000000
12111000011000000000001123333333333333333332233333223333200001110133333333333333332000000000112321223333333222223333333333000000
12111000011000000001000023333333333333332211122332112333200011010133333333333333333100000001112331223333333222223333333333100000
12111000111001110011111023333333333333322211111222222333100001100133333333222223333200000001012332123333333322223333333333100000
11111100111001100011111123333333333333221211222222223332110000100133333333121222233200000001011232122333333322233333333333100000
01111111100000000000000011111111111112222211111221112210011101100122233332122222222000000000011232122333333322223333333333200000
01111011111000000000000111111111112222222210111111111111111111111112333321111111000000000000111233122333333322223333333333200000
12111111110000001111112222222222222222222222222222222222222222222233333320011100000000000000111232122333333322223333333333100000
12222221111111112222222222222222222233322322323333332333333333333333333211111100000000000001111233122333333322223333333333100000
12222222222221222222222223223322233233323223333332333333333333333333332111111000000000000000111233112333333322223333333333100000
12222222222222222222332223323223333333333333333333333332333223323332221111110000000000000000001233112333333322223333333333100000
12322222222222222222323233332223322333333333333333322333332233322332111000000000000000000010011232122333333322223333333333000000
13222222222222222222233332333222222222333222221111111333333333333332110000000000000000000000011232112333333322222333333332000000
12222222222322222333333333333333333333333200000000001333333333333333321100000000000000000010101331112333333322222333333331000000
11111111123333322333333333323333333333333320000000000133333333333333332100000000000000000000001321222333333222223333333331000000
00000000012000000000000000000000000000000031000110000023333333333333333320000000000000000000000000022333330000223333333320000000
00000000002033300300000330030003033330333002000011003013333333333333333332000000003330003300300003023333300330022333333320000000
00000000001030030300003003003030030000300303100000033002333333333333333333100000003003030030300003023333303003022333333310000000
00000000000030030300003003000300030000300303320010003001333333333333333333200000003330030030300003023333200003023333333200000000
00010000000033300300003333000300033300333003331000103000233333333333333333310000003003033330300003033333200330033323333100000000
00111000000030000300003003000300030000303003332010003000123333333333333333331000003003030030300003000032203000033333332000000000
01111000000030000333303003000300033330300303333201003000013333333333333333331000003330030030333303333032203333033333331000000000
01110010000000000000000000000000000000000003333311100000012333333333333333310000000000000000000000000022200000033333320000000000
