00000000000000000000000000000000000000000000000000000000000000000000000000000000000000000000000000000000000000000000000000000000
00000000000000000000000000000000000000000000000000000000000000000000000000000000000000000000000000000000000000000000000000000000
00000000000000000033333300033000033003300003303333333303300003300003330000003333000033000033333000033000033000000000000000000000
00000000000000000031111110031100031103110003113111111113110003110003111000033111100031100331111100031100003300003300003300003300
00000000000000000000000001000000330000000000330000010330000003300330000003300330000003300000033000000330033000000330033000000330
00000000000000000000000000100003300000000003300000100330000003300330000003300330000003300000033000000330033000000330033000000330
00000000000000000000000000000003300000000003300000000333000033300330000003300330100003300000033000000330033000000330033000000330
00000000000000000000000000000033000000000033000000000033333333000330010003300330010003300000033000000330033000000330033000000330
00000000000000000000000000000033000000000033000000000003333330000330000003300330100003300000033000000330033000000330033001000330
00000000000000000000000000000330000000000330000000000033333333000330000003300330000003300000033000000330033000000330033011100330
00000000000000000000000000000330000000000330000000000333300333300330000003300330000003300010033000000330033000000330033001000330
00000000000101000000000000003300000000003300000000000333000033300330001003300330000003300100033000000330033000000330033000000330
00000000000010000000000000003300000000003300000000000330000003300330000003300330000003300000033000000330033000000330033000000330
00000000000000000000000000033000000010033000000000000330000003300330000003300330000003300000033000000330033000000330033000000330
00000000000000000000000000033000000000033000000000000333000033300033000033000033000033000000003300003300003300003300003300003300
00000000000000000000000000330000000000330000000003300033333333000003333330001003333330000330000333333000000333333000000333333000
00000000000000000000000003330000000003330000000003300003333330000000333300000000333300000330000033330000000033330000000033330000
00000000000000000000000000000000000000000000000000000000000000000000000000000000000000000000001000000000000000000000000000000000
00000000000000000000000000000000000000000000000000000000000000000000001000100000010000000000000000000000000000000000000000000000
00000000000000000000000000000000100000000000100000000000100100000000100000000000000000000000000000000000000000000000000000000000
00000000000000000000000000000001000000000000010000000000000000000000000000000000010000000000000000000000000000000000000000000000
00000000000000000000000000000000100000000000000000000000000000000000000000000000000000000000000000000000000000000000000000000000
00000000100000000000000000000000000000000000000000000000000000000000000000000000000000000000000000000000000000000000000000000000
00000001110000000000000000000000000000000000000000000000010000010000000000000000000000000000000000000000000000000000000000000000
00000000100000000000000000000000000000000000000000000000000000000000000010000000000000000000000000000000000000000000000000000000
00000000000000330300300330003300333000330033300000003000000000000000000100000000100333000330030000033000000030000000000000000000
00000000000000030300303003030030300303003030030000033000000000010000000000000000010300303003030000300300000330000000000000000000
00000000000000030300303000030030300303003030030000003010000000001000000000000000000333003003030000300300000030000000000000000000
00000000000000030300303033033330300303003033330000003011000000000000000000010000000300303003030000333300000030000000000000000000
00000000000030030300303003030030300303003030300000003010000000000000000000001000000300303003030000300300000030000000000000000000
00000000000003300033000330030030333000330030030000003000000000000000000000000000000333000330033330300301000030000000000000000000
00000000000000000000000000000000000000000000000000000000000000000000000000000000000000000000000000000010000000000010000000000000
