11111111111100011111111111111110011111100000001111111110000000011110000001111110000000111111111000000011111000000001111111100001
11111111111111111111111111111110001111003333300111111100333333011100333300111100333330011111110033333001110033333301111111003301
11111111111111111111111111111111101110033333330011111103333333011003333330011003333333001111100333333300110333333301111110033001
11111111111111111111111111111111100000333000333011111103300000010033000033001033300033301111103330003330110330000001111100330011
11111111111111111111111111111111000000330010033011111103301121110330011003301033001003301111103300100330110330011111101003300111
11111111111111111110011111111110000000330111033011111003300000110330111103301000011103301111103301110330100330000011000033000111
11111111111111111102210011111110000000000111033011111033333330110330111103301111111003301111100001110330103333333010000333330011
11111111111111111033333201111111110001111110033011111033333330010330111103301111100033001111111101100330103333333000003333333001
11111111101111111133322331111111111100101110330011111033000033000330111103301111103333011111111001103300103300003300003330033300
10011111101110110233332233111111111110101100330111111000011003300330101103301111103333001111111101003301100001100330033300003330
00111111111110001332333233301111111000000003300111111111111103300330101103301111100033301111111100033001111111110330033001100330
01111111112110011231233233320111111000000033001111111111111103300330111103301111111003301111111100330010001211110330033011110330
01111111112211001231233223331111111100000330011111111000011003300330111103300000111103301111111003300210000011100330033001100330
00111111001111000133333333332001111111003300011111110030000033000330011003300330011003301111110033002211003001003300033300003330
10111111001111000023333333333100111110033000000000000333000333010033000033000333000033300000100330000000033300033301003330033300
11111111111111000013323331233200001100333333333003300033333330011003333330010033333333000330003333333330003333333001100333333001
11111111111110100012312331223200000003333333333003300003333300011000333300111000333330010330033333333330100333330011110033330011
11111111111110100000233332223300000000000000000000000000000000011000000001111000000000110000000000000000110000000111111000000111
11111111111101110000033333323200000000000000000000100001000000000000000111111111100111111110111111111111111111111111111101111000
11111111111100111010022333333100000000000000000000010000100000000000000001111111100001111110111111111111111111111110110001101000
11111111111100022110022333221000000000000000000000000000000000000000000001111111100000011110001111111111111111011100100000010000
11111111110012112210023332000000000000000000000000000000000000000000000000111111100000001010000100111111001110001100100000000000
11111111101122110110022320000000000000000000000000000000010000000000000000001111110000000000000101011110000111001100000000000000
00111111012221001111000000000000000000000000000000000000000000000000000000000100011000000000000001101111111111011100000000000000
00111111022200000000000000000000000000000000000000000000000000000000000000000000001000000000000000000011110000011100000000000000
10111111022000330300300330003300333000330033300000003000000000000000000000000000000333000330030000033001100330001110000000000000
11111111101000030300303003030030300303003030030000033000000000000000000000000000000300303003030000300301103003011110000000000000
10012211000000030300303000030030300303003030030000003000000000000000000000000000000333003003030000300300000003011110000000000000
10002221000000030300303033033330300303003033330000003000000000000000000000000000000300303003030000333300000330011100001111000000
00001211100030030300303003030030300303003030300000003000000000000000000000000000000300303003030000300300003000011100011111100000
10000111110003300033000330030030333000330030030000003000000000000000000000000000000333000330033330300300003333011100101111100000
10000111111000000000000000000000000000000000000000000000000000000000000000000000000000000000000000000010000000001111000010000001
