21111111111111111111111111111111111111111111111111111111111111012221011110000011100000112000001110000011100000111111111111111100
11111111111111111111111111111111111111111111111111111111111110123322000100333001103330011033300100333011103330011111000111111110
11111111111111111111111111111111111111111111111111111111111111333222030003000301100003011000030103000011100003011111030111111110
11111111112221111111111111111111111111111111111111111111111102333322030203000301111103011111030103011111111103011111030111111111
11111111111121111111111111111111111111111111111111111111111103333332030303000301100003011111030103000011111103011111030111111111
11111111100022111111111111111111111111111111111111111111111113322332000200000002003330011111000100333001111100011111000111111111
11111111000012111111111111111111111111111111111111111111110023322333030203000301030000111111030110000301111103011111030111111111
11111111100002111111111111111111111111111111111111111111101123322333030203000301030111111111030111110300111103011111030111111111
11111111100001111111111111111111111111111111111111111111011123322233030203000301030000111111030110000300111103011111030111111111
11111111111011111111100111111111111111111111111111111111001113321233000000333001003330111111000010333001111100011111000111111111
11111111111111111111100111111111111111111111111111111111000112312223303020000001100000111111103010000011211111111111111111111111
11111111111111111111111111111111111111111111111111111112000002322233300033233311111111111111100011111111221111111111111111111111
11111111111111111111111111111111111111111111111111111111000000333333333333223320111111111111111111111100111111111111111111111110
11111110001111111111111111111111111111111111111111111111000000233333333322222331111111111111111111111100111111111111111111111111
11111100001111111111111111111111111111111111111111111111000000133333333311222232011111111111111111111111111111111111111111111111
11111111111111111111111111111111111111111111111111111110000000023312233320222233011111111111111111111111111111111111111111111110
01111111111111111111111111111111111111111111111111111101000000013321223331122233011111111111111111111111111111111111111111111110
11111111111111111111111111111111111111111111111111111101100000001332223332122233111111111111111111111111111111111111111111111110
11111111111111111111111111111111101111111111111111111101100000000133212333222233111111111111111111111111111111011111111111111110
11111111111111111111111111111112111111111111111111111001110000000023322333322233111111111111111111111111111111111111111110111110
11111111111111100112221111000012211111111111111111111011111000000002333333332233011111111111111111111111111111111111111100111111
11111111111121100011221211000002211111111111111111111000111100000001133333333331111111111111111111111111111111111111111100111111
11111111112222100000122211100001111111111111111111121000011110000011222333333310111111111111111111111111111111111111111101111111
11111111112221100000011111110000111111111111111111110010011220000011222222110011111111111111111111111111111111110000000000000000
00000000000000000000000000000000000000000000000000000000000000000000001000000000000000000000000000000000000000000000000001000000
00000000000033300300000330030003033330333000000000003000000000000000000000000000003330003300300003000000000030000000000000000000
00000000000030030300003003003030030000300300000000033000000000000010000000100000003003030030300003000000000330000000000000000000
00000000000030030300003003000300030000300300000000003000010000100000000000000000003330030030300003000000000030000000000000000000
00100000000033300300003333000300033300333000000000003000000000000000000000000000003003033330300003000000000030000000000000000000
01110000000030000300003003000300030000303000000100003000000000000000000100000000003003030030300003000000000030001000000000000000
00100000000030000333303003000300033330300300000000003000000000000000000000000001003330030030333303333000000030000000000000000000
00000000000000000000000000000000000000000000000000000010000010000001000000000000000000000000000000000000000000000000000010000000
