12211010012211100112333211110000111111232222200100022122101110000111123332233333333212222223333333333333232222333333333320000000
12222121122222221123333221110000111111232222200000111112200110000111123322113333233311111122233322233333333232223333333331000000
13333332322223333333333332110000111111123222200000112111000111100111123321111222013310011111123332223333333232222333333332000000
13333333333333333333333333211000111111112332210000110000000111000111113222111001002310001111111232222333333332222333333333200000
13333333333333333333333333332111111111112233321110022100000100000111111322102001000110001111111123322223333332222223333333300000
12333333323333333333333333333210111111111123333222133211000011012101111232211101001100000011111112332222333332222233333333320000
13333333333333333333333333333310011111111111223332223222210023223200010123221110001100000011111111332222333333222223333333320000
13333333322222233332333333333310011101111011112333333333331233333321110112222211100000000000000011233222333333322332333333330000
13333332221111222222333333333310111101111111111333333333333333333333321111133333321111210000000011123322233333322223333333331000
13333332211110111122222233333310111100010111111333333333333333333333331011111233333323332100000011113321233333332223333333332000
13333332222211222222222223333310101101001111111333333333333333333333331001110233333333333320000000112331223333332222333333333000
12222222222222333000000000000000000000000000000333333333333212233212332000110233333333333331000000111332223333332222333333333100
11111111222222320033300333330033300333300333330333333333322111122222332000000233333332233332100000101332123333333222233333333100
01011112212222220300030003000300030300030003000233333333321112122222332000000233333311122333200000011232122333332222333333333100
11122222122222220300000003000300030300030003000111111222211111111111111001111133332211222220000000011233122333333223333333333200
12222222222222220033300003000300030333300003002122222333321111111111111111112233331111110000000000111133122333333222333333333200
12222222222222220000030003000333330303000003003222223333322222232222222222233333321111000000000000111133122333333222233333333200
12222222222212220000030003000300030300300003003323333333333333333333333333333333211111000000000000101133122333333222333333333100
12222222222222220300030003000300030300030003003333333333333333333333333333333333111110000000000000001133122333333222223333333100
12222222222222220033300003000300030300003003002233233332233323333333333333333221001000000000000000000132122333333222233333333100
12222222222222222000000000000000000000000000002332233333222212211333333333333210000000000000000000100232112333332222233333333000
12223322223232322332322222222223332333333333333333333333200000100233333333333321000000000000000000001231123333332222233333332000
13333322333222332222211111001011333333333333333333333333310000000123333333333332200000000000000000011231123333332222233333332000
13333333333333332000000000000000233333333333333333333333321000000013333333333333320000000000000000011321223333322222333333331000
13333333333300000000000000000000000000000000003333300033332100000102333333333333331000000000000000000011223000222222333333320000
13332233333000330300300330003300333000330033300333003033333200000001333333333333330333000330030000033002220030222222333333310000
13333333333000030300303003030030300303003030030333033033333310000000233333333333330300303003030000300302230330222222333333310000
13333333333000030300303000030030300303003030030333003033333321000000023333333333330333003003030000300302230030222222333333200000
12233333333000030300303033033330300303003033330333303033333332100000013333333333330300303003030000333302333030222222333332100000
13333333333030030300303003030030300303003030300333303033333333210000012333333333330300303003030000300302333030222223333331000000
13333333333003300033000330030030333000330030030333303033333333310000001233333333330333000330033330300303332030222223333320000000
13333333333300000000000000000000000000000000003333300033333333320000001233332222221000000000000000000033332000222223333200000000
