00000000000000001100000000111100001111101100011001111110000000000111111011111110011111000111111000000000000000000000000000000000
00000000000000001100000000111100011111101100011001111110000000000111111011111110111111100111111000000000000000000000000000000000
00000000000000001100000000011000111000001100011000011000000000000001100011000000111000000001100000000000000000000000000000000000
00000000000000001100000000011000110011101111111000011000000000000001100011111000011111000001100000000000000000000000000000000000
01111100000000001100000000011000111001101111111000011000000000000001100011000000000011100001100000000000011111000000000000000000
00000000000000001111110000111100011111101100011000011000000000000001100011111110111111100001100000000000000000000000000000000000
00000000000000001111110000111100001111101100011000011000000000000001100011111110011111000001100000000000000000000000000000000000
00000000000000000000000000000000000000000000000000000000000000000000000000000000000000000000000000000000000000000000000000000000
00000000000000000000000000000000000000000000000000000000000000000000000000000000000000000000000000000000000000000000000000000000
00000000000000000000000000000000000000000000000000000000000000000000000000000000000000000000000000000000000000000000000000000000
00000000000000000000000000000000000000000000000000000000000000000000000000000000000000000000000000000000000000000000000000000000
00000000000000000000000000000000000000000000000000000000000000000000000000000000000000000000000000000000000000000000000000000000
00000000000000000000000000000000000000000000000000000000000000000000000000000000000000000000000000000000000000000000000000000000
00000000000000000000000000000000000000000000000000000000000000000000000000000000000000000000000000000000000000000000000000000000
00000000000000000000000000000000000000000000000000000000000000000000000000000000000000000000000000000000000000000000000000000000
00000000000000000000000000000000000000000000000000000000000000000000000000000000000000000000000000000000000000000000000000000000
11000000001111000011111011000110011111100000000001111110111111100111110001111110000000000111110000000000000000000000000000000000
11000000001111000111111011000110011111100000000001111110111111101111111001111110000000001111111000000000000000000000000000000000
11000000000110001110000011000110000110000000000000011000110000001110000000011000000000001100111000000000000000000000000000000000
11000000000110001100111011111110000110000000000000011000111110000111110000011000000000000001110000000000000000000000000000000000
11000000000110001110011011111110000110000000000000011000110000000000111000011000000000000111100000000000000000000000000000000000
11111100001111000111111011000110000110000000000000011000111111101111111000011000000000001111111000000000000000000000000000000000
11111100001111000011111011000110000110000000000000011000111111100111110000011000000000001111111000000000000000000000000000000000
00000000000000000000000000000000000000000000000000000000000000000000000000000000000000000000000000000000000000000000000000000000
11000000001111000011111011000110011111100000000001111110111111100111110001111110000000000111110000000000000000000000000000000000
11000000001111000111111011000110011111100000000001111110111111101111111001111110000000000111111000000000000000000000000000000000
11000000000110001110000011000110000110000000000000011000110000001110000000011000000000000000111000000000000000000000000000000000
11000000000110001100111011111110000110000000000000011000111110000111110000011000000000000001110000000000000000000000000000000000
11000000000110001110011011111110000110000000000000011000110000000000111000011000000000001100011000000000000000000000000000000000
11111100001111000111111011000110000110000000000000011000111111101111111000011000000000001111111000000000000000000000000000000000
11111100001111000011111011000110000110000000000000011000111111100111110000011000000000000111110000000000000000000000000000000000
00000000000000000000000000000000000000000000000000000000000000000000000000000000000000000000000000000000000000000000000000000000
