00000000000000000000000000000000000000000000000000000000000000000000000000000000000000000000000000000000000000000000000000000000
00000000000000000000000330000000333330000000333333000000000033330000000000003000000033330000000000003333000000033000000033333300
00000000000000000000003330000003333333000003333333000000000333333000000000033000000333333000000000033333300000333000000333333300
00000000000000000000033330000033300033300003300000000000003300003300000000033000003300003300000000333003330003333000000330000000
00000000000000000000000330000033000003300003300000000000033000000330000000333000033000000330000003300000033000033000000330000000
00001000000000000000000330000033000003300003300000000100033000000330000000333000033000000330000003300000033000033000000330000000
00011100000000000000000330000000000003300033333330001000033000000330000003333000033000000330000003300000033000033000003333333000
00001000000000000000000330000000100003300033333330000000033001000330000033033000033000000330000003300000033000033000003333333000
00000000000000000000000330000000000033000033000033000000033010000330000033033000033000000330000003330000333000033000003300003300
00000000000000000000000330000000000033000000000003300000033000000330000330033000033000000330000000333333330000033000000000000330
00000000000000000000000330000000000330000000000003300000033000000330003330033000033000000330000000033333330001033000000000000330
00000000000000000000010330000000003300000000000003300001033000000330033300033000033001000330000000000033300000033000000000000330
00000000000000000000000330000000033000000000000003300010033000000330033333333330033000000330000000000033000000033000000000000330
00000000000000000000000330000000330000000030000033000000033001000330033333333330033000000330000000100330000000033000003000003300
00000000000000000000000330000003300000000333000333000000003300003300000000033000003300003300000000003300000000033000033300033300
00000000000000000000000330000033333333300033333330000330000333333000001000033000000333333000033000033000000000033000003333333000
00000000000000000000000330000333333333300003333300000330000033330000000000033000000033330000033000330000000000033000000333330000
00000000000000000000000000000000000000000000000000000000000000000000000010000000000000000000000000000000000000000000000000000000
00010000000000000000000000000000000001000000000100000000010000100010001000000010000000000000000000000000000000000000000000010000
00001000000000000000000000000000000000000000000010000000001000000000100000000000000000000000000000000000000000000000000000000000
00000000000000000000000000000000000000000000000000000000000000000000000000000000000000000000000000000000000000000000000000000000
00000000000000000100000000000000000000000000000000000000000000000000000000000000000000000000000000000000000000000000000000000000
00000000000000000010000000000000000000000000000000000000000000000000001000000100000100000000000000000000000000000000000000000000
00000000000000000000000000100000000000000000000000000000000000010000000000001000000010000000000000000000000000000000000000000000
00000000000000000000000000000000000000000000000000000000000000100000000000000000000000000000000000000000000000000000000000000000
00000000000033300300000330030003033330333000000010003000100000000000000001000000003330003300300003000000000330000000000000000000
00000000000030030300003003003030030000300300000100033001000000000000000010000000003003030030300003000000103003000000000000000000
00000000000030030300003003000300030000300300000000003000000000000000000000000000003330030030300003000001100003000000000000000000
00000000000033300300003333000300033300333000000000003000000000000000000000000000003003033330300003000000100330000000000000000000
00000000000030000300003003000300030000303000000000003000000000000000100000000000003003030030300003000000003000000000000000000000
00000000000030000333303003000300033330300300000000003000000000000001000000000000003330030030333303333000003333000000000000000000
00000000000000000000000000000000000000000000000000000000000000000000000000000000000000000000000000000000000000000000000000000000
