00000000000000010000000000000000000000000000000000000000000000000000000000001000000000000000000000000001110000000000000000000000
00000000000000111003300000003333300000003333330000000000333330000000333300000000333330000000000033330000100033333000000000003300
00000000000000010033300000033333330000033333330000000003333333000003333330000003333333000000000333333000000333333300000000033000
00000000000000000333300000333000333000033000000000000033300033300033000033000033300033300000003300003300003330003330000000330000
00000000000000000003300000330000033000033000000000001033000003300330000003300033000003300000033000000330003300000330000003300000
00000000000000000003300000330000033000033000000000011000000003300330000003300033000003300000033000000330003300000330000033000000
00000000000000000003300000000000033000333333300000001000000003300330000003300000000003300000033000000330000000000330000333330000
00000000000000000003300000000000033000333333300000000000000033000330000003300010000003300000033000000330000000000330003333333000
00000000000000000003300000000000330000330000330000000000003333000330000003300001000033000000033000000330000000003300003330033300
00000000000000000003300000000000330000000000033000000000003333000330000003300000000033000000033000000330000000003300033300003330
00000000000000000003300000000003300000000000033000000000000033300330000003300000000330000000033000000330000000033000033000000330
00000000000000001003300000000033000000000000033000000010000003300330000003300000003300000100033000000330000000330000033000000330
00000000000000010003300000000330000000000000033000000000010003300330000003300000033000000000033000000330000003300000033000000330
00000000000000000003300000003300000000300000330000000330000003300330010003300000330000000000033000000330000033000000033300003330
00000000000000000003300000033000000003330003330000000333000033300033000033000003300000000000003300003300100330000000003330033300
00000000000000000003300000333333333000333333300003300033333333000003333330000033333333300330000333333000003333333330000333333000
00000000000000000003300003333333333000033333000003300000333330000000333300000333333333300330000033330000033333333330000033330000
00000000000000000000000000000000000000000000000000000000000000000000000000000000000000000000100000000000000000000000000000000000
00000000000000000000000000000000000000000000000000000000000000000001000000000000100000000000000000000000000000000000000000000000
00000000000000000000000000000000010000000000001000000000010000010000000000000001000000000000000000000000000000000000000000000000
00000000000000000000000000000000001000000000010000000000000000000000010000000000000000000000000000000000000000000000000000000000
00000000000000000000000000000000000000000000000000000000000000000000000000000000000000000000000000000000000000000000000000000000
00000000000100000000000000000000000000000000000000000000000000000000000000000000000000000000000000000000000000000000000000000000
00000000000010000000000000000000000000000000000000000000000000000000000100000000000000010000000000000000000000000000000000000000
00000000000000000000000000000000000000000000000000000000000000000000001000000000000000000000000000000000000000000000000000000000
00000000000000330300300330003300333000330033300000003000000000101000000000000001000333000330030000033000000330000000000000000000
00000000000000030300303003030030300303003030030000033010000000000000000000000000000300303003030000300300003003000000000000000000
00000000000000030300303000030030300303003030030000003011000000000000000000010000000333003003030000300300000003000000000000000000
00000000000000030300303033033330300303003033330100003010000000000000000000100000000300303003030000333300000330000000000000000000
00000000000030030300303003030030300303003030300000003000000000000000000000000000000300303003030000300300003000010000000000000000
00000000000003300033000330030030333000330030030000003000000000000000000000000000000333000330033330300300003333000000000000000000
00000000000000000000000000000000000000000000000000000000000000000000000000000000000000000000000000000000000000000000000000000000
