12233333223333333210000001111123222221100122110000012210010002111232321123333333200011110000012232333333333333333233333333310000
12233333333333332321000001111112322222210011010000011101010001111232210002222233311112332111122333333333333333333223333333331000
13233333333333333332211011111111233333211232110000011101010001111132220000000013200112333333333322223333223333333322233333332100
12233333333333333333332100101111112333322333321111011111220001111123221000000011100111332223333311112223322333333322222333333200
12233332333333333333333200001111111223333333333222122222332001111113222000010010001111332112322310111112222223333332222333333200
12233223333333333333333200000101111113333333333333333333333211111112322000010000001011232111111220011111133223333332222333333200
12233223333333333333333200010100101113333333333333333333333332211111233211011000000011123112100120011111122222233333222333333200
12222222222333333333333200011110001113333333333333333333333333320111112332222110011211113211100120001101123322333333222333333200
13333333222100000000000010023333333333333333333333333333331001111111233333322233322111222221101010000001112322233333222333333300
13333333222100000000000000023333333333333332221122223333320001111101133333333333333221112322221121000000111332233333322333333300
12222222221100000011111101023333333333333332221122122222330001111111133333333333333331011133333332210000011232223333322233333200
01111111111000000001111111122233323333333333332232233333320000001110133333333323332331000033333333321000011132123333332233333200
01111101110111000001111111111111111111122223322222222222210111111111133333333211222232100023333333332100011123122333332233333200
01111111111111110000001111111111111112222223321111111111111111111111123333332212222233200133333222333200001123212333332223333300
12212222222222222122222212222222222222222233331111111111110001011011112332111111111111111233333122321000001013212333332223333300
12222222322222222222222222222222222222222233332222222221111011122222223333212222111111112333111110000000010013212333332223333200
12222222222222222222222222222222222222222223233333332232222223333333333333333333323333333332111100000000011013212333332223333300
12222222222222222222222232222222333223223232333333333333333233333333333333333333333333333331111000000000000113312333332223333200
12222222222222322222323333322222322223323333333333333333333333333333333333333333333333333321110000000000000013212333332222333300
12222222222223232222223333322233332332333333333333333333333333333333333322222223333333332210000000000000000013212333332222333300
12222222222222333333333333333333323333333232222222121223333333333333333320000012333333332210000000000000011023212333332222333200
12222222222222333333333333333333333333333333100000000012333333333333333332000001333333333310000000000000001123122333322222333200
12211111111111233333333333333333333333333333200000000001333333333333333333200000233333333332000000000000000123112333322223333300
00000000000000133333333333333333333333333333320000100000133333333333333333310000123333333333100000000000000132122333322233333200
00000000000000000000000000000000000000000033331000000000023333333333333333321000000000000000000000000000001000223333222223333200
00000000000033300300000330030003033330333003332100003000012333333333333333332100103330003300300003000000000030223332222223333200
00000000000030030300003003003030030000300303333200033000102333333333333333333200003003030030300003000000010330233332222223333200
00000000000030030300003003000300030000300303333320003000001233333333333333333310003330030030300003000000120030333322222223333200
00000011000033300300003333000300033300333003333321003000011123333333333333333320003003033330300003000001222030333222222223333100
00000011000030000300003003000300030000303003333332103000111113333333333333333320003003030030300003000012222030332222222233331000
00000100000030000333303003000300033330300303333333203010111112333333333333333210003330030030333303333022222030222222222333320000
11001100011000000000000000000000000000000003333333300010111112333333333333322100000000000000000000000022122000222222222232200000
