00000000000000000000000000000000000000000000000000000000000000000000000000000000000000000000000000000000000000000000000000000000
00000000000333330000300000000000000000000000000000000000000000000000000000000000033300000000000000000000000003333333000000000000
00000000033001113300301000000000000000000000000000000000000000000000000000000000333331000000000000000000000000033333110000000000
00000000330110000333301000000000000000000000000000000000000000000000000000000000333331100000000000000000000000033333110000000000
00000000331100000033311000000000000000000000000000000000000000000000000000000000333331100000000000000000000000033333110000000000
00000003331100000003311000000000000000000000000000000000000000000000000000000000033311100000000000000000000000033333110000000000
00000003333100000000311000000000000000000000000000000000000000000000000000000000000111000000000000000000000000033333110000000000
00000003333310000000301000000000000000000000000000000000000000000000000000000000000000000000000000000000333333300000113333333333
33333330000000333333331330000000300000333333333330000033333333333330000003333300000003333333330000003333333333300000113333333333
33333333000000003333333333300000000000013333333300011000333333333000310000133333000001133333003310000033333333300000113333333333
33333333000000000033333333300000011000001333333000011300013333330001113000013333000001133330001133000001333333300000113333333333
33333333300000000000333333300000111300001133330000111300011333300001133000011333000001133300001133000001133333300000113333333333
33333333330000000000013333300000113300000133330000113300001333300001133000111333000001133300001133000001133333300000113333333333
33333333333300000000011333300000113300000113300000113300001133000001133331113333000001133330001133000001133333300000113333333333
33333333333333000000001333300000113300000113300000000000001133000001133333333333000001133333311100000001133333300000113333333333
33333330333333330000001133300000113300000113300000111111111133000001133333333333000001133333330033000001133333300000113333333333
33333330313333333300001133300000113300000113300000113333333333000001133333333333000001133333000311000001133333300000113333333333
33333330013333333330001133300000113300000113300000113333333333000000133333333333000001133330000113000001133333300000113333333333
33333330011333333330001133300000113300000113300000013333333333000000113333333333000001133300000113000001133333300000113333333333
33333330001333333330011133300000113300001113330000011333303333300000013333033333000001133300000113000001133333300000113333333333
33333330000133333300311333300000113300001133330000001333033133330000001330331333000001133300000110000001133333300000113333333333
33333330011003333003113333300000013000011133333000000000331333333000000003313333000001133300000003000000033333300000113333333333
33333330311330000031133333300000100000111333333330000011113333333300000111133300000000033330000111100001111330000000003333333333
33333333313333311111333333300000113111113333333333311111333333333333111113333333111111111333311113333111133333311111111133333333
33333333333333333333333333300000113333333333333333333333333333333333333333333333333333333333333333333333333333333333333333333333
33333333333333333333333333300000113333333333333333333333333333333333333333333333333333333333333333333333333333333333333333333333
33333333333333333333333333300000113333333333333333333333333333333333333333333333333333333333333333333333333333333333333333333333
33333333333333333333333333300000113333333333333333333333333333333333333333333333333333333333333333333333333333333333333333333333
33333333333333333333333333300000113333333333333333333333333333333333333333333333333333333333333333333333333333333333333333333333
33333333333333333333333330000000003333333333333333333333333333333333333333333333333333333333333333333333333333333333333333333333
33333333333333333333333333311111111133333333333333333333333333333333333333333333333333333333333333333333333333333333333333333333
33333333333333333333333333333333333333333333333333333333333333333333333333333333333333333333333333333333333333333333333333333333
