00000000000000000000000000000000000000000000000000000000000000000000000000000000000000000000000000000000000000000000000000000000
00000000000000000000000000000000000000000000000000000000000000000033300000000000000000000033300000333000003330000033300000000000
00000000000000000000000000000000000000000000000000000000000000000000030003000302030003000000030000000300030000000300000000000000
00000000000000000000000000000000000000000000000000000000000000000000030003030302030103000000030000000300030000000300000000000000
00000000000000000000000000000000000000000000000000000000000000000000030103000302030003000000030000000300030000000300000000000000
00000000000000000000000000000000000000000000000000000000000000000033300300333001003330010000000000000000003330000033300000000000
00000000000000000000000000000000000000000000000000000000000000000000030330000301100003011000030000000300000003000000030000000000
00000000000000000000000000000000000000000000000000000000000000000002030332110301122203011100030000000300000003000000030000000000
00000000000000000000000000000000000000000000000000000000000000000000030331110301121203011110030000000300000003000000030000000000
00000000000000000000000000000000000000000000000000000000000000000033300031110001122200011111000000000000003330000033300000000000
00000000000000000000000000000000000000000000000000000000000000000000003031111111122221221111003000000000000000000000000000000000
00000000000000000000000000000000000000000000000000000000000000000022200031111111122322221121000000000000000000000000000000000000
00000000000000000000000000000000000000000000000000000000000000000033333331111111133322221111100000000000000000000000000000000000
00000000000000000000000000000000000000000000000000000000000000000133333332111111133322221121110000000000000000000000000000000000
00000000000000000000000000000000000000000000000000000000000000000233333332111111233332321111110000000000000000000000000000000000
00000000000000000000000000000000000000000000000000000000000000001233332233211112333333221121110000000000000000000000000000000000
00000000000000000000000000000000000000000000000000000000000000001233332233311133333333211111110000000000000000000000000000000000
00000000000000000000000000000000000000000000000000000000000000001333332233333333333333311111110000000000000000000000000000000000
00000000000000000000000000000000000000000000000000000000000000000333332223322333333333311111110000000000000000000000000000000000
00000000000000000000000000000000000000000000000000000000000000000233332223323333333322211121100000000000000000000000000000000000
00000000000000000000000000000000000000000000000000000000000000000032322222222223333322211211100000000000000000000000000000000000
00000000000000000000000000000000000000000000000000000000000000000022322222222123233322222111100000000000000000000000000000000000
00000000000000000000000000000000000000000000000000000000000000000023333222233223333333321111100000000000000000000000000000000000
00000000000000000000000000000000000000000000000000000000000000000013333322233233333333221111000000000000000000000000000000000000
00000000000000000000000000000000000000000000000000000000000000000003333222223333333333211111000000000000000000000000000000000000
00000000000000000000000000000000000000000000000001111122111111112222333222222333333333221110000000000000000000000000000000000000
00000000000000000000000000000000001111122222222222222222222222222222333222222223333333222110000000000000000000000000000000000000
00000000000000000000000000012122223333322233333332222222222222222222233333332222333333311111111111110000000000000000000000000000
00000000000000000000112233333333322333333333333333333332323232222222233333333333333333211111111111111111110000000000000000000000
00000000000000122333333333333333333333333333333333333321332233222222222322332233222222111111111111111111111111110000000000000000
00000000112222333333333333333333333333333333333333333322333323223322222222222222222212111111111111111111111111111111100000000000
00001222333333333333333333333333333333333333333333333333333323323333333222222222222222211111111111111111111111111111111111000000
