00000000000000000000000000000000000000000000000000000000000000000000000000000000000000000000000000000000000000000000000000000000
00000000000000000000000000000000000000000000000000000000000000000000000000000000000000000000000000000000000000000000000000000000
00000000000000000000000000000000000000000000000000000000000000000000000000000000000000000000000000000000000000000000000000000000
00000000000000000000000000000000000000000000000000000000000000000000000000000000000000000000000000000000000000000000000000000000
00000000000000000000000000000000000000000000000000000000000000000000000000000000000000000000000000000000000000000000000000000000
00000000000000000000000000000000000000000000000000000000000000000000000000000000000000000000000000000000000000000000000000000000
00000000000000000000000000000000000000000000000000000000000000000000000000000000000000000000000000000000000000000000000000000000
00000000000000000000000000000000000000000000000000000000000000000000000000000000000000000000000000000000000000000000000000000000
00000000000000000000000000000000000000000000000000000000000000000000000000000000000000000000000000000000000000000000000000000000
00000000000000000000000000000000000000000000000000000000000000000000000000000000000000000000000000000000000000000000000000000000
00000000000000000000000000000000000000000000000000000000000000000000000000000000000000000000000000000000000000000000000000000000
00000000000000000000000000000000000000000000000000000000000000000000000000000000000000000000000000000000000000000000000000000000
00000000000000000000000000000000000000000000000000000000000000000000000000000000000000000000000000000000000000000000000000000000
00000000000000000000000000000000000000000000000000000000000000000000000000000000000000000000000000000000000000000000000000000000
00000000000000000000000000000000000000000000000000000000000000000000000000000000333300000000000033330000000033330000000033330000
00000000000000000000000000000000000000000000000000000000000000000000000030000003333330000000000333333000000333333000000333333000
00000000000000000000000000000000000000000000000000000000000000000000000033000033000033000000003300003300003300003300003300003300
00000000000000000000000000000000000000000000000000000000000000000000000003300330000003300000033000000330033000000330033000000330
00000000000000000000000000000000000000000000000000000000000000000000000003300330000003300000033000000330033000000330033000000330
00000000000000000000000000000000000000000000000000000000000000000000000003300330000003300000033000000330033000000330033000000330
00000000000000000000000000000000000000000000000000000000000000000000000003300330000003300000033000000330033000000330033000000330
00000000000000000000000000000000000000000000000000000000000000000000000003300330000003300000033000000330033000000330033000000330
00000000000000000000000000000000000000000000000000000000000000000000000003300330000003300000033000000330033000000330033000000330
00000000000000000000000000000000000000000000000000000000000000000000000003300330000003300000033000000330033000000330033000000330
00000000000000000000000000000000000000000000000000000000000000000000000003300330000003300000033000000330033000000330033000000330
00000000000000000000000000000000000000000000000000000000000000000000000003300330000003300000033000000330033000000330033000000330
00000000000000000000000000000000000000000000000000000000000000000000000002200330000003300000033000000330033000000330033000000330
00000000000000000000000000000000000000000000000000000000000000000000000000000033000033000000003300003300003300003300003300003300
00000000000000000000000000000000000000000000000000000000000000000000000000000003333330000330000333333000000333333000000333333000
00000000000000000000000000000000000000000000000000000000000000000000000000000000333300000330000033330000000033330000000033330000
00000000000000000000000000000000000000000000000000000000000000000000000000000000000000000000000000000000000000000000000000000000
00000000000000000000000000000000000000000000000000000000000000000000000000000000000000000000000000000000000000000000000000000000
