00000000000000000000000000000000000000000000000000000000000000000000000000000000000000000000000000000000000000000000000000000000
00000000000000000000000000000000000000000000000000000000000000000000000000000000000000000000000033330000000033333000000033330000
00000000000000000000000000000000000000000000000000000000000000000000000000000000000000000000000033333000000333333300000333333000
00000000000000000000000000000000000000000000000000000000000000000000000000000000000000000000000030033300003330003330003330033300
00000000000000000000000000000000000000000000000000000000000000000000000000000000000000000000000000000330003300000330033000000330
00000000000000000000000000000000000000000000000000000000000000000000000000000000000000000000000000000330000000000330033000000330
00000000000000000000000000000000000000000000000000000000000000000000000000000000000000000000000000000330000000000330033000000330
00000000000000000000000000000000000000000000000000000000000000000000000000000000000000000000000000000330000000003300033000000330
00000000000000000000000000000000000000000000000000000000000000000000000000000000000000000000000000003330000000333300033300003330
00000000000000000000000000000000000000000000000000000000000000000000000000000000000000000000000033333300000000333300003333333300
00000000000000000000000000000000000000000000000000000000000000000000000000000000000000000000000033333300000000003330000333333300
00000000000000000000000000000000000000000000000000000000000000000000000000000000000000000000000000333000000000000330000000333000
00000000000000000000000000000000000000000000000000000000000000000000000000000000000000000000000000330000000000000330000000330000
00000000000000000000000000000000000000000000000000000000000000000000000000000000000000000000000003300000033000000330000003300000
00000000000000000000000000000000000000000000000000000000000000000000000000000000000000000000000033000000033300003330000033000000
00000000000000000000000000000000000000000000000000000000000000000000000000000000000000000000000030000000003333333300000330000000
00000000000000000000000000000000000000000000000000000000000000000000000000000000000000000000000000000000000033333000003300000000
00000000000000000000000000000000000000000000000000000000000000000000000000000000000000000000000000000000000000000000000000000000
00000000000000000000000000000000000000000000000000000000000000000000000000000000000000000000000000000000000000000000000000000000
00000000000000000000000000000000000000000000000000000000000000000000000000000000000000000000000000000000000000000000000000000000
00000000000000000000000000000000000000000000000000000000000000000000000000000000000000000000000000000000000000000000000000000000
00000000000000000000000000000000000000000000000000000000000000000000000000000000000000000000000000000000000000000000000000000000
00000000000000000000000000000000000000000000000000000000000000000000000000000000000000000000000000000000000000000000000000000000
00000000000000000000000000000000000000000000000000000000000000000000000000000000000000000000000000000000000000000000000000000000
00000000000000000000000000000000000000000000000000000000000000000000000000000000000000000000000000000000000000000000000000000000
00000000000033300300000330030003033330333000000000003000000000000000000000000000003330003300300003000000000030000000000000000000
00000000000030030300003003003030030000300300000000033000000000000000000000000000003003030030300003000000000330000000000000000000
00000000000030030300003003000300030000300300000000003000000000000000000000000000003330030030300003000000000030000000000000000000
00000000000033300300003333000300033300333000000000003000000000000000000000000000003003033330300003000000000030000000000000000000
00000000000030000300003003000300030000303000000000003000000000000000000000000000003003030030300003000000000030000000000000000000
00000000000030000333303003000300033330300300000000003000000000000000000000000000003330030030333303333000000030000000000000000000
00000000000000000000000000000000000000000000000000000000000000000000000000000000000000000000000000000000000000000000000000000000
