10000022000000000000000000000000000000000000000000000000000002212200012111232000000000010000000000000000000000000000000000000000
10333021000000000300000003003330030000000300030003000000210001112310112222232011112101132111222111000000000000000000000000000000
10333022000000003030000030003000303000003030303030300000332222223321222222222133333311233333333333210000000000000000000000000000
10033011000000000030000030303300003000000030030030300000333333333332222222222212333333333333333333332000000000000000001122222100
00033033000000000300000033300030030000000300003030300000322222333332112221111233333333333333333333333222100000000000112222223200
00033033000000003000000000303030300000003000303030300000312112222333112211110133333333333333333333333333310000000001222332333200
00033033000000003330030000300300333003003330030003000000322222222222111111100233333333333333333333333222221022110012222322333200
00033033000000000000000000000000000000000000000000000000333333333221111111001223333333333333333333333200121123322222323222333200
00000023333333333333333333333321110000002321122222222223333333333221111110002222333333333333333333333320011223212212333222333200
00000023333333333333333333333321110000012321111112121212222222222111111110002222323333333333333333333322101212200112323211223200
00000133333333333333333333333322110000012311111111111111111111110111111110012222222223333322333333333332221211210012312211112200
00000133333333333333333333333322210000013310111111111000011111110011111110012222222323333333333333333331233332321111221111111100
00000022333333333333333333333322210000013310011111111111011111111011111100012122222222223322233333333331233333322222322111001100
00000002333333333333333333333322200000013310111011111111011111111001111100012122222222333322333333333331233322222133333222210100
00000001333333333333333333333322100000013310111111111111111111111001011100011121222222222222333333333332223323211133332233321000
00000001333333333333333333333322100000013200111111111111111111101011111110011111222222222222233333333333211111121123222233332100
00000001333333333333333333333322200000013201111111111111111111100011111100001111222222222222233333333333222112232112122112211100
00000012333333333333333333333322210000013211111111111111111111110011111100001112222222222222233333333333333333332222232000000000
01100123333333333333333333333332210000023211111111111111111111100111011110001111121221222222233333333333233333323333321000000000
12111233333333333333333333333333222111233211111111112111111000001111111101000212122122222222333333333321123333221233210000000000
12233333333333333333333333333333333333333211111111111221110000001101111111000112222222222222333333333331012333321133320000000000
13333333333333333333333333333333333333333112121111122122111000001011111011100112222222222223333333333332101333332123321000000000
13333333333333333333333333333333333333333222122221212222210101011111111111110012222222222333333322333333210233333112332100000000
13333333333333333333333333333333333333333233222222222222221011101111111101110123222222222333333322233333321123333321333200000000
13333333333000000000000000000000000000000033332222200022222101111101111011111233300000000000000000023333330000333331233210000000
13333333333033300300000330030003033330333003333332003022222111101111111111112333303330003300300003023333300330023221122100001100
13333333333030030300003003003030030000300303333333033022222211101111111101123333303003030030300003013333203003011111111100011100
13333333333030030300003003000300030000300303333333003033322220000000000000122222203330030030300003012211100030000111111111111100
13333323322033300300003333000300033300333003333333303033333332000000000000011100003003033330300003000000000003000011111111111100
13333333332030000300003003000300030000303003333333303033333332000000000000000000003003030030300003000000003003000001111111111100
13333233333030000333303003000300033330300303333333303033333320000000000000000000003330030030333303333000000330000000011001112100
12333233333000000000000000000000000000000003333333300033333210000000000000000000000000000000000000000000000000000000000001111100
