00000000000000000000000000000000000000000000000000000000000000000000000000000000000000000000000000000000000000000000000000000000
00000000000000000000000000000000000000000000000000000000000000000000000000000000000000000000000000000000000000000000000000000000
00000000000000000000000000000000000000000000000000000000000000000000000000000000000000000000000000000000000000000000000000000000
00000000000000000000000000000000000000000000000000000000000000000000000000000000000000000000000000000000000000000000000000000000
00000000000000000000000000000000000000000000000000000000000000000000000000000000000000000000000000000000000000000000000000000000
00000000000000000000000000000000000000000000000000000000000000000000000000000000000000000000000000000000000000000000000000000000
00000000000000000000000000000000000000000000000000000000000000000000000000000000000000000000000000000000000000000000000000000000
00000000000000000000000000000000000000000000000000000000000000000000000000000000000000000000000000000000000000000000000000000000
00000000000000000000000000000000000000000000000000000000000000000000000000000000000000000000000000000000000000000000000000000000
00000000000000000000000000000000000000000000000000000000000000000000000000000000000000000000000000000000000000000000000000000000
00000000000000000000000000000000000000000000000000000000000000000000000000000000000000000000000000000000000000000000000000000000
00000000000000000000000000000000000000000000000000000000000000000000000000000000000000000000000000000000000000000000000000000000
00000000000000000000000000000000000000000000000000000000000000000000000000000000000000000000000000000000000000000000000000000000
00000000000000000000000000000000000000000000000000000000000000000000000000000000000000000000000000000000000000000000000000000000
00000000000000000000000000000000000000000000000000000000000000000000000000000000000000000000000000000000000000000000000000000000
00000000000000000000000000000000000000000000000000000000000000000000000000000000000000000000000000000000000000000000000000000000
00000000000000000000000000000000003333000033330000333300000000000033330000333300003333000000000000333300003333000033330000000000
00000000000000000000000000000000033333300333333003333330000000000333333003333330033333300000000003333330033333300333333000000000
00000000000000000000000000000000033003300330033003300330000000000330033003300330033003300000000003300330033003300330033000000000
00000000000000000000000000000000000003300330033003300330000000000330033003300330033003300000000003300330033003300330033000000000
00000000000000000000000000000000000003300330033003300330000000000330033003300330033003300000000003300330033003300330033000000000
00000000000000000000000000000000000033300330033003300330000000000330033003300330033003300000000003300330033003300330033000000000
00000000000000000000000000000000000333000330033003300330000000000330033003300330033003300000000003300330033003300330033000000000
00000000000000000000000000000000003300000330033003300330000000000330033003300330033003300000000003300330033003300330033000000000
00000000000000000000000000000000033333300333333003333330000330000333333003333330033333300003300003333330033333300333333000000000
00000000000000000000000000000000033333300033330000333300000330000033330000333300003333000003300000333300003333000033330000000000
00000000000000000000000000000000000000000000000000000000000000000000000000000000000000000000000000000000000000000000000000000000
00000000000000000000000000000000000000000000000000000000000000000000000000000000000000000000000000000000000000000000000000000000
00000000000000000000000000000000000000000000000000000000000000000000000000000000000000000000000000000000000000000000000000000000
00000000000000000000000000000000000000000000000000000000000000000000000000000000000000000000000000000000000000000000000000000000
00000000000000000000000000000000000000000000000000000000000000000000000000000000000000000000000000000000000000000000000000000000
00000000000000000000000000000000000000000000000000000000000000000000000000000000000000000000000000000000000000000000000000000000
