00000000000000000000000000000000000000000000000000000000000000000000000000000000000000000000000000000000000000000000000000000000
00000000030000000300030003000000030003003330000000000000000000000000000000000000000000000000000000000000000000000000000000000000
00000000303000003030330030300000303030300030000000000000000000000000000000000000000000000000000000000000000000000000000000000000
00000000030000000300030000300000003003000300000000000000000000000000000000000000000000000000000000000000000000000000000000000000
00000000003000003030030003000000030000300300000000000000000000000000000000000000000000000000000000000000000000000000000000000000
00000000303000003030030030000000300030303000000000000000000000000000000000000000000000000000000000000000000000000000000000000000
00000000030003000300030033300300333003003000000000000000000000000000000000000000000000000000000000000000000000000000000000000000
00000000000000000000000000000000000000000000000000000000000000000000000000000000000000000000000000000000000000000000000000000000
00000000000000000000000000000000000000000000000000000000000003333330000000000000000000000000000000000000000000000000000000000000
00000000000000000000000000000000000000000000000000000000000033222233000000000000000000000000000000000000000000000000000000000000
00000000000000000000000000000000000000000000000000000000000333333333300000000000000000000000000000000000000000000000000000000000
00000000000000000000000000000000000000000000000000000000003333000033330000000000000000000000000000000000000000000000000000000000
00000000000000000000000000000000000000000000000000000000003230000003230000000000000000000000000000000000000000000000000000000000
00000000000000000000000000000000000000000000000000000000033330000003333000000000000000000000000000000000000000000000000000000000
00000000000000000000000000000000000000000000000000000000032300000000323000000000000000000000000000000000000000000000000000000000
00000000000000000000000000000000000000000000000000000000032300000000323000000000000000000000000000000000000000000000000000000000
00000000000000000000000000000000000000000000000000000000032300000000323000000000000000000000000000000000000000000000000000000000
00000000000000000000000000000000000000000000000000000000032300000000323000000000000000000000000000000000000000000000000000000000
00000000000000000000000000000000000000000000000000000000032300000000323000000000000000000000000000000000000000000000000000000000
00000000000000000000000000000000000000000000000000000000032300000000323000000000000000000000000000000000000000000000000000000000
00000000000000000000000000000000000000000000000000000000032300000000323000000000000000000000000000000000000000000000000000000000
00000000000000000000000000000000000000000000000000000000033330000003333000000000000000000000000000000000000000000000000000000000
00000000000000000000000000000000000000000000000000000000003230000003230000000000000000000000000000000000000000000000000000000000
00000000000000000000000000000000000000000000000000000000003333000033330000000000000000000000000000000000000000000000000000000000
00000000000000000000000000000000000000000000000000000000000333333333300000000000000000000000000000000000000000000000000000000000
00000000000000000000000000000000000000000000000000000000000033222233000000000000000000000000000000000000000000000000000000000000
00000000000000000000000000000000000000000000000000000000000003333330000000000000000000000000000000000000000000000000000000000000
00000000000000000000000000000000000000000000000000000000000000000000000000000000000000000000000000000000000000000000000000000000
00000000000000000000000000000000000000000000000000000000000000000000000000000000000000000000000000000000000000000000000000000000
00000000000000000000000000000000000000000000000000000000000000000000000000000000000000000000000000000000000000000000000000000000
00000000000000000000000000000000000000000000000000000000000000000000000000000000000000000000000000000000000000000000000000000000
00000000000000000000000000000000000000000000000000000000000000000000000000000000000000000000000000000000000000000000000000000000
