00000000000000000000000000000000000000000000000000000000000100000000000000000000000000000000000000000000000000000000000000000000
00000000000000000000000000000000000000000000000000000000000000000033300000333000003330000033300000333000003330000033300000000000
00000000000010000000000000000000000000000000100000000000000000000000030003000000030003000000030010000300030000000300000000000000
00000000000000000000000000000100000000000000000000000000000000010000030003000000030003000000030000000300030000000300000000000000
00000001000000000000000000000000000000000000000000000000000000000000030003000000030003001000030000000300030000100300000000000000
00000000000000000000000000000000000000000000000000000000000000000033300000333000000000000033300000333000003330000033300000000000
00000000000000000000000000000000000000000000000000000000000000000300000010000300030003000000030003000000000003000300030000000000
00000000000000000000000000000000000000001000000000000000000000000301000000000301030003000000030003000000000003000300030000000000
00000000000000010000000000000000000000000000000000001000000000010300000000000300030003000000030003000000000003000300030000000100
00000000000000000000000000000000100000000000001000000000100000000033300000333000003330000033300000333000003330000033300000000000
00000000000000000000000000000000000000000000000000000000000010000000003000000000000000000000003000000000000000000000000000000000
00000000000000000000000000000000000000000000000000000000000000000000000000000000000001000000000000000000000000000000000000000000
00000000000000000000000000000000000000000100000000010000010000000000000000000000000000000000000000000000000000000000000000000000
00000000000000000000000100000000000000000000000000000000000001001001000000000001000000000000000000000000000000000010000000000000
00000000000000000000000000000000000000000000000000000000000000000000000000100000000000000000000000000000000000000000000000000000
00000000000000000000000000000000100000000000000000000010000100000000010000000000000000000001000000000000010000000000000000000000
00000000000000001000000000000000000000000000000000000000000000000000000000000000000000000000000000000000000000000000000000000000
00000000000010000000000000000000000000010000000000000000000000000100000010000000000000000000000000000000000000000000000000000000
00000000000000000000000000000000000000000000000000000000000001000000000000000000000000000000000000000000000000000000000000000000
00000000000000000000000000000000000000000000000000000010000000000010000000000000000000000000000000000000000000000000000000000000
00000000000000000000000010000000000000000000000000000000000000000000000000000000000000000000000000000000000000000000000000000000
00001000000000000000000000000000000000000000000010000000000000001000000000000000000000000000000000000000000000000000000000000000
00000000000000000000000000000000000000000001000000000000100001000000000000000000000000000000000000000000000000000000000000000000
00000000000000000000000000000000001000000000000000001000000000000000010000000000000000000100000000000000000000000000100000000000
00000000000000000000000000000000000000000000000000000000000000000100000000000000001000000000000000000000000000000000000000000000
00000000000000330300300330003300333000330033300000003000000000100000000000000000000333000330030000033000000330000000000000000000
00000000000000030300303003030030300303003030030000033000001000000000000000000000000300303003030000300300003003000000000000000000
00000000000000030300303000030030300303003030030010003000000000000000000000000000000333003003030000300300000003000000000000000000
00000000100000030300303033033330300303003033330000003000000000000000001000000100000300303003030000333300000330000000000000000000
00000000000030030300303003030030300303003030300000003001000000000001000000000000000300303003030000300300003000000010000000000100
00000000000003300033000330030030333000330030030000003000000000000000000000000000000333000330033330300300003333000000000000000000
00000000000000000000000000000000000000000000000000000000000000000000000000000000000000000000000000000000000000000000000000000000
