03333300000000000111110011111110000000000011100000000000111111000000000011111110000000000011110011111100001100000011100000000000
33333330000000001111111011111110000000000111110000000000111111000000000011111110000000000111111011111110001100000011100000000000
33003330000000001100011011000000000000001100111000000000110000000000000011000000000000001100011011000110000000000001100000000000
00033300000000001100011011111000000000001100011000000000111111000000000011111000000000001100000011001110000000000001100000000000
03333000000000001100011011111000000000001110011000000000000111100000000011111000000000001110011011111000000000000001100000000000
33333330000000001111111011000000000000000111110000110000000111100000000011000000000000000111111011011100001100000001100000000000
11111110000000000111110011000000000000000011100000110000111111000000000011000000000000000011110011001110001100000001100000000000
00000000000000000000000000000000000000000000000000000000000000000000000000000000000000000000000000000000000000000000000000000000
00000000000000000000000000000000000000000000000000000000000000000000000000000000000000000000000000000000000000000000000000000000
00000000000000000000000000000000000000000000000000000000000000000000000000000000000000000000000000000000000000000000000000000000
00111000000000000111110011111110000000000111110000000000111111000000000011111110000000000011110011111100001100000111110000000000
00111000000000001111111011111110000000001111111000000000111111000000000011111110000000000111111011111110001100000111111000000000
00011000000000001100011011000000000000001100111000000000110000000000000011000000000000001100011011000110000000000000111000000000
00011000000000001100011011111000000000000001110000000000111111000000000011111000000000001100000011001110000000000001110000000000
00011000000000001100011011111000000000000111100000000000000111100000000011111000000000001110011011111000000000001100011000000000
00011000000000001111111011000000000000001111111000110000000111100000000011000000000000000111111011011100001100001111111000000000
00011000000000000111110011000000000000001111111000110000111111000000000011000000000000000011110011001110001100000111110000000000
00000000000000000000000000000000000000000000000000000000000000000000000000000000000000000000000000000000000000000000000000000000
00000000000000000000000000000000000000000000000000000000000000000000000000000000000000000000000000000000000000000000000000000000
00000000000000000000000000000000000000000000000000000000000000000000000000000000000000000000000000000000000000000000000000000000
00000000000000000000000000000000000000000000000000000000000000000000000000000000000000000000000000000000000000000000000000000000
00111000000000000111110011111110000000001111110000000000111111100000000000000000000000000011110011111100001100001111111000000000
00111000000000001111111011111110000000001111110000000000111111100000000000000000000000000111111011111110001100001111111000000000
00011000000000001100011011000000000000001100000000000000110000000000000000000000000000001100011011000110000000000000111000000000
00011000000000001100011011111000000000001111110000000000111110000000000000000000000000001100000011001110000000000001110000000000
00011000000000001100011011111000000000000001111000000000111110000000000000000000000000001110011011111000000000000011100000000000
00011000000000001111111011000000000000000001111000000000110000000000000000000000000000000111111011011100001100000011000000000000
00011000000000000111110011000000000000001111110000000000110000000000000000000000000000000011110011001110001100000011000000000000
00000000000000000000000000000000000000000000000000000000000000000000000000000000000000000000000000000000000000000000000000000000
00000000000000000000000000000000000000000000000000000000000000000000000000000000000000000000000000000000000000000000000000000000
00000000000000000000000000000000000000000000000000000000000000000000000000000000000000000000000000000000000000000000000000000000
00000000000000000000000000000000000000000000000000000000000000000000000000000000000000000000000000000000000000000000000000000000
