00000000000000000000000000000000000000000000000001111110111111100111110001111110000000000000000000000000000000000000000000000000
00000000000000000000000000000000000000000000000001111110111111101111111001111110000000000000000000000000000000000000000000000000
00000000000000000000000000000000000000000000000000011000110000001110000000011000000000000000000000000000000000000000000000000000
00000000000000000000000000000000000000000000000000011000111110000111110000011000000000000000000000000000000000000000000000000000
00000000000000000000000000000000011111000000000000011000110000000000111000011000000000000111110000000000000000000000000000000000
00000000000000000000000000000000000000000000000000011000111111101111111000011000000000000000000000000000000000000000000000000000
00000000000000000000000000000000000000000000000000011000111111100111110000011000000000000000000000000000000000000000000000000000
00000000000000000000000000000000000000000000000000000000000000000000000000000000000000000000000000000000000000000000000000000000
01111100011111001100000011111110110001100111110000111100111110000111110000000000000000000000000000000000000000000000000000000000
11111110111111101100000011111110111001101111111000111100111111001111111000000000000000000000000000000000000000000000000000000000
11100000110001101100000011000000111101101100011000011000110011101110000000000000000000000000000000000000000000000000000000000000
01111100110001101100000011111000111111101100011000011000110001100111110000000000000000000000000000000000000000000000000000000000
00001110110001101100000011000000110111101100011000011000110011100000111000000000000000000000000000000000000000000000000000000000
11111110111111101111110011111110110011101111111000111100111111001111111000000000000000000000000000000000000000000000000000000000
01111100011111001111110011111110110001100111110000111100111110000111110000000000000000000000000000000000000000000000000000000000
00000000000000000000000000000000000000000000000000000000000000000000000000000000000000000000000000000000000000000000000000000000
33000000003333000033333033000330033333300333330000000000000000000000000000000000000000000000000000000000000000000000000000000000
33000000003333000333333033000330033333303333333000000000000000000000000000000000000000000000000000000000000000000000000000000000
33000000000330003330000033000330000330003330000000000000000000000000000000000000000000000000000000000000000000000000000000000000
33000000000330003300333033333330000330000333330000000000000000000000000000000000000000000000000000000000000000000000000000000000
33000000000330003330033033333330000330000000333000000000000000000000000000000000000000000000000000000000000000000000000000000000
33333300003333000333333033000330000330003333333000000000000000000000000000000000000000000000000000000000000000000000000000000000
33333300003333000033333033000330000330000333330000000000000000000000000000000000000000000000000000000000000000000000000000000000
00000000000000000000000000000000000000000000000000000000000000000000000000000000000000000000000000000000000000000000000000000000
01111100100000100011110001111110001111001100011011111110011111000000000000000000000000000000000000000000000000000000000000000000
11111110110101100011110001111110011111101100011011111110111111100000000000000000000000000000000000000000000000000000000000000000
11100000110101100001100000011000110001101100011011000000111000000000000000000000000000000000000000000000000000000000000000000000
01111100111111100001100000011000110000001111111011111000011111000000000000000000000000000000000000000000000000000000000000000000
00001110011111000001100000011000111001101111111011000000000011100000000000000000000000000000000000000000000000000000000000000000
11111110011011000011110000011000011111101100011011111110111111100000000000000000000000000000000000000000000000000000000000000000
01111100010001000011110000011000001111001100011011111110011111000000000000000000000000000000000000000000000000000000000000000000
00000000000000000000000000000000000000000000000000000000000000000000000000000000000000000000000000000000000000000000000000000000
