00000000000000000000000000000000000000000000000000000000000000000001333333333333333333333333101123333333100000000000000000000000
00333000030003000300000003000300030000000300030003000000000000000000233333333333333333333333310123332331000000000000000000000000
00333000330030303300000030003030303000003030300030300000000000000000023333333333333333333333321122121221000000000000000000000000
00033000030000300300000030300300030000000300303000300000000000000000013323333233333333333333333211121121000000000000000000000000
00033000030003000300000033303030003000000030333003000000000000000000002333333223333333333333333320121121000000000000000000000000
00033000030030000300000000303030303000003030003030000000000000000000001332333312333333333333333332233231000001100000000000000000
00033000030033300300030000300300030003000300003033300000000000000000000332233311223333333333333333333332122123222112211000000000
00033000000000000000000000000000000000000000000000000000000000000000000232233321122333333321221112333332333333333333210000112200
00000000010000000000000132333222222112000000000000000000000013312333321112333233320001000121211112222123333333333333331001233200
00000000010000000000000132223222222112000000000000000000000013312333320112333333322100000000100001232112333333333333333222333200
00000000010000000000000032223222221112000000000000000000000013322333320112233333332100022221100012222111333333333333333333223100
00000000010000000000000022222222211112000000000000000000000013322333320112222333332100023333210013321102333333333333333331113200
00000000010000000000000032222222221102000000000000000000001013312333320012332333332100023333310002211012333333333333333332012100
00000000010000000000000132222222211102000000000000000000011113312333310112333333332200023333310001111013223333333333333333211100
00000000010000000000000132222222211002100000000000000000111223322333310012222233333200023333310001111012223333333333333333322200
00000000010000000000000122222222211001100000000000000000011233212333300112232233332200023333310001111012222233233333333333223200
00000000001000000000000232222222221011200000000000000000000133212333201112222233332200023333310001111002222233233333333333112200
00000000002000000000000222222222210001210000000000000000000233223333101112223233332210023333310001111001222222323322333332111200
00000000002000000000001222222222210111110000000000000000001332123332011112233333333221133333321101111001222222223222333332222200
00000000001100000000002222222222100111120000000000000000002332233321011112322333333333333333333200111000122222232223333332332100
00000000000210000000013222222222100101112000000000000000013321233210111122322333333333333333333300111100122222222233333331232000
00000000000020000000123222323221001111112100000000000000023222333100111233333332233333333333333201111101222232222233322332223100
00000000000002100001232222333210011001111210000000000000233222331001012333322222333333333333333211111102332222222233321233212200
00000000000001111222222223212211011111111122000000000012322223210011122223332223333333333333332111111113322333333223332123322200
00000000000000000000000000000000000000000022210000000033222222101112233332232233000000000000000000000000000000000000002123322100
00000000000033300300000330030003033330333001232211003022222211111123322233333333033303030333033000300000330003003000301122211100
00000000000030030300003003003030030000300302222333033012222111112222322333333333030003030030030303030000303030303000300011211100
00000000000030030300003003000300030000300302222222003022222121122222222323333333030000300030030303030000330030303000300001111100
00000000000033300300003333000300033300333002222222303023222122233222223333333333033000300030033003330000303033303000300001111100
00000000000030000300003003000300030000303002222332203023222223333332223333333333030003030030030303030000303030303000300000001100
00000000000030000333303003000300033330300302223333203022322233333332333333333333033303030030030303030000330030303330333000000000
00000000000000000000000000000000000000000003333333300022333333333333333333333333000000000000000000000000000000000000000000000000
