00000000000000000000000000000000000000000000000000000000000000000000000000000000000000000000000000000000000000000000000000000000
00000000000000000000000000000000000000000000000000000000000000000000000000000000000000000000000000000000000000000000000000000000
00000000000000000000000000000000000033333000003333000000333330000333333300033333330000000000000000000000000000000000000000000000
00000000000000000000000000000000000331111100033111100003311111000311111110031111111000000000000000000000000000000000000000000000
00000000000000000000000000000000000311111110331111110033111111100311111111031111111000000000000000000000000000000000000000000000
00000000000000000000000000000000000311000110311100111031110001110311000311031100000000000000000000000000000000000000000000000000
00000000000000000000000000000000000311333000311000010031100003110311333311031133330000000000000000000000000000000000000000000000
00000000000000000000000000000000000011111100311000000031100003110311111110031111111000000000000000000000000000000000000000000000
00000000000000000000000000000000000001111110311000300031100003110311111100031111111000000000000000000000000000000000000000000000
00000000000000000000000000000000000330003110311003310031100033110311001110031100000000000000000000000000000000000000000000000000
00000000000000000000000000000000000311333110011133111001113331110311003110031133330000000000000000000000000000000000000000000000
00000000000000000000000000000000000011111110001111110000111111100311000111031111111000000000000000000000000000000000000000000000
00000000000000000000000000000000000001111100000111100000011111000011000011101111111000000000000000000000000000000000000000000000
00000000000000000000000000000000000000000000000000000000000000000000000000000000000000000000000000000000000000000000000000000000
00000000000000000000000000000000000000000003300000000000333330000000333300000000333300000000000033330000000033330000000033330000
00000000000000000000000000000000000000000033300000000003333333000003333330000003333330000000000333333000000333333000000333333000
00000000000000000000000000000000000000000333300000000033300033300033000033000033000033000000003300003300003300003300003300003300
00000000000000000000000000000000000000000003300000000033000003300330000003300330000003300000033000000330033000000330033000000330
00000000000000000000000000000000000000000003300000000033000003300330000003300330000003300000033000000330033000000330033000000330
00000000000000000000000000000000000000000003300000000000000003300330000003300330000003300000033000000330033000000330033000000330
00000000000000000000000000000000000000000003300000000000000003300330000003300330000003300000033000000330033000000330033000000330
00000000000000000000000000000000000000000003300000000000000033000330000003300330000003300000033000000330033000000330033000000330
00000000000000000000000000000000000000000003300000000000000033000330000003300330000003300000033000000330033000000330033000000330
00000000000000000000000000000000000000000003300000000000000330000330000003300330000003300000033000000330033000000330033000000330
00000000000000000000000000000000000000000003300000000000003300000330000003300330000003300000033000000330033000000330033000000330
00000000000000000000000000000000000000000003300000000000033000000330000003300330000003300000033000000330033000000330033000000330
00000000000000000000000000000000000000000003300000000000330000000330000003300330000003300000033000000330033000000330033000000330
00000000000000000000000000000000000000000003300000000003300000000033000033000033000033000000003300003300003300003300003300003300
00000000000000000000000000000000000000000003300003300033333333300003333330000003333330000330000333333000000333333000000333333000
00000000000000000000000000000000000000000003300003300333333333300000333300000000333300000330000033330000000033330000000033330000
00000000000000000000000000000000000000000000000000000000000000000000000000000000000000000000000000000000000000000000000000000000
00000000000000000000000000000000000000000000000000000000000000000000000000000000000000000000000000000000000000000000000000000000
