00000000000000000000000000001122121111000000000000111111222221122213210010000000000000000000000001111112121121221000000000000000
00000000000000000000000000011222122121000000000001111112212221112223211121000000000000000000000001111112111111221000000000000000
00000000000000000000000000111222222221000000000111111222222210122322322221000000000000000000000000111121111111222100000000000000
00000000000000000000000001111122222221000000011111111222222210132211222320000000000000000000000000011121211112222100000000000000
00000000000000000000000000111222212221000000011111111111112111233212222310000000000000000000000000001111111122222100000000000000
00000000000000000000000011111222112211000000111211121121112112223221222310000000000000000000000000000111111122221100000000000000
00000000000000000000000011111222112210000001112211111122122111122122233321000000000000000000000000000011111221221000000000000000
00000000000000000000000111111212212200000112123210012112112212222222333222000000000000000000000000000000111111111000000000000000
00000000000000000000000111111122112100002222123210011111111111222323333221000000000000000000000000000000011110000000000000000000
00000000000000000000000001011121112200012212122110001111112111212212223221000000000000000000000000000000000000000000000000000000
00000000000000000000000000112112221100001221122110000101111221222212333210000000000000000000000000000000000000000000000000000000
00000000000000000000000000111112110000001211222210001100111121233322223210000000000000000000000000000000000000000000000000000000
00000000000000000000000000000111100000111211122211111110121121232332332200000000000000000000000000000000000000000000000000000000
00000000000000000000000000000000000001221221233211211110121111123333332100000000000000000000000000000000000000000000000000000000
00000000000000000000000000000000000012321111222212211111121111123233332210000000000000000000000000000000000000000000000000000000
00000000000000000000000000000000000112321111111111211111221122122222332210000000000000000000000000000000000000000000000000000000
00000000000000000000000000000000000011211110001111111112112222112222332220000000000000000000000000000000000000000000000000000000
00000000000000000000000000000000000111111100001211111112112121122222311111000000000000000000000000000000000000000000000000000000
00000000000000000000000000000000000111111011111111111111111111122322321211000000000000000000000000000000000000000000000000000000
00000000000000000000000000000000000111100011111111111111111110012211111221000000000000000000000000000000000000000000000000000000
00000000000000000000000000000000000011100011211111101100011111123211112221000000000000000000000000000000000000000000000000000000
00000000000000000000000000000000000001101111211111000000111112222221122221000000000000000000000000000000000000000000000000000000
00000000000000000000000000000000000001101111210121100111110112221122221110000000000000000000000000000000000000000000000000000000
00000000000000000000000000000000000000000011111111110111111111111122321111000000000000000000000000000000000000000000000000000000
00000000000000000000000000000000000000011000111111110111111111111212332121000000000000000000000000000000000000000000000000000000
00000000000000000000000000000000000000010000111110110011111010011222222121100000000000000000000000000000000000000000000000000000
00000000000000000000000000000000000000000000000011110110111000111111212211100000000000000000000000000000000000000000000000000000
00000000000000000000000000000000000000000000000011110110011001111111222211000000000000000000000000000000000000000000000000000000
00000000000000000000000000000000000000000000000110110110011100110001222221000000000000000000000000000000000000000000000000000000
00000000000000000000000000000000000000000000000111000000001100000012333321000000000000000000000000000000000000000000000000000000
00000000000000000000000000000000000000000011001110000000000000101112333210000000000000000000000000000000000000000000000000000000
00000000000000000000000000000000000000000011111100000001100011111223332220000000000000000000000000000000000000000000000000000000
