00010000000000001000000000000000000000000100000000000000000000000000000000000000000000000000000000000001000000000000000000000000
00000000000000011003300010003333300000000000300000000000333333010333333333300000333300000000000333333000000033330000000000003000
00000000000000000033300000033333330000000003300000000003333333000333333333300003333330000000003333333300000333333000000000033000
00000000000000000333300000333000333000000003300000000003300000000000000033000033300333000000003300003300003300003300000010033000
00000000000000000003300000330000033000000033300000000003300000000000000033000330000003300000033000000330033000000330000000333000
00000000000000000003300000330000033000000033300000000003300000000000000330000330000003300000033000000330033000000330000000333000
00000000000000000003300000000000033001000333300000000033333330000000000330000330000103300000033300003330033000000330000003333000
00000010000000000003300000000000033000003303300000100033333330001000003300000330000003300000003333333300033000000330000033033000
00000000000000000003300000010000330000003303300000000033000033000000003300000333000033300000000333333000033000000330000033033000
00000000000000000003300000000000330000033003300000000000000003300000033000000033333333000000003333333300033000000330000330033000
00000000000000000003300000000003300000333003300000000000000003300000033000000003333333000100033330033330033000000330003330033000
00000000000000000003300000000033000003330003300000000000000003300000330000000000003330000000033300003330033000000330033300033000
00000000000000000003300000000330000003333333333000000000001003300000330000000000003300000000033000000330033000000330033333333330
00000000000000001003300000003300000003333333333001000030000033000103300000000000033000000000033000000330033000000330033333333330
00000000000000000003300000033000000000000003300000000333000333000003300000000000330000000000033300003330003300003300000000033000
00000000000000000003300000333333333000000003300003300033333330000033001000000003300000000330003333333300000333333000000000033000
00000000000000000003300003333333333000000003301003300003333300000333000000000033000000000330000333333000000033330000000000033000
00000000100000000000000000000000000000000000000000000000000000000000000000000000000000000000000000000000000000000000000000000000
00010000000000000000000000000000000000000000000000000000000000100000001000100000000000000000000000000000000000000000000000000000
00000000000000000000000000000000000000000100000000000000000000000000000000000000000000000000000000000000000000000000000000000000
00000000000000000000000000000000000000000000000000000100010000000000100000000000000000000000000000000000000000000000000000000000
00000000000000000000000000000000000000000000000000000000000000000000000000000000010000100000000000000000000100000000000000000000
00000000000000000010000000000000000000000000010000000000000000000000000000000100000000000000000000000000000000000000000000000000
00000000000000000000000000000000000000000000000000000000000000000100000000000000000000000000000000000000000000000000000000000000
00000000000000000000000000000000000000000000000000000001000000100000000000000000000000000000000000000000000000000000000000000000
00000000000033300300000330030003033330333000000000003000000000000000001000000000033303030333033000300000330003003000300000000010
00000000000030030300003003003030030000300300000000033000000000000000000000000000030003030030030303030000303030303000300000000000
00000000000030030300003003000300030000300300000000003000000000000010000000010000030000300030030303030000330030303000300000000000
00000000100033300300003333000300033300333000000000003000010000100000000000000000033000300030033003330000303033303000300000000000
00000000000030000300003003000300030000303000000000003000000000000000000000000000030003030030030303030000303030303000300000000000
00000000000030000333303003000300033330300300001000003000000000000000000000000000033303030030030303030000330030303330333000000000
00000000000000000000000000000000000000000000000000000000000000000000000100000000000000000000000000000000000000000000000000000000
