00000001201333332101112333333333333333333333333322222222222222223333333333333333333333332100000000000000000000000000000000000000
00000002211333332001101333333333333333333333333333222222222222111233333333333333333333333210000000000000000000000000000011111100
00000003321333332001111333333333333333332222233333332212212221111123333333333333333333333332222110000000000000000000011222222100
00000003332333331001101333333333333333321211112233333111222221111113333333333333333333333333333332221000000000000001222333333200
00000003333333331000101333333333333333332211121122123211111121111123333333333333333333333333333223332100000000000112233333333200
00000002333333331000101333333333333333333322232223212211111111110133333333333333333333333333333112223211122110001222233333333100
00000000233333331011111222222233333333333333333333212211111111100233333333333333333333333333332210012211233322112322333333333200
00000000133333322111122122212222222222233333333333122111111111001233333333333333333333333333333211001211211221123333223333333200
12211111111011111111111111111111122122222222111111111110012223333333333333333333333333333331123221001112210000123123111223333200
12322222111111111111111111111110111111111111101111111110012222322333333333333333333333333333311233222211220011123112111122323200
12332222222100001111111111111100001111111111101111111100012232223223323333333333333333333333310123333322222000012211111111233200
12332222222000000001111111111010001101111111111111111100012222233222322232322333333333333333320113333333321121021221110001123200
12222222222100000000000011111110101111111111110111111100012222232322332233332333333333333333221113333222322013232232211000112200
13322222221100000010010111111111111111111111110111011110012222222333222233333333333333333332111123333322221113333331233320011200
12223222211100001110011111111111111111111111111111111110012222222222222222333333333333333332111232111111111113321122233331111100
13332222211101101111111111111111111111111111101111110111012222222222222222332333333333333332222332111111112111121221232221101100
13333321111111111111111111111111111111111110001101110110011222222222222222222233333333333332333333232112223221111231000000011100
13333221111111111111111111111111111111111111001111111100001122222222222222333333333333333333333333333333333333333321000000011100
13322111111111111111111111111111111111111110001111110110001112222222222222222233333333333333333333333333332233333210000000011100
13322111111111111111111111111112111111111000011111011100000112222222222222222333333333333333333311123333331113333100000000001100
13332221111111111111111111111111121111000000111111111100000122222222222222332333333333333333333310002333333102333200000000011100
13333222111111111111111111112111211111001001111110111011110122222222222222232333333333333333333331001233333200233310000000001200
12333332221111111111111111211222221111111001111101111111110012222222222222233333333333321233333333100133333320133331000000001200
12333333322222112111221112221122222111111011111111111101110001222222222222333333333333210133333333310112333332113333100000012100
02333333333300000000000000000000000000000000001111100001111101233322222222333333333000000000000000000011333000202333200000122100
02333333333000330300300330003300333000330033300111003011111112333322222323233333330333000330030000033001230030112221000000122100
12333333333000030300303003030030300303003030030111033011111123333332222332233333330300303003030000300302220330121110000001222100
12333333333000030300303000030030300303003030030111003011111333333332112222223333330333003003030000300301000030122111111122222200
12333333333000030300303033033330300303003033330111103011123333333332110011123333330300303003030000333300000030121111112222222100
12333333333030030300303003030030300303003030300000003000011111221111110011233333220300303003030000300300000030011121112222222100
02333333333003300033000330030030333000330030030000003000000000000000000001221111000333000330033330300300000030000122011212122100
01233333333300000000000000000000000000000000000000000000000000000000000000000000000000000000000000000000000000000011001211122100
