00000000000000000000000000000000000000000000000000000000000000000000000000000000000000000000000000000000000000000000000000000000
00000000000000000000000000000000000000000000000000000000000000000000000000000000000000000000000000000000000000000000000000000000
00000000000000000000000000000000000000000000000000000000000000000000000000000000000000000000000000000000000000000000000000000000
00000000000000000000000000000000000000000000000000000000000000000000000000000000000000000000000000000000000000000000000000000000
00000000000330000003300000033000000330000003300000033000000330000003300000033000000330000003300000333300033330000003300000000000
00000000003333000033330000333300003333000033330000333300003333000033330000333300003333000033330003333330033333000033330000000000
00000000003333000033330000333300003333000033330000333300003333000033330000333300003333000033330003300330033033000033330000000000
00000000003303000033030000330300003303000033030000330300003303000033030000330300003303000033030003300330033033300033030000000000
00000000003303000033030000330300003303000033030000330300003303000033030000330300003303000033030000333300033003300033030000000000
00000000003303000033030000330300003303000033030000330300003303000033030000330300003303000033030000333300033003300033030000000000
00000000003303000033030000330300003303000033030000330300003303000033030000330300003303000033030003300330033033300033030000000000
00000000033333300333333003333330033333300333333003333330033333300333333003333330033333300333333003300330033033000333333000000000
00000000033333300333333003333330033333300333333003333330033333300333333003333330033333300333333003333330033333000333333000000000
00000000033003300330033003300330033003300330033003300330033003300330033003300330033003300330033000333300033330000330033000000000
00000000000000000000000000000000000000000000000000000000000000000000000000000000000000000000000000000000000000000000000000000000
00000000011111100111111001111110011111100111111001111110011111100111111001111110011111100111111001111110011111100111111000000000
00000000000000000000000000000000000000000000000000000000000000000000000000000000000000000111111001111110011111100111111000000000
00000000000330000003300000033000000330000003300000033000000330000003300000033000000330000000000000000000000000000000000000000000
00000000003333000033330000333300003333000033330000333300003333000033330000333300003333000000000000000000000000000000000000000000
00000000003333000033330000333300003333000033330000333300003333000033330000333300003333000000000000000000000000000000000000000000
00000000003303000033030000330300003303000033030000330300003303000033030000330300003303000000000000000000000000000000000000000000
00000000003303000033030000330300003303000033030000330300003303000033030000330300003303000000000000000000000000000000000000000000
00000000003303000033030000330300003303000033030000330300003303000033030000330300003303000000000000000000000000000000000000000000
00000000003303000033030000330300003303000033030000330300003303000033030000330300003303000000000000000000000000000000000000000000
00000000033333300333333003333330033333300333333003333330033333300333333003333330033333300000000000000000000000000000000000000000
00000000033333300333333003333330033333300333333003333330033333300333333003333330033333300000000000000000000000000000000000000000
00000000033003300330033003300330033003300330033003300330033003300330033003300330033003300000000000000000000000000000000000000000
00000000000000000000000000000000000000000000000000000000000000000000000000000000000000000000000000000000000000000000000000000000
00000000011111100111111001111110011111100111111001111110011111100111111001111110011111100000000000000000000000000000000000000000
00000000011111100111111001111110011111100111111001111110011111100111111001111110011111100000000000000000000000000000000000000000
00000000000000000000000000000000000000000000000000000000000000000000000000000000000000000000000000000000000000000000000000000000
00000000000000000000000000000000000000000000000000000000000000000000000000000000000000000000000000000000000000000000000000000000
