00000000000000000000000000001000000000000000000000010000000000000000000000000000000000000000000000000000000000000000000000000000
00000000000000000000000000000000000000000000000000000000000000000033300000000000003330000033300000333000000000000033300000000000
00000000000000000000000000000000000000000001000000000000000000000000030003000300000003000000030000000300030003000000030000000000
00000000000000000000000000000000000000000011100000000000010000000000030003000300000003000000030000000300030003000000030000000000
00000000000000000000000000000000000000000001000000000000000000000000030003000300000003000000030000000300030003000000030000000000
00000000000000000000000000000000010000000000000000000000000000000033300000333000000000010000000000000000003330000033300000000000
00000000000000000000000000000000000000000000000001000000000000000300000000000300000003000000030000000300000003000000030000001000
00000000000000000000000000000000000000000000000000000000000000000300000000000300100003000000030000000300000003000000030000011100
00000000000000000000010000000000000000001000000000000001000000000300000000000300000003000000030000000300000003000000030000001000
00000000000000000000000000000000000000000000000000000000000010000033300010000000000000000000000000000000000000000033300000000000
00000000000000000000000000000000000000000000000000000000000000000000003000000000000000000000003000000000000000000000000000000000
00000000000000000000000000000000000000000000000000000000000000000000000000000100000000000000000000000000000000000000000000000000
00000000000000000000000000000000010000000000000000000000100000000000000000000000000000000000000000000000000000000000000000000000
00000000100000000000000000000000000000000000000100000000000001000010010000000000000000010000000000000000000000000000000000000000
00000000000000000000000000000000000000000000000000000000000000000000000000000000000000000000000000000000000000000000000000000000
00000000000000000000000000000000000000000000000000000000000010000000000000000000100000000000000000000000000000000000000000000000
00000000000000000000010000000000000000000000000000000000000000000000000010000000000000000000000000000001000000000000000000100000
00000000000000000000000000000000000000000000100000010000000000000100010000000000000000000000000000000000000000000000000000000000
00000000000000000000000000000001000000000000000000000000001000100000000000000000000000000000000000000000000000000000000000000000
00000000000000000000000000000000000000000000000000000000000000000001000000001000000000000000000000000000000000000000000000000000
00000000000000000000000000000000000001000000000000000000000000100000000010000000000000000000000000000000000000000000000000000000
00000000000000000000000000000000000000000000000000000000100000000000000000000000000000000000000000000000000000000000000000000000
00000000000000000000000000000000000000000000000000010000000000000000010000000000000010000000000000000000000000000001000000000000
00000000001000000000000000000000000000000000000000000000000000000000000000000000000000000001000000000000000000000000000000000000
00000000000000000000000000000000000000000001000000000000000000000010000000000000100000000000000000000000000000000000000000000000
00000000000033300300000330030003033330333000000000003000000000000000000000000000003330003300300003000000000330000000000000000000
00000000000030030300003003003030030000300300000000033010000000100000000000000000003003030030300003000000003003000000000000000000
00000000000030030300003003000300030000300300000001003000000000000000000010000000003330030030300003001000000003000000000000000000
00000000000033300300003333000300033300333000000000003000000000000000000000000000003003033330300003000000000330000000000000000000
00000000000030000300003003000300030000303000000000003000000000000001000000000000003003030030300003000000003000000000000000000000
00000000000030000333303003000300033330300300000000003000000000000000000000000100003330030030333303333000003333000000000000000000
10000000000000000000000000000000000000000000000000000000100000010000000000000000000000000000000000000000000000000000000000000000
