13333331100000011111123223222110011000000000101100111001211123221000232222333111112322210002233333323333333333322223333333310000
13333332210000011111112333223221122110000001111110110001211123221000011111333101112333332222333223322333333333333322333333320000
13333333322100001000111233333332233322110001100121220001111113222100101100122101112333333333321222232333233333333322233333332000
23333333333200000000110112333333333333222122222122331001111112322100001100210001111332112332321111122332233333333222223333333100
13333333333210000000011101233333333333333332233333333101111111232200001100100021001232111221131001111122223333333222222333333200
13333333333200000001000111123333333333333333333333333321111111123320000000000100011132211101021001111112333233333322223333333200
13333333333200000000000011023333333333333333333333333333221111112332111211000000111123211100021001111111233222333322223333333200
13333333333200000000000000023333333333333333333333333333330011111223233332100122211112321110021000000111322233333332223333333200
00000000000001333333333333333333332322233333333333100110111111233333333233333321111232212101010000000111232222333332223333333200
00000000000001333333333333333333322211122222333333100100111111233333333333333333210112333322122000000001133222333333222333333300
00000001001001233333333333333333322221222222223333000100011110233333333333333333310100233333333211000011123212333333222333333300
00000011001001223000000000000000000000000000000332000100011110233333333331233223310000133333333332000000113312233333222333333300
00000000000010110033300333330033300333300333330221011111111110233333333211122212320000133333333333100000112321233333222333333300
01000000000000000300030003000300030300030003000112111111111100133333332111122212321000133333112222210000011321233333222233333300
11111111111111110300000003000300030300030003001111100000100101111223211111111111111111233222122221000000111321233333212233333300
12222222222222220033300003000300030333300003001111100001112222222233211111111111111112333111110000000001111331133333222233333300
12222222222222220000030003000333330303000003003321122222233322332233322233222222222233333111000000000001101331123333322233333300
12222222222222120000030003000300030300300003003333223333333333333333333333333333333333332111000000000000011331123333322233333200
12222222222222220300030003000300030300030003003333333333333333333333333333333333333333221111000000000000101331123333322233333300
13222222222222220033300003000300030300003003003333333333333333333333223222233332333332110000000000000001101321223333222233333200
12333323333333332000000000000000000000000000002333333333333333333332111000123333333332100000000000000000001321223333222233333200
12333333333333333322333333323333333322111111001223333333333333333333200000013333333333210000000000000000101311233333222333333200
13333333333333333333333333333333333310000000000013333333333333333333310000002333333333331000000000000000012311233332222233333200
12333333333333333333333333333333333320000000000012333333333333333333321000001233333333333100000000000000013212233332222233333200
01333333333000000000000000000000000000000000000001200033333333333333332100000133300000000000000000000000023000333322222233333200
01333333333033300300000330030003033330333000000000003033333333333333333200000023303330003300300003000010130030333322222233333200
00233333333030030300003003003030030000300300000000033033333333333333333310000013303003030030300003000001230330333222212223333200
00133333333030030300003003000300030000300300000000003033333333333333333321000012303330030030300003000002220030332122222333332000
00023333333033300300003333000300033300333000000000003033333333333333333332100001203003033330300003000012212030332222222333331000
00012333333030000300003003000300030000303001110000103033333333333333333333200001203003030030300003000022222030222222222333320000
00012333333030000333303003000300033330300301110000103023333333333333333333100001203330030030333303333022222030222222222233200000
00001333333000000000000000000000000000000000100111100013333333333333333331000011100000000000000000000022223000222222222332100000
