00000000000000000000000000000000000000000010000000000000000000000000000000000000000000000000000000000000000010000000000000000000
00000001000000000000000000000000000000000111000033000000000000003300000033330000033333333330000003333333333000003333330000033000
00000000000000000001000000100000000100000010000330000100000000033000000333333000033333333330000003333333333000033333330000333000
01000000000000000000000000000000000000000000003300000000000000330000003300003300000000003300000000000000330000033000000003333000
00000000000000000000000000000000000000000000033000000000000003300000033000000330000000003300000000000000330000033000000000033000
00000000000000000000000000000000000000000000330000000000010033000000033001000330000000033000000000000003300000033000000000033000
00000000000000000000000000000000000000000003333300000000000333330000033000000330010000033000000000000003300000333333300000033000
00000000001000000000000000000000000000000033333330010000003333333000033000000330000000330000000000000033000000333333300000033000
00000000000000000000000000000000000000000033300333000000003330033300033000000330000000330000000000000033000000330000330000033000
00000000000000000000000000000100000000000333000033300000033300003330033000000330000003300000000000000330000000000000033000033000
01000000000000000000000000000000000000000330000003300000033000000330033000000330000003300000000000000330000000000000033000033000
00000000000000000000000000000000000000000330000003300000033000000330033000000330000033000000000000003300000000000000033000033000
00000000000000000000000000000000000000010330000003300000033000000330033000000330000033000000000000003300000000000000033000033000
00000000000000000001000000000000000000000333000033300000033300003330033000000330010330000000000000033000000000300000330010033000
00000000000000000000000000000000000000000033300333000000003330033300003300003300000330000000000000033000000003330003330000033000
00000000000000000000000000000100000000000003333330000330000333333000000333333000003300000000033000330000000000333333300000033000
00000000000000000000000000000000000000000000333300000330000033330000000033330000033300000000033003330000000000033333000000033000
00000001000000000000000000000000000001000000000000000000000000000000000000000000000000000000000000000000000000000000000000000000
00000000000000000000000000000000000000000010000000000000000000000100001001000000000000000000000000000000000000000000000000000001
00000000000000000000000000000000000000000000000000000000000000000000000000000000000000000000000000000000000000000000000000000000
00000000000000000000000000000000000000000000000000000100000000000001000000000001000001000000000000000000100000000000000000000000
00000000000000000000010000000000000000000000000000000000000000000000000000001000000000000000000000000000000000000000000000000000
00000000000000000000000000000000000000000000000100000000000000000100000000000000000000000000000000000000000000000000000000000000
00000000000000000000000000000000000000000100000000000001000000100000000000000000000000000000000000000000000000000000000000000000
00000000000000000000000000000000000000000000000000000000000000000000001000000000000000000000000000000000000000000000000001000000
00000000000033300300000330030003033330333000000000003000000000000000000000000000003330003300300003000000000030000000000000000000
00000000000030030300003003003030030000300300000000033000000000000010000000100000003003030030300003000000000330000000000000000000
00000000000030030300003003000300030000300300000000003000010000100000000000000000003330030030300003000000000030000000000000000000
00100000000033300300003333000300033300333000000000003000000000000000000000000000003003033330300003000000000030000000000000000000
01110000000030000300003003000300030000303000000100003000000000000000000100000000003003030030300003000000000030001000000000000000
00100000000030000333303003000300033330300300000000003000000000000000000000000001003330030030333303333000000030000000000000000000
00000000000000000000000000000000000000000000000000000010000010000001000000000000000000000000000000000000000000000000000010000000
