00000000000000000000000000000000000000000000000000000000000000000000000000000000000000000000000000000000100000000000000000000000
00000000000000000000000000000000000000001003300000000000333330000000000030000000333300000000033333333330000033330000000033333000
00000000000000000000000000000000000000000033300000000003333333000000000330000003333330000000033333333330000333333000000333333300
00000000000000000000000000000000000000000333300000000033300033300000000330000033300333000001000000003300003330033300003330003330
00000000000000000000000000000100000000000003300000000033000003300100003330000330000003300000000000003300033000000330003300100330
00000000000000000000000000000000000000000003300100000000000003300000003330000330000003300000000000033000033000000330000001000330
00000000000000000000000000000000000000000003300000000000000003300000033330000330000103300000000000033000033000000330000000000330
00000000000000010000000000000000000001000003300000000010000033000000330330000330000003300000000000330000033000000330000000003300
00000000000000000000000000000000000000000003300000000000003333000000330330000333000033300000000000330000033300003330000000333300
00000000000000000000000000000000000000000003300000000000003333000003300330000033333333000000000003300000003333333300000000333300
00000000000000000000000000000000000000000003300000000000000033300033300330000003333333000000000003300000000333333300000000003330
00000000000000000000000000000000000000000003300000000000000003300333000330000000003330000000000033000000000000333000000000000330
00000000000000000000000000000100000000000003300000000000101003300333333333300000003300000000000033000000000000330000000000000330
10000000000000000000000000000000000000000003300000000330000003300333333333300000033000000010000330000000000003300000033000000330
00000000000000000000000000000000000000000003300000000333000033300000000330000000330000000000000330000000000033000000033300003330
00000000000000000000000000000000000000000003300003300033333333000000000330000003300000000330003300000000000330000000003333333300
00000000000000000000000000000000000000000003300003300000333330000000000330000033000100000330033300000000003300100000000033333000
00000000000000010000000000000000000000000000000000000000000000000010000000100000000000000000000000000000000000000000000000000000
00000000000000000000000000000000000000000000000000100000001000000000001000000000000000000000000000000000000000000000000000000000
00000000000000000000000000000000000000000000000000000000000000100000100000000000000000000000000000000000000000000000000000000000
00000000000000000000000000100000000000000000000000000000000000000001000000100000000000000000000000000000000000000000000000000000
00000000000000000000000000000000010000000000000000000000000000000000000001000001000000000000000000000000000000000000000000000000
00000000000000000000000000000000000000000000000000000000100000100000001000000000000000000000000000000000000000000000000000000000
00000000000000000000000000000000000000000000000000010000000000000000000000000000000000000000000000000000000000000000000000001000
00010000000000000000000000000000000000000000000000000000000000000000000000000000000000000000000000000000000000000000000000011100
00111000000033300300000330030003033330333000000000003000000000000000000000000000003330003300300003000000000030000000000000001000
00010000000030030300003003003030030000300300000000033000000000000010000000000000003003030030300003000000000330000000000000000000
00000000000030030300003003000300030000300300000000003000000000000000000000000000003330030030300003000000000030000000000000000000
00000000000033300300003333000300033300333000000000003000000000100000000000100000003003033330300003000000000030000000000000000000
00000000000030000300003003000300030000303000000100003000000000000000000001110000003003030030300003000000000030000000000000000000
00000000000030000333303003000300033330300300000000003000000000000000000000100000003330030030333303333000000030000000000000000000
00000000000000000000000000000000000000000000000000000000000000000000000000000000000000000000000000000000000000000000000000000000
