00000000000000000000000000000000000000000000000000000000000000000000000000000000000000000000000000000000000000000000000000000000
00000000000000000000000000000000000000000000000000000000000000000000000000000000000000000000000000000000000000000000000000000000
00000000000000000000000000000000000033333000003333000000333330000333333300033333330000000000000000000000000000000000000000000000
00000000000000000000000000000000000331111100033111100003311111000311111110031111111000000000000000000000000000000000000000000000
00000000000000000000000000000000000311111110331111110033111111100311111111031111111000000000000000000000000000000000000000000000
00000000000000000000000000000000000311000110311100111031110001110311000311031100000000000000000000000000000000000000000000000000
00000000000000000000000000000000000311333000311000010031100003110311333311031133330000000000000000000000000000000000000000000000
00000000000000000000000000000000000011111100311000000031100003110311111110031111111000000000000000000000000000000000000000000000
00000000000000000000000000000000000001111110311000300031100003110311111100031111111000000000000000000000000000000000000000000000
00000000000000000000000000000000000330003110311003310031100033110311001110031100000000000000000000000000000000000000000000000000
00000000000000000000000000000000000311333110011133111001113331110311003110031133330000000000000000000000000000000000000011111110
00333133313333133333333331133333331033333333331000333100000000000333333333310333333333311033333333331100333100333100333333333310
00011133311011133331113331100333111033311113331000333100000000000333111133310333311133311003331113331100331100033100333111133310
00011133311011133311111331100333111033311003331000333100000000000333111133310333111113311003331111331100331000033100333110033310
00000033311000033311000331100333100033310003331000333100000000000333100033310333110003311003331000331100331000033100333110033310
00000033311000033311000331100333100001110003331000333100000000000333100033310333110003311003331000331100331000033100333300001110
00000033311000033311000331100333100003333333331000333100000000000333100033310333110003311003331000331100331000033100333333333110
00000033311000033311000331100333100033333333331000333100000000000333100033310333110003311003331000331100331000033100033333333300
00000033311000033311000331100333100033333333331000333100000000000333100033310333110003311003331000331100331000033100001333333310
00000033311000033311000331100333100033311113331000333100000000000333100033310333110003311003331000331100331000033100001111133310
00000033311000033311000331100333100033310003331000333100000000000333100033310333110003311003331000331100331000033100333000033310
00003333333000033311000331100333100033310003331000333100000000000333100033310333110003311003331000331100331000033100333100033310
00003333333110033331003331100333100033310003331000333100000000000333100033310333310033311003331000331100331100033100333300033310
00003333333110033333333331100333330033333333333003333300000000000333333333310333333333311033333033333300333100333100333333333310
00003333333110033333333331100333331133333333333103333310000000000333333333110333333333311033333133333310333333333100333333333310
00003333333110003333333331100333331133333333333103333310000000000333333333110033333333311033333133333310333333333100333333333310
00003333333110003333333331100333331133333333333103333310000000000333333333110033333333311033333133333310333333333100333333333110
00003333333110000333333311000033331103333333333103333310000000000333333331100003333333110033333133333310033333331100333333333110
00003333333110000033333111000001331100133311333103333310000000000333113311100000333331110033333133333310003333311000333111111100
00000011111110000001111110000000111100011110111100111110000000000011101111000000011111100001111100111110000111110000001101111000
00000000000000000000000000000000000000000000000000000000000000000000000000000000000000000000000000000000000000000000000000000000
00000000000000000000000000000000000000000000000000000000000000000000000000000000000000000000000000000000000000000000000000000000
