00000000000000000000000000000000000000000010000000000000000000000000000000000000001000000000000000011100000010000000000000000000
00000001000000000000000000000000000000000111000000000000000000000000000000000000000000000000000000001000000000000000000000000000
00000000000000000001000000100000000100000010000000000100000000010000000000000000000000000000000000000000000000000000000000000000
01000000000000000000000000000000000000000000000000000000000000000000000000000000000000000010000000000000000000000000000000000000
00000000000000000000000000000000000000000000000000000000000000000000000000000000000000000000000000000000000000000000000000000000
00000000000000000000000000000000000000000000001000000000010000000000000001000000000000000000000000000000000000000000000000000000
00000000000000000000000000000000000000000000000000000000000000000000100000000000010000000000000000000000000000000000000000000000
00000000001000000000000000000000000000000000000000010000000000001000000000000000000000000000000000000010000000000000000000001000
00000000000000000000000000000000000000000000000000000000000000000000000000001000000000000000000000000000000000010000000000000000
00000000000000000000000000000100000000000000010000000000100010000000000000000000000000000000000000000000000000000000000000000000
01000000000000000000000000000000000000000000000000000000000000000000010000000000000000000000000000000000000000000000000000000000
00000000000000000000000000000000000000000000000000000000000000000000000000000000000000000000000000000000000000000000000000000000
00000000000000000000000000000000000000010000000000100000010000000000000000000000000000000000000000000000000000000000000000000000
00000000000000000001000000000000000000000000000000000000000001000101000000000000010000000000000000000000000000000000000010000000
00000000000000000000000000000000000000000000000000000000000000000000000000000000000000000000000000000000000000000000000000000000
00000000000000000000000000000100000000000000000000000000000000000000001000000000000000000000000100000000000001000000000000000000
00000000000000000000000000000000000000000000000100000100000100000000000000000000000000000000000000000000000000000000000000000000
00000001000000000000000000000000000001000000000000000000000000000000000000000000000000000000000000000000000000000000000000000000
00000000000000000000000000000000000000000010000000000000000000000100001001000000000000000000000000000000000000000000000000000001
00000000000000000000000000000000000000000000000000000000000000000000000000000000000000000000000000000000000000000000000000000000
00000000000000000000000000000000000000000000000000000100000000000001000000000001000001000000000000000000100000000000000000000000
00000000000000000000010000000000000000000000000000000000000000000000000000001000000000000000000000000000000000000000000000000000
00000000000000000000000000000000000000000000000100000000000000000100000000000000000000000000000000000000000000000000000000000000
00000000000000000000000000000000000000000100000000000001000000100000000000000000000000000000000000000000000000000000000000000000
00000000000000000000000000000001000000000000000000001000000000000000001000000000000000000000100000000000000000000000000001000000
00000000000000000000000000000000000000000000000000000000000000000000000000000000000001000000000000000000000000000000000000000000
00000000000000000000000000000000000000000000000000000000000000000010000000100000000000000000000000000000000000000000000000000000
00000000000010000000000000000000000000000000000000000000010000100000000000000000000000000000000000000000000000000000000000000000
00100000000000000000000000000000000001000000000000000000000000000000000000000000000000000000000000000000000000000000000000000000
01110000000000000000000000000000000000000000000100000000000000000000000100000000000000000000000000000100000000001000000000000000
00100000000000000000000000000000000000000000000000000000000000000000000000000001000000000000000000000000000000000000000000000000
00000000000000000000000000000000000000000010000000000010000010000001000000000000000000000001000000000000000000000000000010000000
