11222222222222222222222111000000000000101111111100011110111111111111111111111111112111111111111111112222221222122211111111111100
21222222222221222222222211000000000000001111110000011100111111111111111111111111111111111111111111112222221222112221111111111110
22222222222222222222222211100000000000000110110000001100000111111111111111111111111111111111111111222222222222222221111111111100
21123322111232222222222211100000000000000000000000000000000111111111111111111111111111111111111111112211112222222221111111111110
21113332110122222222222211100000000000000000000000000000000010010001101111111111111111111111111111112211112222222211112222111110
11002322210012222222222221110000000000000000000000000000000000000000000001111111111111111111111111112221111222222211122222211100
21001222221112222222222221110000000000000000000000000000000000000000000001111111111111111111111111112221121222222211212222211100
21111222222112222222222222110000000000000000000000000000000000000000000000111111101111111111111111111221122222212222111121111100
22221222222222222222222222221100000000000000000000000000000000000000000000111112101111111111111111111122221222211221111222111100
22222222222222222222222222221110000000000000000000000000000000000000000000011112111111111111111111110121122222211221111221111100
22222222222222222222222222221110000000000000000000000000000000000000000000001102111111011111111111110121122122211222211221111111
22222222222222222222222222222110000000000000000000000000000000000000000000000011111110000111111111100011112122211222212211111111
21222222222222222222222222322211111000000000000000000000000000000000000000000001111100000111111111110011111222211222222211111100
21122222211222222222222222322221111100000000000000000000000000000000000000000000111000000011111111111111111211211212211210111100
21212222111222222222222222322222222110000000000000000000000000000000000000000000000000000000111111111111111111111112111100111000
22222222222222222222222222222222222211111110000000000000000000000000000000000000000000000000001101111111111121111221111100111100
12222222222222222222222222222222222222111111101011000000000000000000000000000000000000000000000100111111111121111111111101111100
12222111222222222222222223232322232222222222111111111000000000000000000000000000000000000000000010010111111122222211111111111100
22221111222222222223232232233333333333333222222222221100000000000000000000000000000000000000000010000011111112211211111111111100
22222222222222222222322323233333333333333333333222222110100000000000000000000000000000000000000000000011111111111211111011111100
22222222222222222222233323233333333333333333333333333222211000000000000000000000000000000000000000000001111111111121111112321111
22222222222222222222223333333333333333333333333333333333222100000000000000000000000000000000000000000000111111111121111113211122
22222222222222222222223333333333333333333333333333333333333222110000000000000000000000000000000000000000011111111111111122100122
22222222222222222222222233333333333333333333333333000033333322000011000000000000000000000000000000000000000011100000111222000022
22222222222223322222222233333333333333333333333333000033333333000021000000000000000000000000000000000000000011000002111222000022
22222222222222322222222333333333333333333333333333000033333333000022110000000000000000000000000000000100000011000002111222000022
22222222222222222222222333333333333333333333333333000033000033000033200000000000000000000000000000000000000110000012112222000022
22222222222222222222222322333333233333333333333333000033000033000033000000000000000000000000000000000000000100000011112222000022
22222222222222232222222222233333333333333333333333000033000033000033000000000000000000000000000000000000001100000111122222000011
22222222222222222322222222222222333333333333333333000033000033000033000000000000000000000000000000000000011100000111122222000000
22222222222222222222211111222222222232233333333333333333333333333333333333332111000000000000000000000000011101211111112222221110
22222222222222222222111111122222222222222223333333333333333333333333333333333211000000000000000000000000011110121111111222112110
