10000021000000000000000000000000000000000000000000000000111233322222333333333333332222223333233333333333332000000000000000000000
10333022000033303330000003000300030000000300030003000000111123332322323333333333332222223322333333333333332000000000000000000000
10333022000000300030000030303030303000003030303030300000111112333222233333333333333322323322233333333333333100000000000000000000
10033022000003000300000003003030303000003030303030300000111112333222233333333333333322322233333333333333333100000000000000000000
13033032000003000300000030303030303000003030303030300000011111233322232233333333333323323223333333333333333200000000000000000000
12033033000030003000000030303030303000003030303030300000001111233332222233333333333333222233333333333333333300000000000000000000
01033033000030003000030003000300030003000300030003000000001111123332222223333333333333222333333333333333333310000000000000000000
01033033000000000000000000000000000000000000000000000000001111123332222222333333333333222223333333333333333320000000000000000000
01000033333333333333333333333333333333333331000000000000000111112333222222333333333333222223333333333333333320000000000000000000
01102333333333333333333333333333333333333332000000000000000011112333222222333333333333222223333333333333333320000000000000000000
01012333233333333333333333333333333333333332000000000000000011112333322222233333333333222223233333333333333330000000000000000000
00002323333333333333333333333333333332333332000000000000000011112233322222333333333333222223323333333333333331000000000000000000
01002333333333333333333222221222223332333332000000000000000011111233322222233333333333322222333333333333333331000000000000000000
00002333333333333333333111111112222333333331000000000000000001111233322122233333333333322222323333333333333331000000000000000000
00002333333333333333332112212223332333333321000000000000000001111233332222233333333333322222323333333333333332000000000000000000
00001222222222222222222222333322222222222111000000000000000000111233322222223333333333322222223333333333333332000000000000000000
00001111111111111112222333333321111111011000000000000000000000011223322222233333333333322222233333333333333331000000000000000000
00000110011111112122222222233321111111111011000000000000000011111223332222223333333333322222232333333333333331000000000000000000
01221111122211222222222222222111111111100000000000000000000001111133332222233333333333322222232333333333333331000000000000000000
12221222222222222222222222222111111111100000000000000000000001111133332222233333333333332222223333333333333331000000000000000000
12222222222222222222222222221112100111100000000000000000000000111133331122233333333333322222222333333333333330000000000000000000
12222122222222222222222222211111111011000100000000000000000001000233331122233333333333322222233333333333333330000000000000000000
12222222222222222222222221111111111011100000000000000000000000110233321122223333333333322222333333333333333320000000000000000000
12222222222222222222221110111111110000000000000000000000000000011133322122233333333333322222333333333333333310000000000000000000
13322222233200000000000000000000000000000000000000000000000000001233322122233333300000000000000000000000000000000000000000000000
13332222233000330300300330003300333000330033300000003000000000011233322222233333033000300300003000033303030333033000300000000000
13332322222000030300303003030030300303003030030000033000000000001233321122223333030303030300030300030003030030030303030000000000
12332322222000030300303000030030300303003030030000003000000000111233221222233333033003030300030300030000300030030303030000000000
13233332222000030300303033033330300303003033330000003000000000011233211222233333030303030300033300033000300030033303330000000000
13333322223030030300303003030030300303003030300000003000000000112333211222333333030303030300030300030003030030033003030000000000
13333333323003300033000330030030333000330030030000003000000000112332212222333333033300300333030300033303030030030303030000000000
13333333333300000000000000000000000000000000000000000000000000112332112222333333300000000000000000000000000000000000000000000000
