00000000000000000000000000000000000000000000000000000000000100000000000000000000000000000000000000000000000000000000000000000000
00000000000000000000000000000000000000000000000000000000000000000033300000333000003330000033300000333000003330000033300000000000
00000000000010000000000000000000000000000000100000000000000000000000030003000000030003000000030010000300030000000300000000000000
00000000000000000000000000000100000000000000000000000000000000010000030003000000030003000000030000000300030000000300000000000000
00000001000000000000000000000000000000000000000000000000000000000000030003000000030003001000030000000300030000100300000000000000
00000000000000000000000000000000000000000000000000000000000000000033300000333000000000000033300000333000003330000033300000000000
00000000000000000000000000000000000000000000000000000000000000000300000010000300030003000000030003000000000003000300030000000000
00000000000000000000000000000000000000001000000000000000000000000301000000000301030003000000030003000000000003000300030000000000
00000000000000010000000000000000000000000000000000001000000000010300000000000300030003000000030003000000000003000300030000000100
00000000000000000000000000000000100000000000001000000000100000000033300000333000003330000033300000333000003330000033300000000000
00000000000000000000000000000000000000000000000000000000000010000000003000000000000000000000003000000000000000000000000000000000
00000000000000000000000000000000000000000000000000000000000000000000000000000000000001000000000000000000000000000000000000000000
00000000000000000000000000000000000000000100000000010000010000000000000000000000000000000000000000000000000000000000000000000000
00000000000000000000000100000000000000000000000000000000000001001001000000000001000000000000000000000000000000000010000000000000
00000000000000000000000000000000000000000000000000000000000000000000000000100000000000000000000000000000000000000000000000000000
00000000000000000000000000000000100000000000000000000010000100000000010000000000000000000001000000000000010000000000000000000000
00000000000000001000000000000000000000000000000000000000000000000000000000000000000000000000000000000000000000000000000000000000
00000000000010000000000000000000000000010000000000000000000000000100000010000000000000000000000000000000000000000000000000000000
00000000000000000000000000000000000000000000000000000000000001000000000000000000000000000000000000000000000000000000000000000000
00000000000000000000000000000000000000000000000000000010000000000010000000000000000000000000000000000000000000000000000000000000
00000000000000000000000010000000000000000000000000000000000000000000000000000000000000000000000000000000000000000000000000000000
00001000000000000000000000000000000000000000000010000000000000001000000000000000000000000000000000000000000000000000000000000000
00000000000000000000000000000000000000000001000000000000100001000000000000000000000000000000000000000000000000000000000000000000
00000000000000000000000000000000001000000000000000001000000000000000010000000000000000000100000000000000000000000000100000000000
00000000000000000000000000000000000000000000000000000000000000000100000000000000000000000000000000000000000000000000000000000000
00000000000033300300000330030003033330333000000000003000000000100000000000000000003330003300300003000000000330000000000000000000
00000000000030030300003003003030030000300300000000033000001000000000000000000000003003030030300003000000003003000000000000000000
00000000000030030300003003000300030000300300000010003000000000000000000000000000003330030030300003000000000003000000000000000000
00000000100033300300003333000300033300333000000000003000000000000000001000000100003003033330300003000000000330000000000000000000
00000000000030000300003003000300030000303000100000003001000000000001000000000000003003030030300003000000003000000010000000000100
00000000000030000333303003000300033330300300000000003000000000000000000000000000003330030030333303333000003333000000000000000000
00000000000000000000000000000000000000000000000000000000000000000000000000000000000000000000000000000000000000000000000000000000
