00000000000000000000000000000000000000000010000000000000000000000000000000000000001000000000000000000000000000100000000000000000
00000000001000000000000000000000000000000000000000000000000000000000000000000000000000000000000000000000000000000000000000000000
00000000011100000000000000100000000100000000000000000000000000010000000000000000000000000000000000000000000000000000000000000000
00000000001000000000000000000000000000000000000000000100000000000000000000000000000000000000000000000000000000000000000000000000
00000000000000000000000000000000000000000000000000000000000000000000000000000000000000000001000000000000000000000000000000000000
00000000000000000000000000000000000000000000001000000000000000000000000001000000000000000000000000000000000000000000000000000000
00000000000000000000000000000000000000000000000000000000000000000000100000000000000000000000000000000000000000000000000000000000
00000000001000000000000000000000000000000000000000010000000000001000000000000000000000000000000000000001033000000330033000000330
00000000000000000000000330000330000003300003300000000033000033000330000003300330000003300000033000000330033000000330033000000330
00000000000000000000000330000330000003300003300000000000000003300330000003300330000003300000033000000330033000000330033000000330
00000000000000000000000330000330000003300003300000000000000003300330001003300330000003300000033000000330033000000330033000000330
00000000000000000000000330000330000003300003300000000000000003300330000003300330000003301000033000000330033000000330033000000330
00000000000000000000000330000330000003300003300000100000010003300330000003300330000003300000033000000330033000000330033000000330
00000000000000000001000330000330000003300003300000000030000033000330000003300330010003300000033000000330033000000330033001000330
00000000000000000000000330000033000033000003300000000333000333000033000033000033000033000000003300003300003300003300003300003300
00000000000000000000000330000003333330000003300003300033333330000003333330001003333330000330000333333000000333333000000333333000
00000000000000000000000330000100333300000003300003300003333300000000333300000000333300000330000033330000000033330000000033330000
00000000000000000000000000000000000001000000000000000000000000000000000000000000000000000000000000000000000000000000000000000000
00000000000000000000000000000000000000000010000000000000000000100000001001000000000000000000000000000000000000000000000000000001
00000000000000000000000000000000000000000000000000000000000000000000000000000000000000000000000000000000000000000000000000000000
00000000000000000000000000000000000000000000000000000100000000000000000000000000000001000000000000000000000000000000000000000000
00000000000000000000010000000000000000000000000000000000000000000000000000000100000000000000000000000000000000000000000000000000
00000000000000000000000000000000000000000000000100000000000000000100000000000000000000000000000000000000000000000000000000000000
00000000000000000000000000000000000000000000000000000000100000100000000000000000000000000000000000000000000000000000000000000000
00000000000000000000000000000000000000000000000000000001000000000000001000000000000000000000000000000000000000000000000000000000
00000000000000330300300330003300333000330033300000003000000000000000000000000000033000300300003000033303030333033000300000000000
00000000000000030300303003030030300303003030030000033000000000000100000000100000030303030300030300030003030030030303030000000000
00000000000000030300303000030030300303003030030000003000001000010000000000000000033003030300030300030000300030030303030000000000
00000000000000030300303033033330300303003033330100003000000000000000000000000000030303030300033300033000300030033303330000000000
00000000000030030300303003030030300303003030300000003000000000000000000000000000030303030300030300030003030030033003030000000000
01000000000003300033000330030030333000330030030000003000000000000000000100000000033300300333030300033303030030030303030000000000
11100000000000000000000000000000000000000000000000000000000000000000100000000000000000000000000000000000000000000000000000000000
