00000000000000000000000000000000000000000000000001111110111111100111110001111110000000000000000000000000000000000000000000000000
00000000000000000000000000000000000000000000000001111110111111101111111001111110000000000000000000000000000000000000000000000000
00000000000000000000000000000000000000000000000000011000110000001110000000011000000000000000000000000000000000000000000000000000
00000000000000000000000000000000000000000000000000011000111110000111110000011000000000000000000000000000000000000000000000000000
00000000000000000000000000000000011111000000000000011000110000000000111000011000000000000111110000000000000000000000000000000000
00000000000000000000000000000000000000000000000000011000111111101111111000011000000000000000000000000000000000000000000000000000
00000000000000000000000000000000000000000000000000011000111111100111110000011000000000000000000000000000000000000000000000000000
00000000000000000000000000000000000000000000000000000000000000000000000000000000000000000000000000000000000000000000000000000000
03333300033333003300000033333330330003300333330000333300333330000333330000000000000000000000000000000000000000000000000000000000
33333330333333303300000033333330333003303333333000333300333333003333333000000000000000000000000000000000000000000000000000000000
33300000330003303300000033000000333303303300033000033000330033303330000000000000000000000000000000000000000000000000000000000000
03333300330003303300000033333000333333303300033000033000330003300333330000000000000000000000000000000000000000000000000000000000
00003330330003303300000033000000330333303300033000033000330033300000333000000000000000000000000000000000000000000000000000000000
33333330333333303333330033333330330033303333333000333300333333003333333000000000000000000000000000000000000000000000000000000000
03333300033333003333330033333330330003300333330000333300333330000333330000000000000000000000000000000000000000000000000000000000
00000000000000000000000000000000000000000000000000000000000000000000000000000000000000000000000000000000000000000000000000000000
11000000001111000011111011000110011111100111110000000000000000000000000000000000000000000000000000000000000000000000000000000000
11000000001111000111111011000110011111101111111000000000000000000000000000000000000000000000000000000000000000000000000000000000
11000000000110001110000011000110000110001110000000000000000000000000000000000000000000000000000000000000000000000000000000000000
11000000000110001100111011111110000110000111110000000000000000000000000000000000000000000000000000000000000000000000000000000000
11000000000110001110011011111110000110000000111000000000000000000000000000000000000000000000000000000000000000000000000000000000
11111100001111000111111011000110000110001111111000000000000000000000000000000000000000000000000000000000000000000000000000000000
11111100001111000011111011000110000110000111110000000000000000000000000000000000000000000000000000000000000000000000000000000000
00000000000000000000000000000000000000000000000000000000000000000000000000000000000000000000000000000000000000000000000000000000
01111100100000100011110001111110001111001100011011111110011111000000000000000000000000000000000000000000000000000000000000000000
11111110110101100011110001111110011111101100011011111110111111100000000000000000000000000000000000000000000000000000000000000000
11100000110101100001100000011000110001101100011011000000111000000000000000000000000000000000000000000000000000000000000000000000
01111100111111100001100000011000110000001111111011111000011111000000000000000000000000000000000000000000000000000000000000000000
00001110011111000001100000011000111001101111111011000000000011100000000000000000000000000000000000000000000000000000000000000000
11111110011011000011110000011000011111101100011011111110111111100000000000000000000000000000000000000000000000000000000000000000
01111100010001000011110000011000001111001100011011111110011111000000000000000000000000000000000000000000000000000000000000000000
00000000000000000000000000000000000000000000000000000000000000000000000000000000000000000000000000000000000000000000000000000000
