00000000000000000000000000000000000000000000000001111110111111100111110001111110000000000000000000000000000000000000000000000000
00000000000000000000000000000000000000000000000001111110111111101111111001111110000000000000000000000000000000000000000000000000
00000000000000000000000000000000000000000000000000011000110000001110000000011000000000000000000000000000000000000000000000000000
00000000000000000000000000000000000000000000000000011000111110000111110000011000000000000000000000000000000000000000000000000000
00000000000000000000000000000000011111000000000000011000110000000000111000011000000000000111110000000000000000000000000000000000
00000000000000000000000000000000000000000000000000011000111111101111111000011000000000000000000000000000000000000000000000000000
00000000000000000000000000000000000000000000000000011000111111100111110000011000000000000000000000000000000000000000000000000000
00000000000000000000000000000000000000000000000000000000000000000000000000000000000000000000000000000000000000000000000000000000
01111100011111001100000011111110110001100111110000111100111110000111110000000000000000000000000000000000000000000000000000000000
11111110111111101100000011111110111001101111111000111100111111001111111000000000000000000000000000000000000000000000000000000000
11100000110001101100000011000000111101101100011000011000110011101110000000000000000000000000000000000000000000000000000000000000
01111100110001101100000011111000111111101100011000011000110001100111110000000000000000000000000000000000000000000000000000000000
00001110110001101100000011000000110111101100011000011000110011100000111000000000000000000000000000000000000000000000000000000000
11111110111111101111110011111110110011101111111000111100111111001111111000000000000000000000000000000000000000000000000000000000
01111100011111001111110011111110110001100111110000111100111110000111110000000000000000000000000000000000000000000000000000000000
00000000000000000000000000000000000000000000000000000000000000000000000000000000000000000000000000000000000000000000000000000000
11000000001111000011111011000110011111100111110000000000000000000000000000000000000000000000000000000000000000000000000000000000
11000000001111000111111011000110011111101111111000000000000000000000000000000000000000000000000000000000000000000000000000000000
11000000000110001110000011000110000110001110000000000000000000000000000000000000000000000000000000000000000000000000000000000000
11000000000110001100111011111110000110000111110000000000000000000000000000000000000000000000000000000000000000000000000000000000
11000000000110001110011011111110000110000000111000000000000000000000000000000000000000000000000000000000000000000000000000000000
11111100001111000111111011000110000110001111111000000000000000000000000000000000000000000000000000000000000000000000000000000000
11111100001111000011111011000110000110000111110000000000000000000000000000000000000000000000000000000000000000000000000000000000
00000000000000000000000000000000000000000000000000000000000000000000000000000000000000000000000000000000000000000000000000000000
03333300300000300033330003333330003333003300033033333330033333000000000000000000000000000000000000000000000000000000000000000000
33333330330303300033330003333330033333303300033033333330333333300000000000000000000000000000000000000000000000000000000000000000
33300000330303300003300000033000330003303300033033000000333000000000000000000000000000000000000000000000000000000000000000000000
03333300333333300003300000033000330000003333333033333000033333000000000000000000000000000000000000000000000000000000000000000000
00003330033333000003300000033000333003303333333033000000000033300000000000000000000000000000000000000000000000000000000000000000
33333330033033000033330000033000033333303300033033333330333333300000000000000000000000000000000000000000000000000000000000000000
03333300030003000033330000033000003333003300033033333330033333000000000000000000000000000000000000000000000000000000000000000000
00000000000000000000000000000000000000000000000000000000000000000000000000000000000000000000000000000000000000000000000000000000
