00000000001000000001000000000010000000000000000000000000000000011100000000000000000000000000000000000000000000000000000000000000
00000000000000000000000000000000000000000001100000000000111110001000111110000001111110000000000001001100000111111000000011111001
00000000000000000000000000000000000000000011100000000001111111000001111111000011111111000000000010011000001111111100000111111100
00000000000000000000000000000000000000000111100000000011100011100011100011100011000011000000000000110000001100001100001110001110
00000000000000000000000000000000000000000001100000000011000001100011000001100110000001100000000001100000011000000110001100000110
00000000000000000000000000000000001000000001100000000000000001100000010001100110000001100000000011000000011000000110001100000110
00000000000000000000000000000000000000000001100001000000000001101000000001100111000011100000000111110000011100001110000000000110
00000000000000000000000000000000000000000001100000000000000011000000000011000011111111000000001111111000001111111100000000100110
00000000000000000000000100000000000000000101100000000001001111000000001111000001111110000000001110011100000111111000000000001100
00000000000000000000000000000000000000000001100000000000001111000000001111000011111111000000011100001110001111111100000000001100
00000000000000000000000000000000000000000001100000000000000011100000000011100111100111100000011000000110011110011110000000011000
00000000000000000000000000000000000000000001100000000000000001100000000001100111000011100000011000000110011100001110000000110000
00000000000000000000000000000000001000000001100010000000101001100000000001100110000001100000011000000110011000000110000001100000
00000000001000000000000000000000000000000001100000000110000001100110000001100110000001100000011100001110011000000110000011000000
00000000000000000000000000000000000000000001100000000111000011100111000011100111000011100000001110011100011100001110000110000000
00000000000000000000000000000000000000000001100001100011111111000011111111000011111111000110000111111000001111111100001111111110
00000000000000000000001000000000000000000001100001100000111110000000111110000001111110000110000011110010000111111000011111111110
00000000000000000000000000000000000000000000000000001000000000000000000000000000000000000000000000000000000000000000000000000000
00000000000000000000000000000000100000000000000000000000000000000010000100000000000000000000000000000000000000000000000000000000
00000000000000000000000000000000000000100000000000000000001000000000100010001000000000000000000000000000000000000000000000000000
00000000000000000000000000000000000000000000000000000000000000100000000000000000000000000000000000000000000000000000000000000000
00000000000000000000000000000000000000000000000000001000010000000000010000000000000000000000000000000000000000000000000000000000
00000000000000000000000000000000000000000000000000000000000000000000000000000000000100000010000000000000000000000100000000000000
00000000000010000000000000000000000000000000000000000000000000000000000000000001000000000000000000000000000000000000000000000000
00000000000000000000000000000000000000000000100000000000000000000100000000000000000000000000000000000000000000000000000000000000
00000000000011100100000110010001011110111000000000001010000000100000000000000000001110001100100001000000000010000000000000000000
00000000000010010100001001001010010000100100000000011000000000000000000000000000001001010010100001010000000110000000000000000000
00000000000010010100001001000100010000100100000000001000000000000000000100000000001110010010100001000000000010000000000000000000
00000000000011100100001111000100011100111000000000001000000000000000000000000000001001011110100001000000000010000000000000000000
00000000000010000100001001000100010000101000000000001000000000010001000000001000001001010010100001000000000010000000000000000000
00100000000010000333303003000300033330300300000000003000010000111000000000000000003330030030333303333000000030000000000000000000
00000000000000000000000000000000000000000000000000000000000000010000000000000000000000000000000000000000000000000000000000000000
