22222222222222222223331000000000000000000000000000000000000000000000000000000000002333333333333333333333210000000001110000122222
22222222122222222223332000000000000000000000000000000000000000000000000000000000002333333333333333333333211000000000110000122222
22222222122222222222233210000000000000000000000000000000000000000000000000000000001333333333333333333333221100000000110000012222
22222222222222222222223320000000000000000000000000000000000000000000000000000000001333333333333333333333221100000000121000011222
22200000000000000022222332000000000000000000000000000000000000000000000000000000001333333333333333333333000000000000100000000222
22203333333333333102220000000000000000000333333320000002333333300000000000000000001333333300000000333333033333300000023333330112
22203133133313313200200122221000000000000313313320000003331331300000000122221000001333333001222210033330231331310000223133130112
22203333333333333220013333333310000000000333333331000003333333300000013333333310000333300133333333103302233333330002223333330111
22201133333333311222233333333333100000000333333332000013333333300002233333333333100333022333333333331022233333331022213333330022
22222131333331311122233333333333300000000333333332000023333333300022233333333333301330222333333333333022133333332222113333330012
22222033333333321122223333333333320000000333333333000033333333300122223333333333320301222233333333333221133333333221113333330011
22222033333333321122223333333333331000000313333313100131333331300122223333333333331001222233333333333321131333313311113133130121
22222033333333321122222233333333333100000333333333100233333333301122222233333333333101222222333333333331133333333331113333330221
22222033333333321122222233333333333100000333333333200333333333301122222233333333333101222222333333333333133333333333113333330221
22222031333331321122222223333333333100000333333333200333333333301122222223333333333301222222233333333333133333333333313333330221
22222033333333231122222222333333333100000333333233311333323333301122222222333333333301222222223333333333133333333331323333330220
22222033333332231112222223333333333202000333333222211333223333301112222223333333333301122222233333333332133333332333333333320220
22222033333322231111122222223333333202100313312221222313222131301111122222223333333201111222222233333332133333322333333333220220
22222033333222231111122222222322322103320333322122222332212333201111122222222322322201111222222223223222131333121331333332120221
22222031332221231111111222222222222022320333222112222222112332201111111222222222222001111112222222222221133332221133333322220221
22222033322222233111111222222222222022330332222112222231112322200111111222222222222000111112222222222221133322221113333222220221
22200033222222233311111111222222221222230222222102222231012222200111111111222222221000111111112222222211133222221113332222220222
22202222222222222211111111112122210222220222222102232221012222200011111111112122210100011111111121222111122222221111322222220222
22202122122221221231111111111111102222220212212102122121012121200001111111111111101120001111111111111011122222221111132222220222
11202222222222222233111111111110022222220222222102222221012222200000111111111110011222000111111111100011121222120111112122120222
11200111111111111113311111111100222222220111111101111111011111100000001111111100211222220001111111003011122222220011112222220222
11222011111111111111300000000022222222220011111100111111011111000000000000000002211222222200000000033011111111100001111111110222
11222200000000000000002222222222222222222000000003000000000000000000000000000222211222222223222333333011111111001100111111100222
11222222222222222222222222222222222222222222222333210000000000000000000000000222211222222223222333333000000000001110000000002222
11122222222222222222222222222222222222222222222233322100000000000000000000000222212222222322222232333321222111111111111221122222
11111122222222222222222222222222222222222222222223333221000000000000000000000222211222222322222222333221111111111111112211122222
11111112222222222222222222222222222222222222222222233332210000000000000000000122211222222222222222333211111111111111112222222222
