21111222222112222222222222110000000000000000000000000000000000000000000000111111101111111111111111111221122222212222111121111100
22221222222222222222222222221100000000000000000000000000000000000000000000111112101111111111111111111122221222211221111222111100
22222222222222222222222222221110000000000000000000000000000000000000000000011112111111111111111111110121122222211221111221111100
22222222222222222222222222221110000000000000000000000000000000000000000000001102111111011111111111110121122122211222211221111111
22200000000000000022222222222110000000000000000000000000000000000000000000000011111110000111111111100011000000001222200000000111
21203333333333333102220000000011111000000333333320000002333333300000000000000001111100000100000000110011033333301222023333330100
21103133133313313200200122221001111100000313313320000003331331300000000122221000111000000001222210011110231331310210223133130100
21203333333333333220013333333310222110000333333331000003333333300000013333333310000000000133333333101102233333330102223333330000
22201133333333311222233333333333122211110333333332000013333333300002233333333333100000022333333333331022233333331022213333330100
12222131333331311122233333333333302222110333333332000023333333300022233333333333300000222333333333333022133333332222113333330100
12222033333333321122223333333333320222220333333333011033333333300122223333333333320001222233333333333221133333333221113333330100
22221033333333321122223333333333331033330313333313121131333331300122223333333333331001222233333333333321131333313311113133130100
22222033333333321122222233333333333103330333333333102233333333301122222233333333333101222222333333333331133333333331113333330100
22222033333333321122222233333333333103330333333333203333333333301122222233333333333101222222333333333333133333333333113333330111
22222031333331321122222223333333333103330333333333203333333333301122222223333333333301222222233333333333133333333333313333330122
22222033333333231122222222333333333103330333333233311333323333301122222222333333333301222222223333333333133333333331323333330122
22222033333332231112222223333333333203330333333222211333223333301112222223333333333301122222233333333332133333332333333333320222
22222033333322231111122222223333333203330313312221222313222131301111122222223333333201111222222233333332133333322333333333220222
22222033333222231111122222222322322103330333322122222332212333201111122222222322322201111222222223223222131333121331333332120222
22222031332221231111111222222222222033330333222112222222112332201111111222222222222001111112222222222221133332221133333322220222
22222033322222233111111222222222222033330332222112222231112322200111111222222222222000111112222222222221133322221113333222220222
22200033222222233311111111222222221333330222222102222231012222200111111111222222221000111111112222222211133222221113332222220211
22202222222222222211111111112122210333330222222102232221012222200011111111112122210000011111111121222111122222221111322222220100
22202122122221221231111111111111102232230212212102122121012121203001111111111111100000001111111111111011122222221111132222220110
22202222222222222233111111111110022222220222222102222221012222203300111111111110000000000111111111100011121222120111112122120110
22200111111111111113311111111100222222220111111101111111011111103330001111111100210000000001111111000011122222220011112222220110
22222011111111111111300000000022222222220011111100111111011111003333300000000003211000000000000000000011111111100001111111110110
23222200000000000000001011011112221112222000000001000000200000033333333333333333222100000000000000000011111111001100111111100110
22222222222222222111111000000011111111111100000000000000012223333333333333333333322110000000000000000000000000001110000000001110
22222222222222221100000000000000000000000000000000000000000001122333333333333333333211100000000000000000000011111111111121121110
22222222222222221000000000000000000000000000000000000000000000001223333333333333333321100000000000000000000000111111100122222210
22222222222222220000000000000000000000000000000000000000000000000001233333333333333322211000000000000000000000001111110122222212
