00010000000000001000000000000000000000000100000000000000000000000000000000000000000000000000000000000001000000000000000000000000
00000000000000011003300010003333300000000000300000000000333330010000333333000000333330000000000033333000000033333000033333333330
00000000000000000033300000033333330000000003300000000003333333000003333333000003333333000000000333333300000333333300033333333330
00000000000000000333300000333000333000000003300000000033300033300003300000000033300033300000003330003330003330003330000000003300
00000000000000000003300000330000033000000033300000000033000003300003300000000033000003300000003300000330003300000330000000003300
00000000000000000003300000330000033000000033300000000033000003300003300000100033000003300000003300000330000000000330000000033000
00000000000000000003300000000000033001000333300000000000000003300033333330000000000103300000000000000330000000000330000000033000
00000010000000000003300000000000033000003303300000100000000003301033333330000000000003300000000000000330010000003300000000330000
00000000000000000003300000010000330000003303300000000000100033000033000033000100000033000000000000003300000000333301000000330000
00000000000000000003300000000000330000033003300000000000000033000000000003300000000033000000000000003300000000333300000003300000
00000000000000000003300000000003300000333003300000000000000330000000001003300000000330000100000000033000000000003330000003300000
00000000000000000003300000000033000003330003300000000000003300000000000003300000003300000000000000330000000000000330000033000000
00000000000000000003300000000330000003333333333000000000033000000000000003300000033000000000000003300000000000000330000033000000
00000000000000001003300000003300000003333333333001000000330001000030000033000000330000000000000033000000033000000330000330001000
00000000000000000003300000033000000000000003300000000003300000000333000333000003300000000000000330000000033300003330000330000000
00000000000000000003300000333333333000000003300003300033333333300033333330000033333333300330003333333330003333333300003300000000
00000000000000000003300003333333333000000003301003300333333333300003333300000333333333300330033333333330000033333000033300000000
00000000100000000000000000000000000000000000000000000000000000000000000000000000000000000000000000000000000000000000000000000000
00010000000000000000000000000000000000000000000000000000000000100000001000100000000000000000000000000000000000000000000000000000
00000000000000000000000000000000000000000100000000000000000000000000000000000000000000000000000000000000000000000000000000000000
00000000000000000000000000000000000000000000000000000100010000000000100000000000000000000000000000000000000000000000000000000000
00000000000000000000000000000000000000000000000000000000000000000000000000000000010000100000000000000000000100000000000000000000
00000000000000000010000000000000000000000000010000000000000000000000000000000100000000000000000000000000000000000000000000000000
00000000000000000000000000000000000000000000000000000000000000000100000000000000000000000000000000000000000000000000000000000000
00000000000000000000000000000000000000000000000000000001000000100000000000000000000000000000000000000000000000000000000000000000
00000000000033300300000330030003033330333000000000003000000000000000001000000000033303030333033000300000330003003000300000000010
00000000000030030300003003003030030000300300000000033000000000000000000000000000030003030030030303030000303030303000300000000000
00000000000030030300003003000300030000300300000000003000000000000010000000010000030000300030030303030000330030303000300000000000
00000000100033300300003333000300033300333000000000003000010000100000000000000000033000300030033003330000303033303000300000000000
00000000000030000300003003000300030000303000000000003000000000000000000000000000030003030030030303030000303030303000300000000000
00000000000030000333303003000300033330300300001000003000000000000000000000000000033303030030030303030000330030303330333000000000
00000000000000000000000000000000000000000000000000000000000000000000000100000000000000000000000000000000000000000000000000000000
