00000000000000000000000000000000000000000000000000000000000000000000000000001000000000000000000000000001110000000000000000000000
00333000030003000300000003000300030000000300030003000000000000000001000000000000000000000000000000000000100000000000000000000000
00333000330030303300000030003030303000003030300030300000000000000000100000000000000000000000000000000000000000000000000000000000
00033000030000300300000030300300030000000300303000300000000000000000000000000000000000000000010000000000000000000000000000000000
00033000030003000300000033303030003000000030333003000000000000000000000000000000000000000000100000000000000000000000000000000000
00033000030030000300000000303030303000003030003030000000000000000000000000000000000000000000000000000000000000000000000000000000
00033000030033300300030000300300030003000300003033300000000010000000000000000000000000000000000000000000000000000000000000000000
00033000000000000000000000000000000000000000000000000000000001000000000000000010000000000000000000000000000000000000000000000000
00000000000000000000000000000000000000000000000000000000000000000000000000000001000000000000000000000000000000000000010000000000
00000000000000000000000000000000000000000000000000000000000000000000000000000000000000000000000000000000000000000000100000000000
00000000000000000000000000000000000000000000000000000000000000000000000000000000000000000000000000000000000000000000000000000000
00000000000000001000000000000000000000000000000000000010000000000000000000000000000000000100000000000000000000000000000000000000
00000000000000010000000000000000000000010000000000000100010000100000000000000000000000000000000000000000000000000000000000000000
00000000000000000000000000000000000000100000000000000000000000000010010000010000000000000000000000000001000000000000000000000000
00000000000000000000000000000000000000000000000000000000000001000000001000100000000000000000000000000000100000000000000000000000
00000000000000000000000000000000000000000000000000000000000000000000000010000000000000000000000000000000000000000000000000000000
00000000000000000000000000000000000000000000000000000000000100000000000000000000000000000000000000000000000000000000000000000000
00000000000000000000000000000000000000000000000000000000000000000000000000000000000000000000100000000000000000000000000000000000
00000000000000000000000000000000000000000000000000000000000000000001000000000000100000000000000000000000000000000000000000000000
00000000000000000000000000000000010000000000001000000000010000010000000000000001000000000000000000000000000000000000000000000000
00000000000000000000000000000000001000000000010000000000000000000000010000000000000000000000000000000000000000000000000000000000
00000000000000000000000000000000000000000000000000000000000000000000000000000000000000000000000000000000000000000000000000000000
00000000000100000000000000000000000000000000000000000000000000000000000000000000000000000000000000000000000000000000000000000000
00000000000010000000000000000000000000000000000000000000000000000000000100000000000000010000000000000000000000000000000000000000
00000000000000000000000000000000000000000000000000000000000000000000001000000000000000000000000000000000000000000000000000000000
00000000000033300300000330030003033330333000000000003000000000101000000000000001033303030333033000300000330003003000300000000000
00000000000030030300003003003030030000300300000000033010000000000000000000000000030003030030030303030000303030303000300000000000
00000000000030030300003003000300030000300300001000003011000000000000000000010000030000300030030303030000330030303000300000000000
00000000000033300300003333000300033300333000000100003010000000000000000000100000033000300030033003330000303033303000300000000000
00000000000030000300003003000300030000303000000000003000000000000000000000000000030003030030030303030000303030303000300000000000
00000000000030000333303003000300033330300300000000003000000000000000000000000000033303030030030303030000330030303330333000000000
00000000000000000000000000000000000000000000000000000000000000000000000000000000000000000000000000000000000000000000000000000000
