10000022000000000000000000000000000000000000000000000000001000012331000111333333333323322222333223332333333223322233333332000000
10333023000033303330000003000300030000000300030003000000002100111121000111233322333333321122222332232333333222222233333333100000
10333033000000300030000030303030303000003030303030300000001100110011101111233211123312320111111222222333333322223223333333310000
10033033000003000300000003003030303000003030303030300000001101100011100111133111111210220001111112332223333333222333333333320000
13033033000003000300000030303030303000003030303030300000001100000010000111023211210010120001111111133222233333222233333333331000
12033033000030003000000030303030303000003030303030300000102221000010001011113321120000111001111111123322233333322222333333332000
13033033000030003000030003000300030003000300030003000000223332110012122100112332111000111001000011112332223333332222333333333000
13033033000000000000000000000000000000000000000000000000333333321123333210111233211110000000000100111232333333322332333333330000
13000032221111222222333333333310111101111111111333333333333333333333321111133333321111210000000011123322233333322223333333331000
13333332211110111122222233333310111100010111111333333333333333333333331011111233333323332100000011113321233333332223333333332000
13333332222211222222222223333310101101001111111333333333333333333333331001110233333333333320000000112331223333332222333333333000
12222222222222333333333333333211100100101011111333333333333212233212332000110233333333333331000000111332223333332222333333333100
11111111222222322122222222222111100111111111002333333333322111122222332000000233333332233332100000101332123333333222233333333100
01011112212222221011111111111111111111011111111233333333321112122222332000000233333311122333200000011232122333332222333333333100
11122222122222222111111111111111110000000000000111111222211111111111111001111133332211222220000000011233122333333223333333333200
12222222222222222111111111111111111011101111222122222333321111111111111111112233331111110000000000111133122333333222333333333200
12222222222222222222222222222221111111222222233222223333322222232222222222233333321111000000000000111133122333333222233333333200
12222222222212222322322232223332222222222223333323333333333333333333333333333333211111000000000000101133122333333222333333333100
12222222222222222222223333223333232222222333333333333333333333333333333333333333111110000000000000001133122333333222223333333100
12222222222222222222233323333333333332233333332233233332233323333333333333333221001000000000000000000132122333333222233333333100
12222222222222222222223322323222233333333333222332233333222212211333333333333210000000000000000000100232112333332222233333333000
12223322223232322332322222222223332333333333333333333333200000100233333333333321000000000000000000001231123333332222233333332000
13333322333222332222211111001011333333333333333333333333310000000123333333333332200000000000000000011231123333332222233333332000
13333333333333332000000000000000233333333333333333333333321000000013333333333333320000000000000000011321223333322222333333331000
13333333333300000000000000000000000000000000003333300033332100000102333333333333300000000000000000000000000000000000003333320000
13332233333000330300300330003300333000330033300333003033333200000001333333333333033000300300003000033303030333033000300333310000
13333333333000030300303003030030300303003030030333033033333310000000233333333333030303030300030300030003030030030303030333310000
13333333333000030300303000030030300303003030030333003033333321000000023333333333033003030300030300030000300030030303030333200000
12233333333000030300303033033330300303003033330333303033333332100000013333333333030303030300033300033000300030033303330332100000
13333333333030030300303003030030300303003030300333303033333333210000012333333333030303030300030300030003030030033003030331000000
13333333333003300033000330030030333000330030030333303033333333310000001233333333033300300333030300033303030030030303030320000000
13333333333300000000000000000000000000000000003333300033333333320000001233332222200000000000000000000000000000000000003200000000
