00000000000000000000000000000000000000000000000000000000000000000000000000000000000000000000000000000000000000000000000000000000
00000000000000000000000030000000333330000003300000000000333330000000333300000000333300000000000033330000000033330000000033330000
00000000000010000000000033000003333333000033300000000003333333000003333330000003333330000000000333333000000333333000000333333000
00000000000000000000000033300033300033300333300000000033300033300033000033000033000033000000003300003300003300003300003300003300
00000001000000000000000003300033000003300003300000000033000003300330000003300330000003301000033000000330033000100330033000000330
00000000000000000000000003300000000003300003300000000000000003300330000003300330000003300000033000000330033000000330033000000330
00000000000000000000000003300000000003300003300000000000000003300330000003300330000003300000033000000330033000000330033000000330
00000000000000000000000002200000000033001003300000000000000033000330000003300330000003300000033000000330033000000330033000000330
00000000000000010000000000000000003333000003300000001000003333010330000003300330000003300000033000100330033000000330033000000330
00000000000000000000000000000000103333000003301000000000103333000330000003300330000003300000033000000330033000000330033000000330
00000000000000000000000000000000000033300003300000000000000033300330100003300330000003300000033000000330033000000330033000000330
00000000000000000000000000000000000003300003300000000000000003300330000003300330000003300000033000000330033000000330033000000330
00000000000000000000000000000000000003300103300000010000010003300330000003300330000003300000033000000330033000000330033000000330
00000000000000000000000100000330000003300003300000000330000003300330000003300330000003300000033000000330033000000330033000000330
00000000000000000000000000000333000033300003300000000333000033300033000033000033000033000000003300003300003300003300003300003300
00000000000000000000000000000033333333000003300003300033333333000003333330000003333330000330000333333000000333333000000333333000
00000000000000001000000000000000333330000003300003300000333330000000333300000000333300000330000033330000000033330000000033330000
00000000000010000000000000000000000000010000000000000000000000000100000000000000000000000000000000000000000000000000000000000000
00000000000000000000000000000000000000000000000000000000000001000000000000000000000000000000000000000000000000000000000000000000
00000000000000000000000000000000000000000000000000000010000000000010000000000000000000000000000000000000000000000000000000000000
00000000000000000000000010000000000000000000000000000000000000000000000000000000000000000000000000000000000000000000000000000000
00001000000000000000000000000000000000000000000010000000000000001000000000000000000000000000000000000000000000000000000000000000
00000000000000000000000000000000000000000001000000000000100001000000000000000000000000000000000000000000000000000000000000000000
00000000000000000000000000000000001000000000000000001000000000000000010000000000000000000100000000000000000000000000100000000000
00000000000000000000000000000000000000000000000000000000000000000100000000000000001000000000000000000000000000000000000000000000
00000000000000330300300330003300333000330033300000003000000000100000000000000000000333000330030000033000000330000000000000000000
00000000000000030300303003030030300303003030030000033000001000000000000000000000000300303003030000300300003003000000000000000000
00000000000000030300303000030030300303003030030010003000000000000000000000000000000333003003030000300300000003000000000000000000
00000000100000030300303033033330300303003033330000003000000000000000001000000100000300303003030000333300000330000000000000000000
00000000000030030300303003030030300303003030300000003001000000000001000000000000000300303003030000300300003000000010000000000100
00000000000003300033000330030030333000330030030000003000000000000000000000000000000333000330033330300300003333000000000000000000
00000000000000000000000000000000000000000000000000000000000000000000000000000000000000000000000000000000000000000000000000000000
