00000000000000000000000000000000000000000000000000000000000000000000000000000000000000000000000000000000000000000000000000000000
00000000000000000000000000000000000000000000000000000000000000011111100000000000000000000000000000000000000000000000000000000000
00000000000000000000000000000000000000000000000000000000000010111111101000000000000000000000000000000000000000000000000000000000
00000000000000000000000000000000000000000000000000000000000111111111111100000000000000000000000000000000000000000000000000000000
00000000000000000000000000000000000000000000000000000000101111111111111111100000000000000000000000000000000000000000000000000000
00000000000000000000000000000000000000000000000000000001111111111111111111110000000000000000000000000000000000000000000000000000
00000000000000000000000000000000000000000000000000000001111111111111111111110000000000000000000000000000000000000000000000000000
00000000000000000000000000000000000000000000000000000001111111111111111111111100000000000000000000000000000000000000000000000000
00000000000000000000000000000000010010000000000000000011111111111110000001111000000000000000000000000000000000000000000000000000
00000000000000000000000000000000111111100000000000000111111111100000000000121320000000000000000000000000000000000000000000000000
00000000000000000000000000000000233333200000000000001333333333322222222221100020000000000000000000000000000000000000000000000000
00000000000000000000000000000001332223310000000000003333333333333333333333322221000000000000000000000000000000000000000000000000
00000000000000000000000000000001222112320000000000123333333333333333333333333332000000000000000000000000000000000000000000000000
00000000000000000000000000000000221112310000000012233333333333333333333333333333000000000000000000000000000000000000000000000000
00000000000000000000000000000000111122210011122100133333333333333333333333333333000000000000000000000000000000000000000000000000
00000000000000000000000000000000000112211210122012232333322333333333333333333333000000000000000000000000000000000000000000000000
00000000000000000000000000000000000122101211122221332333222322333333333332333333000000000000000000000000000000000000000000000000
00000000000000000000000000122221110112112221222211222332233322233333333332233333000000000000000000000000000000000000000000000000
00000000000000000000000012223332111122111111110110322222333333233333333333313332000000000000000000000000000000000000000000000000
00000000000000000000000122123322111111000001000010222322333333323333223333322332000000000000000000000000000000000000000000000000
00000000000000000000000221122221010000000000000000222222333333323333233333322331000000000000000000000000000000000000000000000000
00000000000000000000000120012211010000000001001211122222333333323333233333322330000000000000000000000000000000000000000000000000
00000000000000000000000110001110011000111122112221122222333333323333233333322310000000000000000000000000000000000000000000000000
00000000000000000000000110000000011111211211122222212222233333323323333333323300000000000000000000000000000000000000000000000000
00000000000000000000000000100010000111111111111010111222223333332223323333223200000000000000000000000000000000000000000000000000
00000000000000000000000000011111000000000000000000000222232233332222323332233000000000000000000000000000000000000000000000000000
00000000000000000000000000000000000000000000000000000012222332222222233322332000000000000000000000000000000000000000000000000000
00000000000000000000000000000000000000000000000000000001222222222222233333330000000000000000000000000000000000000000000000000000
00000000000000000000000000000000000000000000000000000000122212222222223333210000000000000000000000000000000000000000000000000000
00000000000000000000000000000000000000000000000000000000012212222222222221000000000000000000000000000000000000000000000000000000
00000000000000000000000000000000000000000000000000000000001122222222222210000000000000000000000000000000000000000000000000000000
00000000000000000000000000000000000000000000000000000000000001122211110000000000000000000000000000000000000000000000000000000000
