00000000000000000000000000000000000000000000000000000000000100000000000000010000000000000000000000000000000000000000000000000000
00000000000000000000000000000000000000000001000000000000000000000000111110000000111110000000000011111000010011111000000011111000
00000000000100000000010000000000000000000000000000000000000000000001111111000001111111000000000111111100000111111100000111111100
00000000000000000000000000000000000001000000000000000100000000000011100011100011100011100000001110001110001110001110001110001110
00000100000000000000000000000000000000000000000000000000000000000011000001100011000001101000001100000110001100000110001100000110
00000000000000000000000000000000000000000000000100000000001000000011000001100011000001100000001100000110001100000110001100000110
00000000000000000000000000000000000000000000000000000000000000000000000001100000000001100000000000000110000000000110000000000110
00000000000000000000000000000000000000001000000000000000000000000000000001100000100001100000000000000110000000000110000010000110
00000000000001000000000000000000000000000000000000000000000000000000000011000000000011000000000000001100000010001100000000001100
00000000000000000000000000000001000000000000001000000000100000000000000011000000000011000000000000001100000000001100000000001100
00000100000000000000000000000000000000000000000000000000000010000000000110000000000110000000000000011000000000011000000000011000
00000000000000000000000000000000000000000000000000000000000000000000001100000000001100000000000000110000000000110000000000110000
00000000000000000000000000000000000000001000000000000000010000000000011001000000011000000000000001100000000001100000000001100000
00000000000000000000010000000000000000000000000000000000000001000100110000000000110000000000000011000000000011000000100011000000
00000000000000000000000000000000000000000000000000000000000000000001100000000001100000000000000110000000000110000000000110000000
00000000000000000000000000000001000000000000000000000000000100000011111111100011111111100110001111111110001111111110001111111110
00000000000000010000000000000000000000000000000000000000000000000111111111100111111111100110011111111110011111111110011111111110
00000000001000000000000000000000000000100000000000000000000000000000000000000000000000000000000000000000000000000000000000000000
00000000000000000000000000000000000000000001000000000000000000100000010000000000000000000000000000000000000000000000000000100000
00000000000000000000000000000000000000000000000000000010001000000001000000000000000000000000000000000000000000000000000000000000
00000000000000000000000100000000000000000000000000000000000000000000000000000010000100000000000000000100000000000000000000000000
00100000000000000000000000000000000000000000000100000000000000001000000000010000000000000000000000000000000000000000000000000000
00000000000000000000000000000000000000000000000000000000000000000000000000000000000000000000000000000000000000000000000000000000
00000000000000000000000000000000010000000000000000001000000000000000010000000000000000000010000000000000000000000000000000000000
00000000000000000000000000000000000000000000000000000000000000000000000000000000000000000000000000000000000000000000000000000000
00000000000000330300300330003300333000330033300000003000000000000100000001000000000333000330030000033000000030000000000000000000
00000000000000030300303003030030300303003030030000033000001000100000000000000000000300303003030000300300000330000000000000000000
00000000000000030300303000030030300303003030030010003000000000000000000000000000000333003003030000300300000030000000000000000000
00000010000000030300303033033330300303003033330000003000000000000000001000000000000300303003030000333300000030000000000000000000
00000111000030030300303003030030300303003030300000003000000000000000000000000010000300303003030000300300000030000000000000000000
10000010000003300033000330030030333000330030030000003001000010000001000000000000000333000330033330300300000030000000100000000001
00000000000000000000000000000000000000000000000000000000000000000000000000000000000000000000000000000000000000000000000000000000
