00000000000000000000000000000000000000000000000000000000000000000000000000000000000000000000000000000000000000000000000000000000
00000000000000000003300000003333300000033333300000000000333330000000333300000000333300000000000033330000000033330000000033330000
00000000000000000033300000033333330000333333330000000003333333000003333330000003333330000000000333333000000333333000000333333000
00000000000000000333300000333000333000330000330000000033300033300033000033000033000033000000003300003300003300003300003300003300
00000000000000000003300000330000033003300000033000000033000003300330000003300330000003300000033000000330033000000330033000000330
00000000000000000002200000000000033003300000033000000033000003300330000003300330000003300000033000000330033000000330033000000330
00000000000000000000000000000000033003330000333000000000000003300330000003300330000003300000033000000330033000000330033000000330
00000000000000003330000000000000330000333333330030033300333003300330333003300330333003300033033000000330033000030330033000000330
00000000000000003111000000000033330110033333300111031110311033000330311103300330311103303331033013000330033000030330033000000330
00000000000000033111000000000033330000333333330011031110310033000330311103300330311103303111033011100330033000030330033000000330
00000000000003331111000000000000333003333003333011031110300330000330311103300330311103303111033011100330033000030330033000000330
00000000000033111111000000000000033003330000333011031110003300000330311103300330311103301111033011110330033000030330033000000330
00000000000031111111000000000000033003300000033011031110033000000330311103300330311103301110033001110330033010030330033000000330
00000000000001113111000003300000033003300030033011031100330000000330011003300330011003301100033003100330033000000330033000000330
00000000000000003111000003330000333003330000333000001003300000000033000033000033000033000000003300003300003300003300003300003300
00000000000000003111000000333333330000333333330003300033333333300003333330000003333330010330000333333001100333333000000333333000
00000000000000003111000000003333300110033333300103300333333333300000333300000000333300310330000033330031110033330010000033330000
00000000000000003111000000000000003111000000003100000000000000000000000000000000000000310000000000000031110000000110000000000000
00000000000000003111000000000000003111031111103111031110311100000000311100000000311100011110000331111031110001111110000000000000
00000000000000003111000000000000003111001111103111031110311133333300311133333300311100001111333311110031110003111110000000000000
00000000000000003111000000000000003111003111003111031110311111111110311111111110311100003111111111100031110000111110000000000000
00000000000000003111000000000000003111003111003111031110311111111110311111111110311100000111111111100031110000011110000000000000
00000000000000000111000000000000000111000111000111001110011111111110011111111110011100000001111110000001110000001110000000000000
00000000000000000000000000000000000000000000000000000000000000000000000000000000000000000000000000000000000000000000000000000000
00000000000000000000000000000000000000000000000000000000000000000000000000000000000000000000000000000000000000000000000000000000
00000000000033300300000330030003033330333000000000003000000000000000000000000000033303030333033000300000330003003000300000000000
00000000000030030300003003003030030000300300000000033000000000000000000000000000030003030030030303030000303030303000300000000000
00000000000030030300003003000300030000300300000000003000000000000000000000000000030000300030030303030000330030303000300000000000
00000000000033300300003333000300033300333000000000003000000000000000000000000000033000300030033003330000303033303000300000000000
00000000000030000300003003000300030000303000000000003000000000000000000000000000030003030030030303030000303030303000300000000000
00000000000030000333303003000300033330300300000000003000000000000000000000000000033303030030030303030000330030303330333000000000
00000000000000000000000000000000000000000000000000000000000000000000000000000000000000000000000000000000000000000000000000000000
