00000000000000000000000000000000000010000000000000000000000000000000000000010000000000000000000000000100000000000000000000000000
00000000000000000000000000000000000000000000000000000000000000000000000000000000000000000000000000001110000000000000000000000000
00000000000000000001000000000000000000000000000000000000000000100000000000000000000000000000000000000100000000000000000000000000
00000000000000000011100000000000000000000000000000001000000000000000000000000000000000000000000000000000000000000000000000000000
00000000000000000001000000000000000000000000000000000000000000000000000000000000000000000000000000000000000000000000000000000000
00000000000000000000000000000000000000000000001000000000100000000000000010000000000000000000000000000000000000000000000000000000
00000000000000000000000000000000000000000000000000000000000000000001000000000000000000000000000000000000000000000000000000000000
00000000000000000000000000000000000000000000000000100000000000000000000000000000100000000000000000000000000000000000000000000000
00000000000000000000000000000000000000000000000000000000000000000000000000100000000000000000000000000000000000000000000000000000
00000000000000000000000000000000000000000000100000000001000000000000000000000000000000000000000000000000000000000000000000000000
00010000000000000000000000000000000000000000000000000000000000000000100000000000000000000000000000000000000000000000000000000000
00111000000000000000000000000000000000000000000000000000000000000000000000000000000000100000000010000000000000000000000000000000
00010000000000000000000000000000010000100000000000000000100000000000000010000000000000000000000100000000000000000000000000000000
00000000000000000000000000000000110000000000000001000000000010001010000000000000100000000000000000000000000000000000100000000000
00000000000000000000000000000000010000000000000000000000000000000000000000000000000000000000000000000000000000000001110000000000
00000000000000000000000000000000000000000000000000000000000000000000010000000000000000000000010000000000000000000000100000000000
00000000000000000000000000000000000000000000000100001000001000000000000000000000000000000000000000000000000000000000000000000000
00000000000000000000000000000000000010000000000000000000000000000000000000000000000000000000000000000000000000000000000000000000
00000000000000000000000000000000000000000100000000000000000000001000100010000000000000000000000000000000000000000000000000000000
00000000000000000000000000000000000000000000000000000000100000000010000000000000000000000000000000000100000000000000000000000000
00000000000000000000000000000000000000000000000000000000000000000000000000000000000100000000000000000000000000000000000000000000
00000000000000000000000000010000000000000000000000000000000000000000000000010010000000000000000000000000000000000000000000000000
00000000000000000000000000111000000000000000001000000000000000010000000000000000000000000000000000000000000000000000000000000000
00000000000000000000000000010000000000001000000000000010000001000000000000000000000000000000000000000000000000000000000000000000
00000000000000000000000000000000000000000000000000000000000000000000100000000000000000000000000000000000000000000000000000000000
00000000000000000000000000000000000000000000000000000000000000000000000000000000000100000000000000000000000000000000000000000000
00000000000000000000000000000000000000000000000000000000000000000000000001000000000000000000001000000000000000000000000000000000
00000000000010000000000000000000000000000000000000000000100001000000000000000000000000000000011100000000000000000000000000000000
00000000000111000000000000000000000000000000001000000000000000000000000000000000000000000000001000000000000000000000000000000000
00000000000010000000000000000000000000000000000000000000000000000000010000000000000000000000000000000000000000000000000000000000
00000000000000000000000000000000000000000000000000000000000000000000000000000010000000000000000000000000000000000000000000000000
00000000000000000000000000000000000000000010000000000100000100000000000000000111000000000000000000000000000000000000000000000000
