00000000000000000000000000000000000000000000000000000000000000000000000000000000000000000000000000000000000000000000000000000000
00000000000000000000000330000000333330000003300000000000333330000000333330000000333330000000000033333000000033333000000033330000
00000000000000000000003330000003333333000033300000000003333333000003333333000003333333000000000333333300000333333300000333333000
00000000000000000000033330000033300033300333300000000033300033300033300033300033300033300000003330003330003330003330003300003300
00000000000000000000000330000033000003300003300000000033000003300033000003300033000003300000003300000330003300000330033000000330
00000001000000000000000330000033000003300003300000000033000003300033000003300033000003300000003300000330000000000330033000000330
00000011100000000000000330000000010003300003300000000000000003300000000003300000000003300000000000000330000000000330033000000330
00000001000000000000000330000000001003300003300000000100000003300000000003300000000003300000000000000330000000003300033000000330
00000000000000000000000330000000000033000003300000000000000033000000000033000000000033000000000000003300000000333300033000000330
00000000000000000000000330000000000033000003300000000000000033000000000033001000000033000000000000003300000100333300033000000330
00000000000000000000000330000000000330000003300000000000000330000000000330000000000330000000000000033000000000003330033000000330
00000000000000000000000330000000003300000003300000000001003300000000003300000000003300000000000000330000000000000330033000000330
00000000000000000000000330000000033000000003300000000000033000000000033000000000033000000000000003300000000000000330033000000330
00000000000000000000000330000000330000000003300000000000330000100100330000000000330000000000000033000000033000000330033000000330
00000000000000000000000330000003300000000003300000000003300000000003300000000003300000000000000330000000033300003330003300003300
00000000000000000000000330000033333333300003300003300033333333300033333333300033333333300330003333333330003333333300000333333000
00000000000000000000000330000333333333300003300003300333333333300333333333300333333333300330033333333330000033333000000033330000
00000000000000000000000000000000000000000000000000000000000000000000000000000000000000000000000000000000000000000000001000000000
00000001000000000000000000000000000000010000000001000000010000100000000000000000000000000000000000000000000000000000000100000000
00000000000000000000000000000000000000100000000010000000000000000001000000000000000000000000000000000000000000000000000000000000
00000000000000000000000000000000000000000000000000000000000000000000000000000000000000000000000000000000000000000000000000000000
00000000000000000000100000000000000000000000000000000000000000000000010000000000001000000000000000000000000000000000000000000000
00000000000000000000000000000100000000000000000000000000000000000000000000001000000100000000000000000000000000000000000000000000
00000000000000000000000000000000000000000000000000000000000000010000000000000000000000000000000000000000000000000000000000000000
00000000000000000000000000000000000000000000000000000000100000000000000000000000000000000000000000000000000000000000000000000000
00000000000033300300000330030003033330333000000010003001000000000000000010000000003330003300300003000010000030000000000000000000
00000000000030030300003003003030030000300300000000033000000000000000000000000000003003030030300003000111000330000000000000000000
00000000000030030300003003000300030000300300000000003000000000000000000000000000003330030030300003000010000030000000000000000000
00000000000033300300003333000300033300333000000000003000000000000000100000000000003003033330300003000000000030000000000000000000
00000000000030000300003003000300030000303000000000003000000000000001000000000000003003030030300003000000000030000000000000000000
00000000000030000333303003000300033330300300000000003000000000000000000000000000003330030030333303333000000030000000000000000000
00000000000000000000000000000000000000000000000000000000000000100000000000000000000000000000000000000000000000000001000000000000
