00000000000000000000000000000000000000000000000000000000000000000000000000000000000000000000000000000000000000000000000000000000
00000000000000000000000000000000000000000000000000000000000000000000000000000000000000000000000000000000000000000000000000000000
00000000000000000033333300033000033003300003303333333303300003300003330000003333000033000033333000033000033000000000000000000000
00000000000000000031111110031100031103110003113111111113110003110003111000033111100031100331111100031100031100000000000000000000
00000000000000000031111111031100031103111003110111111113110003110033111000331111110031103311111110031110031100000000000000000000
00000000000000000031100311031100031103111103110003110003110003110031131100311100111031103111000111031111031100000000000000000000
00000000000000000031133311031100031103111103110003110003110003110031131100311000010031103110000311031111031100000000000000000000
00000000000000000031111111031100031103113113110003110003110003110331101100311000000031103110000311031131131100000000000000000000
00000000000000000031111110031100031103110113110003110003110003110311333110311000300031103110000311031101131100000000000000000000
00000000000000000031100000031100331103110311110003110003110033110311111110311003310031103110003311031103111100000000000000000000
00000000000000000031100000001113311103110011110003110000111331113311111110011133111031100111333111031100111100000000000000000000
00333133313333133333333331133333331033333333331000333100000000000333333333310333333333311033333333331100333333333310333333333310
00011133311011133331113331100333111033311113331000333100000000000333111133310333311133311003331113331100333111333310333111133310
00011133311011133311111331100333111033311003331000333100000000000333111133310333111113311003331111331100331111133310333110033310
00000033311000033311000331100333100033310003331000333100000000000333100033310333110003311003331000331100331100033310333110033310
00000033311000033311000331100333100001110003331000333100000000000333100033310333110003311003331000331100331100033310333300001110
00000033311000033311000331100333100003333333331000333100000000000333100033310333110003311003331000331100331100033310333333333110
00000033311000033311000331100333100033333333331000333100000000000333100033310333110003311003331000331100331100033310033333333300
00000033311000033311000331100333100033333333331000333100000000000333100033310333110003311003331000331100331100033310001333333310
00000033311000033311000331100333100033311113331000333100000000000333100033310333110003311003331000331100331100033310001111133310
00000033311000033311000331100333100033310003331000333100000000000333100033310333110003311003331000331100331100033310333000033310
00003333333000033311000331100333100033310003331000333100000000000333100033310333110003311003331000331100331100033310333100033310
00003333333110033331003331100333100033310003331000333100000000000333100033310333310033311003331000331100333100333310333300033310
00003333333110033333333331100333330033333333333003333300000000000333333333310333333333311033333033333300333333333310333333333310
00003333333110033333333331100333331133333333333103333310000000000333333333110333333333311033333133333310333333333310333333333310
00003333333110003333333331100333331133333333333103333310000000000333333333110033333333311033333133333310333333333110333333333310
00003333333110003333333331100333331133333333333103333310000000000333333333110033333333311033333133333310333333333110333333333110
00003333333110000333333311000033331103333333333103333310000000000333333331100003333333110033333133333310033333331110333333333110
00003333333110000033333111000001331100133311333103333310000000000333113311100000333331110033333133333310003333311100333111111100
00000011111110000001111110000000111100011110111100111110000000000011101111000000011111100001111100111110000111111000001101111000
00000000000000000000000000000000000000000000000000000000000000000000000000000000000000000000000000000000000000000000000000000000
00000000000000000000000000000000000000000000000000000000000000000000000000000000000000000000000000000000000000000000000000000000
