22222222222222222222211222222222222222222222222222222222222222222222222222222222222222222222222222222222322222222222222222222222
22222222222222222222222222222222222222222222222222222222222222222222222222222222222222222222222222222222332222222222222222222222
22222222222222222222222222222222222222222222222222222222222222222222222222222222222222222222222222222211222222222222222222222221
22222221112222222222222222222222222222222222222222222222222222222222222222222222222222222222222222222211222222222222222222222222
22200000000000000022222222222222222222220000000000222220000000002222222222222222222222222222222222222222000000002222200000000222
22201111111111111102220000000022222222220111111100222200111111102222220000000022222222222200000000222222011111102222001111110221
12201111111111111000200100001002222222220111111100222201111111102222200100001002222222222001000010022220011111110220001111110221
22201111111111111000011111111110222222220111111111022201111111102220011111111110222222200111111111102200011111110200001111110221
22201111111111111000011111111111112222220111111110022211111111102200011111111111122222000111111111111000011111111000011111110220
22222111111111111100011111111111102222220111111110022001111111103000011111111111102220000111111111111000111111110000111111110220
22222011111111101100001111111111100222220111111111022011111111102100001111111111100201000011111111111001111111111001111111110222
22222011111111101100001111111111111022220111111111122111111111100100001111111111111001000011111111111101111111111111111111110222
22222011111111101100000011111111111102220111111111102011111111101100000011111111111101000000111111111111111111111111111111110222
22222011111111101100000011111111111102220111111111002111111111101100000011111111111101000000111111111111111111111111111111110222
22222011111111101100000001111111111102220111111111002111111111101100000001111111111101000000011111111111111111111111111111110222
22222011111111011100000000111111111102220111111011111111101111101100000000111111111101000000001111111111111111111111101111110222
22222011111110011110000001111111111002220111111000011111001111101110000001111111111101100000011111111110111111110111111111100222
22222011111100011111100000001111111002220111110001000111000111101111100000001111111001111000000011111110111111100111111111000222
22222011111000011111100000000100100102220111100100000110010111001111100000000100100001111000000001001000111111101111111110100222
22222011110001011111111000000000000022220111000110000000110110001111111000000000000001111110000000000001111110001111111100000222
22222011100000011111111000000000000022220110000110000011110100000111111000000000000000111110000000000001111100001111111000000222
22200011000000011111111111000000001111220000000100000011010000000111111111000000001000111111110000000011111000001111110000000222
22200000000000000011111111110100010111220000000100010001010000000011111111110100010200011111111101000111100000001111100000000222
22200100100001001011111111111111101111120010010100100101010101002001111111111111102220001111111111111011100000001111110000000222
22200000000000000011111111111110011111220000000100000001010000002200111111111110022222000111111111100011101000100111110100100222
22200111111111111111111111111100221112220111111101111111011111102220001111111100222222220001111111002011100000000011110000000222
22222011111111111111100000000022222211210011111100111111011111002222200000000002222222222200000000022011111111100001111111110222
21122200000000000000002112222222222221212000000002000000200000022222202222222222222222222222222212222011111111002200111111100222
11222222222221222222211111222222222111111222222222222222222222222222212222222222222222222222222212222000000000002210000000002222
12222222223221222222211110112222222111111122222222222222222222222222222222222222222222222222222211233221112322222111222222222222
12222222223322222222221000112222222211111112222222222222122222222222222222222222222222222222222211233321101222221001222222221222
11222222112222222222221000111112222222111112122222222211111111222222222222222222222222212222222210023322101222221001222222221222
