00000000000000000000000000000000000000000000000000000000000000000000000000000000000000000000000000000000000000000000000000000000
00000000000000000000000000000000000000000000000000000000000000000000333330010000333300000000000033330000000033330000000033333000
00000000000000000000000000000000000000000000000000000000000000001003333333002003333330000000000333333000000333333000000333333300
00000000000000000000000000000000000000000000000000000000000000133033300033300033000033000000003300003300003300003300003330003330
00000000000000000000000000000000000000000000000000000000000002333033003003300330000003300000033000000330033000000330003300000330
00000000000000000000000000000000000000000000000000000000000023333033033303300330320003300000033000000330033000000330003300000330
00000000000000000000000000000000000010000000000000000000000233333000033303300330333003300000033000000330033000000330000000000330
00000000000000000000000000000000001333200000000000000000001333333333333003300330333203300000033000000330033000000330000000000330
00000000000000000000000000000000013333320000000000000000003333333333212033000330333303300000033000000330033000000330000000003300
00000000000000000000000000000000023333332000000000000000023333333333100033000330122303300000033000000330033000000330000000003300
00000000000000000000000000000000033222233000000000000000033333333333200330010330010003300000033000000330033000000330000000033000
00000000000000000000000000000000022211233000000000000000233333333333003300330330221103300000033000000330033000000330000000330000
00000000000000000000000000000000022111233000000000001112333333333330033003330330333303300000033000000330033000000330000003300000
00000000000000000000000000000000011111232000000111112223333333333300330033330330033003300000033000000330033000000330000033000000
00000000000000000000000000000000000111210011111133101023333333333003300000000033000033000000003300003300003300003300000330000000
00000000000000000000000000000000000011221112100132112123333333330033333333303003333330000330000333333000000333333000003333333330
00000000000000000000000000122222111111121013111122222133333333320333333333303300333300200330000033330000000033330000033333333330
00000000000000000000000001222333211111121122221122221133233332220000000000003330000003300000000000000000000000000000000000000000
00000000000000000000000012213333211121111111111110110133233322333332333333333233223333200000000000000000000000000000000000000000
00000000000000000000000122112222211111100000010000110132223223333332233333323333322333200000000000000000000000000000000000000000
00000000000000000000000021112222100100000000000000000132233223333333223322223333331333100000000000000000000000000000000000000000
00000000000000000000000021001111100100000000011111211122223223333333223322233333331233000000000000000000000000000000000000000000
00000000000000000000000011000111000111011111121112221222222223333333323333233333331232000000000000000000000000000000000000000000
00000000000000000000000001100001100111111112122222222222222223333333323333223333321331000000000000000000000000000000000000000000
00000000000000000000000000000000000000000011111111100012222222333333223233223333300000000000000000000000000000000000000000000000
00000000000033300300000330030003033330333000000000003000222222233333233233323333303330003300300003000000000030000000000000000000
00000000000030030300003003003030030000300300000000033000022222223332333333323333203003030030300003000000000330000000000000000000
00000000000030030300003003000300030000300300000000003000002223333333233332322332203330030030300003000000000030000000000000000000
00000000000033300300003333000300033300333000000000003000000222233332333332333322303003033330300003000000000030000000000000000000
00000000000030000300003003000300030000303000000000003000000023223223232222233333303003030030300003000000000030000000000000000000
00000000000030000333303003000300033330300300000000003000000001222223322222223333203330030030333303333000000030000000000000000000
00000000000000000000000000000000000000000000000000000000000000122222322222222221000000000000000000000000000000000000000000000000
